200
 55 0 54 0 0 16 69 0 0 13 0 0 8 0 0 0 0 0 30 74 34 0 0 0 20 35 34 0 0 4 69 67 0 59 16 20 0 0 60 0 8 42 0 0 0 0 0 31 47 0 41 0 0 17 4 10 0 0 6 56 26 7 57 9 0 85 75 28 2 17 11 0 0 23 8 0 0 0 52 0 24 0 15 2 48 44 14 0 0 0 67 0 41 0 0 0 0 0 60 8 0 75 0 0 0 0 84 70 11 34 26 16 8 0 84 33 0 18 6 42 16 34 0 30 0 0 0 0 0 0 0 0 0 41 0 0 59 0 0 0 10 1 20 0 0 0 31 88 0 0 45 22 45 40 0 0 10 0 0 0 7 61 0 84 0 4 0 0 8 9 33 0 52 27 0 0 0 12 0 69 0 60 0 22 55 21 17 7 16 90 0 0 0 0 0 27 0 0 0 17
 77 22 0 0 55 0 0 0 0 0 4 62 50 0 1 0 0 0 0 0 46 0 96 25 0 60 7 0 22 0 0 0 0 3 11 0 53 57 35 0 54 0 6 0 0 0 0 0 10 5 0 0 0 22 0 14 4 32 8 8 0 0 0 48 10 0 0 21 49 2 0 28 0 0 11 77 0 12 82 0 0 74 0 8 0 0 0 48 8 72 66 70 33 37 0 4 0 0 18 80 59 60 0 2 0 0 88 25 60 0 0 0 0 38 42 65 19 13 67 0 0 0 0 17 0 4 0 78 0 23 44 33 0 0 54 11 0 0 21 0 24 0 0 26 0 0 73 25 16 26 0 0 0 77 0 42 40 35 0 1 0 27 0 11 5 0 1 48 43 0 53 8 36 62 7 0 17 0 0 11 27 16 97 0 83 0 0 37 0 69 47 0 0 0 19 30 0 0 0 12
 0 2 3 0 56 65 0 21 68 39 0 0 17 34 49 26 3 0 0 55 0 0 36 35 0 23 0 47 23 0 0 19 0 0 11 53 0 0 0 76 0 16 47 0 0 0 81 70 39 19 0 0 57 10 0 35 61 86 15 63 0 84 24 40 0 38 17 0 0 72 0 42 44 0 0 0 24 0 28 0 13 0 38 43 69 0 58 0 0 0 18 0 0 0 0 25 0 16 0 65 0 0 0 0 0 20 35 65 0 61 33 13 39 18 0 0 37 16 0 5 29 21 0 27 44 0 0 0 14 73 11 0 20 82 38 0 23 0 2 0 39 42 73 35 56 60 0 0 38 13 0 12 0 0 0 0 31 0 0 0 73 14 5 3 0 0 45 0 53 37 0 0 0 4 55 55 0 0 54 38 0 0 0 0 5 0 0 0 0 0 0 0 0 0 0 0 55 0 2 0
 25 32 62 44 0 55 0 0 0 0 10 72 0 39 35 0 55 10 0 0 0 29 0 0 28 0 0 42 22 0 25 0 2 56 1 0 33 0 0 0 33 85 21 1 15 71 0 0 0 0 17 22 2 38 55 22 0 40 40 0 24 32 0 0 0 11 12 0 73 0 0 0 70 0 59 73 0 0 0 10 0 0 0 7 16 0 92 0 0 17 32 0 19 0 9 89 11 87 0 0 0 58 0 0 0 0 0 12 25 0 85 3 0 0 24 0 0 15 0 2 53 0 25 0 0 0 75 0 9 32 19 0 0 0 0 55 14 21 0 26 0 77 0 0 0 25 61 63 0 0 43 1 0 0 4 0 0 44 0 0 61 0 0 25 0 0 17 0 0 18 91 34 6 29 5 5 4 0 0 0 0 84 17 13 85 42 31 0 14 0 49 9 0 0 0 65 4 50 29 0
 78 0 0 2 35 0 84 0 20 19 45 35 0 6 11 19 0 0 33 78 30 19 34 0 83 0 27 0 0 38 0 0 0 42 8 35 0 33 0 29 32 0 33 0 4 19 88 0 0 12 0 0 40 57 0 0 20 0 25 0 0 24 46 0 11 0 8 0 76 35 0 0 25 0 0 0 0 0 42 60 17 0 81 0 22 49 8 0 79 0 0 0 13 0 0 0 0 0 0 0 30 0 60 0 0 9 0 0 69 0 0 0 0 0 0 46 15 76 34 15 3 0 39 51 0 3 0 54 0 0 0 17 92 14 0 22 0 21 12 30 0 0 15 72 6 43 26 29 0 10 0 0 43 53 0 0 0 0 18 0 60 54 0 17 0 3 0 9 0 0 0 0 18 22 0 59 25 0 0 68 0 0 0 0 2 32 46 0 0 6 63 8 0 3 42 0 57 0 7 0
 0 33 0 0 16 43 0 0 89 55 5 54 33 0 44 0 0 0 35 0 0 0 3 0 0 4 21 0 0 0 48 17 0 0 0 74 69 0 0 2 78 5 0 0 0 0 6 31 0 13 0 0 7 0 0 16 0 2 43 80 0 65 0 0 0 0 5 0 94 42 0 0 71 0 38 0 0 18 0 3 0 0 0 48 7 0 0 0 51 0 0 37 0 0 0 0 78 3 53 55 16 0 0 0 0 0 0 11 16 0 0 49 35 0 0 23 48 38 30 0 0 0 15 0 44 65 7 0 0 31 0 80 7 0 0 24 0 0 69 0 0 10 0 62 0 0 13 0 52 1 0 19 37 0 25 48 0 34 23 42 47 85 59 0 23 8 0 55 13 0 0 9 0 0 0 6 3 0 4 10 0 18 0 0 17 57 42 0 43 0 0 0 22 0 5 19 0 0 0 0
 0 12 48 33 0 11 27 61 14 20 0 0 0 53 36 0 0 0 0 62 28 0 0 4 0 0 0 31 0 0 0 29 0 0 0 89 0 5 69 67 12 0 0 0 0 17 0 96 0 0 0 0 0 5 0 51 0 32 0 0 0 0 30 0 33 0 86 0 19 59 0 0 0 0 20 0 11 33 0 36 14 50 26 7 0 10 0 0 1 0 56 0 0 0 77 0 10 2 67 23 0 0 20 0 12 0 40 0 13 0 0 20 51 0 34 20 23 0 0 72 23 30 4 11 29 66 17 30 35 52 22 66 25 37 0 4 12 51 10 0 9 25 48 0 24 0 0 51 44 0 0 0 0 30 45 46 0 16 0 21 0 11 4 27 0 11 0 12 43 0 5 0 0 23 0 0 30 0 0 0 0 12 69 25 4 56 7 36 37 77 25 47 25 0 15 0 0 0 0 0
 19 56 0 65 76 21 0 44 0 49 0 26 0 0 10 0 0 0 0 58 0 0 76 0 0 0 0 51 12 0 28 0 0 0 0 73 2 52 0 12 31 52 24 0 27 0 0 62 0 0 0 0 0 0 0 0 74 23 29 0 0 0 0 51 0 1 39 16 23 0 0 41 50 63 48 0 68 0 72 31 0 0 0 0 45 0 0 44 0 87 0 0 0 0 9 0 40 40 0 1 0 16 4 13 89 0 32 24 61 68 0 0 0 29 0 0 27 0 0 55 47 0 28 27 0 64 81 0 0 30 0 4 0 11 11 0 0 9 0 0 0 40 0 0 41 2 13 0 40 5 3 0 0 4 23 0 0 17 0 0 0 10 0 0 60 69 11 0 0 39 0 0 0 0 0 0 0 30 0 0 15 74 19 45 5 0 0 22 0 14 0 0 29 11 0 16 54 48 56 4
 50 35 0 34 0 0 0 6 17 9 6 24 2 0 2 0 13 48 0 57 12 0 35 56 0 0 0 91 0 84 0 3 0 0 17 40 31 80 48 0 0 50 23 68 20 0 22 0 0 0 0 0 3 0 84 42 0 0 0 18 0 3 0 0 23 0 12 0 0 23 0 0 37 0 46 0 0 90 0 0 0 0 45 17 0 0 0 20 0 58 0 18 93 54 0 0 0 8 60 0 0 0 0 0 17 0 32 0 51 81 4 3 0 9 0 2 0 15 26 0 0 0 0 0 0 38 0 51 0 16 20 0 68 0 0 13 79 94 0 0 0 0 0 16 0 0 35 39 0 0 0 0 0 0 81 0 2 19 4 0 37 0 0 0 0 4 51 24 0 0 0 14 39 0 30 0 0 6 0 0 7 0 16 17 0 0 87 30 0 50 9 0 25 13 50 0 0 0 0 0
 0 39 0 79 0 0 0 0 0 98 71 23 0 0 23 0 0 0 0 34 85 0 15 23 0 3 59 25 48 3 0 0 0 27 0 28 37 0 10 25 0 34 63 0 31 99 49 34 0 55 0 0 48 0 37 0 0 0 0 6 49 32 0 50 0 19 0 0 0 1 0 0 16 0 0 46 5 32 86 0 0 0 70 0 0 0 0 0 0 0 34 47 0 45 93 8 11 25 9 5 54 0 29 0 39 45 76 12 5 0 0 0 40 26 0 0 0 0 18 9 7 0 0 40 0 18 0 24 0 0 0 25 73 10 77 0 1 0 0 0 0 0 0 0 0 0 0 0 0 71 50 44 1 0 1 0 0 0 0 6 51 0 0 0 0 0 0 45 0 45 51 96 0 1 20 22 42 0 0 33 0 0 18 28 4 67 0 0 3 22 0 0 30 45 0 59 0 9 0 8
 57 0 45 0 0 0 35 1 0 0 34 34 0 21 33 0 0 53 0 0 0 0 10 0 35 0 0 7 0 0 7 7 0 62 20 0 0 24 0 0 4 34 0 46 26 0 0 0 0 0 3 0 0 18 26 5 0 0 52 23 0 0 43 0 0 0 53 0 0 0 0 0 83 0 0 0 0 0 0 7 0 72 0 17 0 0 0 0 55 58 34 0 0 0 0 0 0 0 3 34 0 0 1 83 12 0 10 0 46 0 0 53 0 0 0 50 7 0 0 0 0 55 0 0 0 44 0 0 0 68 0 0 23 37 41 26 0 41 41 67 6 63 7 0 0 11 7 33 28 0 0 0 0 0 0 0 49 0 31 30 0 10 32 31 0 0 9 64 0 17 65 0 0 36 0 20 0 0 0 0 0 0 37 45 0 88 77 0 0 46 74 51 53 0 0 0 11 16 85 0
 0 0 11 0 0 0 48 0 0 0 0 33 55 0 25 33 0 35 0 0 28 39 0 5 0 0 0 0 88 0 55 25 31 6 17 28 0 0 0 0 0 46 82 6 22 0 25 0 0 0 0 0 4 0 0 0 0 47 71 0 0 0 47 15 0 0 11 30 0 0 0 0 0 11 31 50 8 38 64 0 19 12 0 0 6 0 22 0 23 0 53 0 0 0 0 0 0 0 0 0 28 0 11 61 0 34 52 0 19 0 0 27 0 0 58 44 55 0 0 0 0 0 0 64 30 1 1 10 42 37 0 0 0 46 0 0 0 0 0 0 69 0 0 0 0 0 0 0 0 15 0 38 12 0 47 38 17 0 0 0 0 5 0 0 33 8 47 0 0 0 14 0 40 14 79 14 30 6 0 36 0 0 0 0 31 0 58 84 7 30 41 0 24 43 0 0 90 23 0 86
 0 0 0 10 5 0 59 34 0 48 5 0 7 0 0 0 0 55 0 67 0 24 0 0 0 0 0 31 0 52 0 82 0 90 0 43 0 0 0 0 0 0 34 2 78 0 0 0 0 57 0 0 0 34 9 0 0 7 0 0 21 7 4 72 5 0 43 52 52 6 0 32 0 0 0 63 24 72 0 43 0 22 0 14 0 21 0 8 23 64 9 0 21 0 0 0 29 67 0 0 0 0 0 0 0 2 0 49 16 0 0 0 0 31 0 38 0 0 51 66 48 0 0 0 0 0 34 3 11 0 0 7 0 21 2 25 7 21 26 0 42 4 57 0 76 6 0 81 10 66 56 89 32 60 12 0 0 76 0 26 7 26 53 0 0 33 0 0 15 0 77 0 5 0 0 24 70 21 17 0 33 0 39 0 0 0 0 25 0 44 67 82 35 0 36 0 0 2 0 56
 44 39 0 0 0 74 0 30 28 2 0 8 69 90 0 0 0 0 14 58 0 0 10 0 38 0 0 13 50 0 60 9 4 12 0 0 16 0 0 0 0 0 8 0 18 0 59 0 5 21 0 0 71 48 47 0 4 0 0 74 0 3 0 12 15 75 0 0 0 5 0 4 0 57 71 16 3 50 0 35 0 0 5 0 0 0 25 17 0 0 19 0 82 14 17 19 0 0 24 0 7 50 59 0 0 74 56 66 0 16 0 95 0 3 18 0 42 5 34 0 37 62 0 63 2 0 45 19 0 6 0 0 7 27 0 0 32 0 0 96 0 0 34 37 90 70 52 62 20 0 11 0 14 28 0 20 0 2 41 0 74 78 0 5 0 19 6 0 26 0 57 59 0 42 0 0 43 0 0 6 0 16 43 38 8 0 0 31 0 0 0 0 11 37 0 57 0 0 0 0
 6 0 0 0 0 0 0 0 0 0 0 0 27 15 60 0 40 5 41 0 56 0 36 3 16 0 51 6 22 0 0 69 0 24 12 28 71 52 0 0 0 1 0 11 0 0 20 0 5 0 0 0 10 0 73 0 31 0 0 64 0 90 21 0 0 18 22 0 4 3 0 0 28 32 0 0 0 0 0 84 24 9 36 29 0 0 0 0 0 0 23 67 29 77 40 28 85 41 0 30 0 0 0 0 19 0 0 0 35 11 0 93 4 7 37 59 9 10 49 93 37 0 14 0 31 0 0 13 39 59 83 15 57 50 0 8 73 0 70 4 54 66 0 50 50 8 10 0 0 12 35 30 0 0 0 0 13 0 0 0 18 0 18 18 0 0 0 62 22 24 78 0 43 48 0 25 0 0 0 27 0 31 30 55 0 9 0 0 0 8 80 16 0 0 9 0 0 0 41 58
 15 31 0 2 0 38 23 43 8 64 20 0 29 47 13 51 0 12 42 0 43 0 0 0 2 0 0 0 40 0 40 40 7 32 0 0 55 0 0 7 0 47 7 0 1 28 46 7 0 14 0 0 9 43 0 50 30 0 27 0 0 28 0 0 0 0 75 1 0 0 72 51 24 0 0 13 0 0 51 19 0 0 0 0 0 0 66 0 0 26 0 57 0 54 0 34 0 25 89 41 56 0 23 0 0 0 0 51 0 1 52 43 0 0 0 41 15 0 16 0 69 0 3 0 19 11 30 0 0 1 0 0 0 70 28 0 66 0 0 71 1 0 30 0 36 15 0 51 0 0 42 69 40 0 57 0 2 37 5 70 39 0 0 73 0 0 0 0 0 0 0 0 0 78 43 0 46 0 14 0 18 0 0 62 0 0 0 52 9 0 0 14 0 8 32 0 0 11 0 29
 65 58 0 0 81 11 33 40 0 10 3 35 66 88 0 37 4 0 54 40 54 0 0 0 16 0 0 0 28 0 0 72 0 0 0 43 0 0 64 0 0 70 0 49 0 0 0 9 0 0 3 0 52 10 0 13 75 0 0 0 42 41 41 0 0 37 0 0 21 0 0 0 0 31 0 52 0 0 17 0 48 0 0 0 0 0 0 45 0 20 0 3 0 0 4 0 44 0 19 0 0 25 56 0 0 18 0 0 81 0 22 0 0 0 63 38 35 70 9 22 8 97 0 0 27 93 0 35 55 0 0 0 0 0 0 30 0 0 43 1 25 43 0 20 7 0 0 5 36 0 0 0 21 0 16 54 50 38 0 0 0 0 48 52 0 0 52 15 16 0 3 0 0 29 0 0 24 5 0 0 49 0 51 41 0 56 0 27 0 13 0 0 0 25 0 0 0 0 0 0
 92 6 5 0 0 7 23 69 0 13 0 0 0 88 0 0 2 0 0 23 0 0 0 0 34 17 72 0 0 0 40 0 0 0 0 47 10 0 0 0 0 0 0 5 0 0 0 13 53 0 13 0 14 0 16 20 0 8 0 0 16 0 58 0 0 0 8 45 0 0 47 72 0 53 75 0 59 0 0 0 38 50 0 0 27 3 61 0 0 0 0 7 0 21 76 31 17 0 0 0 1 64 0 13 0 0 0 0 0 29 74 22 18 0 3 0 33 0 0 84 0 0 26 53 4 60 51 0 0 0 0 0 0 3 2 0 21 19 0 0 0 0 0 26 58 29 0 1 3 0 1 47 0 14 58 0 0 34 37 0 0 5 53 73 1 0 0 20 73 0 42 0 67 46 0 2 0 47 0 0 0 0 0 0 4 64 80 37 0 30 0 53 0 0 65 23 2 0 54 0
 0 5 83 83 0 0 70 6 40 59 92 4 28 0 0 0 0 19 13 0 60 56 0 0 23 51 2 0 0 0 0 0 14 14 0 0 0 2 0 0 0 60 9 14 0 0 0 43 0 56 74 0 0 13 0 19 0 64 21 0 60 33 4 0 38 17 2 68 0 3 45 0 0 0 0 11 4 0 39 0 16 58 33 9 0 0 0 0 0 0 7 0 0 8 1 0 41 0 21 44 0 34 0 44 63 0 0 0 0 12 42 9 0 2 0 0 72 0 0 0 28 0 0 0 57 7 0 26 0 40 13 39 64 20 35 23 7 45 0 0 73 47 65 0 5 0 75 32 0 0 0 0 57 0 15 52 0 0 10 2 5 46 36 0 23 50 0 27 11 42 0 94 1 0 33 0 39 52 0 0 19 0 0 0 0 0 31 53 53 10 55 0 0 0 1 81 0 26 0 35
 0 19 0 8 0 11 0 0 0 0 43 64 0 0 28 9 0 0 1 85 0 13 0 38 0 59 0 20 0 0 0 0 0 0 1 1 0 8 0 54 31 0 0 0 0 6 0 0 0 0 31 0 0 0 15 0 29 34 0 0 0 11 33 0 0 66 13 0 0 19 0 15 30 0 0 0 0 11 0 17 0 0 0 20 0 86 11 21 36 32 2 0 0 0 0 25 0 50 0 0 0 0 0 34 0 27 18 0 0 4 63 71 53 76 0 0 0 0 0 0 10 8 25 18 0 19 13 15 18 33 0 0 32 27 60 31 0 0 4 0 0 38 30 35 35 0 0 71 35 0 49 59 29 0 87 0 0 0 25 0 0 0 0 68 0 4 0 0 33 19 0 0 22 36 2 45 12 12 0 61 33 0 0 5 17 0 36 0 43 0 0 5 0 0 0 0 42 5 0 0
 0 0 22 11 0 39 0 28 0 0 20 0 38 28 0 0 0 90 0 56 34 0 65 43 14 26 49 50 14 0 49 1 0 0 0 0 58 0 0 0 39 0 19 9 62 62 0 59 0 29 2 0 5 61 66 37 0 76 0 0 0 5 0 17 11 20 0 0 31 3 28 10 0 0 0 0 0 0 0 4 0 62 0 0 9 69 0 36 0 0 50 5 0 3 0 14 0 0 52 0 7 21 0 0 0 33 24 0 38 6 0 0 4 42 33 0 14 0 41 0 0 41 37 43 17 0 0 26 0 0 0 31 0 0 76 21 0 5 0 61 56 4 9 41 0 0 42 22 59 7 67 0 9 2 0 50 0 39 74 28 10 10 24 88 69 62 46 0 0 0 0 0 37 0 7 0 15 0 0 0 0 0 7 0 0 3 79 0 19 0 0 0 0 17 35 9 0 0 19 0
 31 22 19 0 0 59 53 13 28 17 13 0 0 12 71 8 46 21 0 0 98 86 22 0 75 25 38 11 73 17 5 4 8 0 83 65 0 0 0 0 0 50 0 0 31 0 0 0 40 0 50 0 0 12 10 0 0 9 0 0 0 0 0 11 0 16 0 0 0 34 0 0 0 0 0 0 8 0 0 70 24 0 0 0 47 72 0 0 22 8 0 9 71 0 96 0 0 0 0 5 0 0 78 25 7 50 24 0 14 75 42 0 0 57 3 90 3 4 0 0 23 32 0 0 37 83 21 41 52 0 51 11 0 0 0 35 22 55 39 30 1 7 0 0 0 0 0 0 58 0 0 61 17 28 0 0 4 47 0 68 19 62 25 36 45 0 56 16 0 0 0 0 62 44 43 4 0 14 0 45 76 74 3 0 0 2 7 0 27 0 0 12 32 0 0 0 34 4 0 70
 16 0 0 3 0 0 15 0 0 0 0 18 78 0 0 47 49 32 1 0 0 0 57 44 0 0 14 0 25 0 0 0 0 0 0 55 44 15 12 24 38 0 0 0 35 0 52 2 62 0 7 2 0 0 0 14 0 37 35 0 0 0 0 14 27 0 0 48 0 0 36 0 21 18 0 0 55 0 0 0 24 0 14 22 6 42 64 3 0 80 0 0 0 41 21 0 12 53 0 9 0 27 0 0 34 0 13 27 57 6 0 71 43 27 0 71 34 7 0 0 31 0 62 19 43 0 59 0 0 0 91 85 0 19 0 0 0 56 25 14 0 32 64 0 0 0 0 0 0 0 0 38 84 0 58 0 0 65 61 46 0 2 0 3 43 48 3 67 0 23 0 28 29 0 0 51 74 0 40 17 66 29 0 0 25 0 0 0 0 0 18 26 69 33 0 0 19 15 0 17
 2 0 0 40 67 33 0 11 0 0 1 0 10 2 0 79 57 47 21 0 0 9 0 74 0 0 17 42 2 0 0 26 0 0 0 0 0 0 37 0 30 36 0 41 16 20 66 25 16 0 0 0 0 5 0 0 69 25 50 0 0 0 0 0 0 0 0 0 0 0 2 87 0 3 33 28 0 0 0 7 39 6 32 18 35 0 28 56 0 16 0 18 4 27 8 0 0 0 0 51 34 19 87 51 54 0 62 37 22 0 9 0 37 0 70 21 53 84 0 0 32 1 16 42 0 0 4 0 0 48 0 0 0 12 0 0 0 0 0 15 0 0 6 0 0 0 0 13 39 0 0 65 9 0 28 0 0 0 42 14 0 0 0 36 7 22 0 0 18 12 41 61 0 39 0 0 0 0 0 8 47 37 0 0 9 0 30 0 0 0 0 0 0 51 0 23 0 26 47 56
 0 41 11 0 0 41 92 63 12 34 0 8 14 0 0 0 0 0 0 53 0 0 37 4 49 0 52 0 74 28 28 56 52 0 23 11 0 0 0 0 0 0 0 50 17 0 0 0 61 0 0 0 4 0 0 44 63 2 0 0 23 0 0 14 56 0 46 36 0 13 12 10 13 0 14 61 25 0 0 0 21 18 42 53 13 0 35 0 8 0 0 0 0 0 25 0 27 71 19 46 6 26 3 0 56 31 0 0 0 0 0 40 0 0 3 27 0 27 45 7 0 0 0 15 26 37 9 10 48 0 56 0 0 45 0 0 33 8 44 0 42 0 0 67 11 65 0 34 0 35 0 15 4 0 50 23 59 0 0 0 65 0 0 44 33 31 14 0 0 22 64 11 0 70 2 8 0 0 0 29 19 0 0 66 0 0 0 0 0 0 0 30 30 27 46 0 0 0 0 0
 0 0 0 81 37 0 38 10 13 0 3 56 64 37 36 11 42 0 0 0 0 0 12 85 79 81 0 0 0 0 20 0 0 0 0 0 0 0 0 31 0 11 0 56 0 0 10 0 0 0 0 0 21 0 0 0 42 2 0 0 0 0 35 23 3 69 0 0 11 0 4 0 0 0 0 36 22 0 5 0 0 0 8 46 79 27 22 0 0 1 0 0 20 76 26 0 45 0 0 26 0 34 0 54 0 20 0 0 21 0 0 0 0 15 41 46 0 54 0 28 0 0 1 10 56 0 60 0 33 23 0 0 0 0 50 60 27 58 0 15 0 28 31 0 0 0 1 0 0 36 0 0 3 17 99 0 23 20 0 24 39 20 24 0 30 0 47 0 0 0 19 40 0 0 50 7 0 14 0 89 14 0 21 0 44 0 0 29 2 0 0 0 49 0 39 34 9 10 48 10
 0 0 88 12 0 0 3 33 31 0 66 32 62 30 0 30 83 0 0 11 0 0 0 0 0 31 37 51 0 0 35 7 0 19 0 0 19 22 23 49 0 31 0 17 0 28 40 16 2 0 3 25 0 6 0 56 0 32 52 27 0 0 0 0 46 59 0 30 0 65 0 0 21 53 40 61 0 0 58 0 60 52 0 0 18 8 0 17 14 9 0 69 0 10 0 34 32 0 0 0 0 34 0 0 0 41 0 0 0 2 3 0 26 20 0 0 0 0 34 0 0 0 6 0 0 0 53 27 53 29 0 18 1 25 0 6 66 0 0 25 52 0 3 28 0 0 0 0 53 17 7 0 0 8 0 21 86 21 0 21 0 0 67 0 58 32 0 0 0 14 0 0 0 52 13 91 0 17 41 48 5 0 0 4 40 71 40 45 0 0 48 0 0 31 77 0 66 28 0 52
 51 39 0 0 1 14 0 0 0 0 0 60 0 0 0 5 42 45 4 0 0 0 13 0 22 9 0 28 3 43 30 0 0 91 38 85 0 15 0 0 0 0 35 0 30 6 13 0 0 0 24 67 0 0 0 22 65 0 33 73 66 21 35 0 0 0 82 25 7 63 31 25 34 64 89 0 93 0 2 27 0 0 12 0 20 0 0 0 0 0 76 0 0 0 34 0 0 45 0 49 51 20 4 0 17 0 41 31 4 0 0 4 11 0 0 0 7 0 36 16 0 0 0 70 0 0 5 0 0 4 0 0 17 0 17 0 66 10 1 0 16 45 11 0 81 42 0 56 0 0 0 24 0 0 15 8 0 18 30 0 0 0 24 28 0 0 0 0 68 46 15 0 65 0 74 30 0 0 0 0 75 0 0 47 70 43 0 11 57 49 79 19 16 12 1 28 0 0 0 14
 70 0 0 0 62 24 1 0 29 0 88 0 62 0 0 0 0 26 5 24 0 0 0 0 0 57 12 0 40 0 12 44 0 0 0 0 0 0 93 36 92 0 0 79 7 0 0 0 56 50 0 22 7 0 4 0 40 14 37 50 26 0 0 0 16 28 25 25 2 0 0 0 0 16 0 0 0 0 47 0 0 7 0 0 0 46 11 48 0 0 0 70 0 0 63 45 16 0 1 0 19 30 25 38 0 61 10 19 0 0 68 16 0 0 0 84 32 50 0 11 14 0 0 0 12 10 16 0 0 14 6 16 0 60 0 37 67 66 0 69 0 0 39 0 0 0 72 55 0 75 69 0 0 2 3 0 64 0 74 0 0 9 0 92 13 0 0 28 33 0 43 0 0 0 0 0 0 0 0 65 35 0 29 5 9 31 0 9 0 0 26 20 0 58 58 8 7 0 17 12
 0 64 8 3 0 59 86 29 0 0 1 49 0 45 15 15 58 56 14 7 14 0 17 45 0 2 93 0 41 83 0 0 64 63 0 3 7 0 48 0 0 0 0 73 63 0 31 29 0 14 11 0 0 0 70 8 0 38 64 62 0 5 34 0 0 5 17 5 89 39 38 22 27 0 9 0 24 38 0 0 0 4 2 77 0 0 12 0 0 51 0 0 0 55 0 0 19 0 0 14 40 0 62 22 79 0 34 20 47 20 0 29 11 0 0 0 22 0 26 0 0 0 0 0 74 40 0 0 28 27 0 44 0 28 88 73 51 30 0 72 0 0 0 0 87 50 79 0 33 0 0 7 10 20 11 9 0 10 0 0 0 0 0 44 8 0 0 1 20 74 46 0 0 22 12 3 0 55 0 41 0 41 0 9 16 0 0 68 0 4 6 0 3 9 0 19 71 15 3 85
 0 14 55 0 21 0 9 0 4 25 0 0 60 0 11 0 13 0 23 9 0 0 20 58 0 0 0 0 0 48 51 11 0 0 0 0 0 0 68 4 39 0 0 14 0 18 17 54 0 9 55 0 19 46 0 0 1 66 0 0 0 0 0 9 0 0 11 58 0 0 22 0 0 0 0 22 61 0 0 0 0 0 26 3 0 86 78 18 37 0 0 0 0 0 0 12 5 0 0 0 4 39 14 0 40 0 0 0 30 0 10 19 0 41 22 9 83 0 0 0 14 0 0 0 25 55 0 90 37 0 75 3 0 17 0 39 25 34 16 0 30 63 4 0 0 0 15 8 0 0 1 89 0 0 0 64 93 0 8 76 0 0 0 0 0 40 0 0 0 20 2 0 77 4 0 0 0 0 4 27 33 47 0 23 0 0 3 0 13 0 0 0 16 0 0 6 0 0 6 57
 0 9 0 3 25 0 0 19 0 45 0 0 0 0 0 0 0 56 24 26 0 0 3 0 0 44 0 76 0 32 0 54 96 0 65 0 40 0 13 0 22 58 13 14 28 32 0 0 0 0 1 26 31 53 0 30 0 10 0 26 0 28 0 0 0 84 5 0 33 28 10 0 18 23 0 62 0 11 89 0 0 84 0 91 47 0 0 0 40 82 0 0 9 13 50 0 45 0 36 0 35 0 8 0 0 56 75 0 20 55 19 80 82 0 27 28 0 0 55 0 23 55 0 21 0 42 0 21 84 0 0 0 0 73 51 0 0 20 15 0 8 0 38 7 11 0 26 22 0 64 0 0 9 0 0 0 0 16 28 0 27 12 0 0 0 7 0 0 0 0 49 0 0 0 0 0 24 0 0 0 0 27 0 0 10 0 41 0 0 3 48 0 100 15 10 24 71 83 0 0
 0 46 87 0 50 32 20 79 66 0 46 0 3 0 44 0 20 2 0 49 42 0 5 72 0 7 7 0 60 0 21 0 57 0 0 0 0 0 44 0 28 0 0 35 0 33 20 0 46 0 0 15 51 0 0 0 0 0 0 0 22 0 35 4 2 0 0 18 62 0 0 18 0 0 0 15 1 35 0 31 0 8 0 0 77 41 8 0 0 0 0 0 0 0 9 45 8 64 46 6 0 0 0 34 4 10 54 11 3 0 0 0 0 5 0 0 0 0 0 32 0 7 17 20 18 0 0 66 20 37 0 54 0 49 0 0 0 0 0 0 35 0 0 19 44 0 43 68 30 8 48 0 0 56 0 0 3 6 8 0 0 18 0 10 0 0 2 20 0 4 0 24 45 0 0 18 5 3 0 0 29 0 0 22 0 16 73 0 0 0 0 54 81 4 34 14 0 0 0 0
 0 0 10 0 0 52 19 10 51 0 0 0 0 0 0 0 80 6 0 54 9 48 77 5 20 3 0 0 93 0 2 86 29 59 96 44 0 0 29 0 49 0 40 0 6 11 11 60 17 12 32 1 0 17 4 23 67 0 0 0 0 0 0 0 0 0 24 0 64 28 26 39 39 0 0 48 2 0 0 53 28 23 0 76 0 0 64 0 45 0 18 0 5 0 31 0 0 23 34 0 0 0 34 0 0 61 0 40 36 0 82 32 0 0 5 0 77 0 0 39 76 0 0 0 23 51 13 0 0 16 3 0 0 0 0 60 37 0 0 0 8 52 95 31 43 53 2 48 60 0 0 34 0 0 54 0 86 0 18 0 0 0 21 83 3 0 0 0 0 0 0 16 0 77 0 7 0 46 0 0 0 0 0 0 0 53 0 63 0 0 0 26 0 1 4 58 0 39 34 18
 0 0 0 0 0 63 19 7 0 3 0 0 20 32 0 5 57 10 17 0 6 0 5 19 0 43 25 0 23 33 35 0 25 0 23 0 40 0 12 0 19 46 17 93 58 80 0 33 4 0 0 0 49 48 0 0 0 11 0 41 0 0 10 0 3 57 0 38 0 0 0 0 0 0 37 91 0 17 13 1 0 81 12 25 51 13 15 0 6 32 0 66 18 0 75 0 0 30 0 59 0 9 15 0 14 0 72 55 0 0 35 44 10 0 0 0 6 50 0 68 28 25 0 0 0 0 95 66 49 0 0 50 72 3 47 9 0 0 29 12 0 0 0 64 12 0 28 35 0 0 0 0 29 37 30 15 0 19 0 0 0 0 0 0 0 0 11 24 31 5 0 45 0 0 0 21 0 26 63 0 29 5 23 0 0 0 23 0 0 29 49 55 65 0 0 18 0 0 0 2
 0 16 0 1 0 0 0 0 0 0 13 0 0 15 0 31 0 0 29 0 48 0 0 36 0 0 16 0 58 0 6 63 16 0 20 80 44 45 4 0 0 0 83 16 86 30 35 0 3 54 47 0 0 0 0 0 0 0 0 0 0 0 13 66 19 41 0 0 39 0 26 72 0 0 0 1 0 74 0 0 23 0 0 0 0 11 56 17 23 0 31 91 0 55 0 0 0 0 9 78 0 85 42 7 35 0 85 0 14 0 24 1 28 0 0 0 0 0 24 0 0 50 38 0 0 81 66 0 0 32 0 0 64 63 21 79 48 53 0 32 0 14 0 32 0 7 2 0 0 0 0 0 0 54 0 78 26 41 0 20 0 39 0 22 9 7 0 0 0 2 42 0 79 0 0 64 0 22 0 0 78 56 42 22 0 1 0 26 72 46 21 0 0 32 46 91 47 52 0 28
 12 0 17 0 79 0 26 0 0 0 49 35 74 0 0 0 23 0 11 2 0 47 0 19 42 36 0 17 6 0 48 0 52 66 0 0 5 8 62 0 0 20 46 68 14 0 0 0 0 70 26 0 0 47 37 0 20 29 24 5 28 0 39 36 0 0 0 16 54 0 0 0 0 62 14 10 0 0 55 16 0 0 0 51 14 0 25 44 0 3 85 0 64 21 0 0 0 38 40 0 81 0 0 0 14 0 36 37 0 2 0 10 3 51 0 0 5 0 27 27 0 12 0 13 0 5 0 60 0 0 0 37 18 0 0 0 7 83 0 35 0 64 3 18 23 0 7 0 41 16 3 6 0 31 0 2 0 5 0 0 0 6 0 0 15 0 28 0 0 13 21 32 10 14 32 20 80 33 0 0 23 52 0 70 0 14 24 0 32 0 98 9 0 0 6 0 22 10 0 0
 20 0 21 45 0 23 0 0 0 6 0 77 13 2 0 26 37 69 0 0 76 5 0 12 3 31 0 0 23 16 28 15 33 6 20 0 0 99 0 0 0 26 0 0 4 0 15 0 0 0 70 0 0 49 0 25 32 0 0 11 0 0 0 49 16 64 0 1 22 92 0 0 36 0 11 0 0 79 0 3 0 41 0 24 0 0 88 0 0 0 0 73 19 0 0 52 0 31 0 61 13 0 35 17 18 10 31 0 25 0 6 72 70 0 63 0 6 0 0 67 4 27 0 15 0 0 20 28 12 1 4 0 0 0 69 27 51 0 0 30 0 25 53 49 55 0 0 0 24 44 0 12 0 41 50 93 0 61 26 0 20 0 0 0 11 66 48 0 11 71 40 37 10 0 73 19 2 28 0 47 25 0 45 7 46 0 8 31 6 68 0 0 0 82 0 0 38 9 24 0
 0 0 0 27 48 61 0 40 0 0 2 50 38 46 52 30 0 33 68 48 22 32 0 0 48 32 0 28 0 0 0 0 0 0 0 0 0 24 88 0 42 39 0 27 0 11 0 0 0 13 0 12 0 0 0 0 34 0 0 2 42 30 76 13 0 78 56 0 62 0 18 0 0 0 55 25 45 10 15 0 0 0 13 0 0 20 0 0 0 41 0 0 12 17 0 0 0 0 0 37 0 10 0 3 3 51 0 0 33 0 0 0 28 28 13 0 44 0 17 44 98 45 0 22 0 15 0 79 0 0 9 9 0 11 0 39 0 5 10 0 19 0 2 0 22 0 0 32 15 0 41 16 83 0 0 83 0 54 35 0 61 0 0 38 0 77 0 0 0 93 43 0 40 0 48 12 13 43 0 0 17 0 35 68 19 0 9 0 0 0 21 0 0 0 0 26 0 67 57 41
 20 22 0 7 0 0 0 0 38 0 12 1 38 22 24 0 32 70 4 0 32 4 0 93 28 0 0 57 0 11 0 32 5 74 6 8 3 26 36 14 23 12 0 15 0 0 7 0 7 0 50 39 70 27 55 67 72 38 16 0 0 4 47 41 0 0 0 28 93 0 97 33 41 43 0 0 11 13 48 28 0 86 0 0 36 29 7 0 0 0 0 25 37 63 38 4 51 0 15 0 72 0 0 0 0 88 0 20 75 0 0 0 29 0 34 19 0 19 0 0 13 1 0 0 2 35 0 19 0 0 0 0 0 47 0 0 0 17 0 0 31 0 95 0 0 4 0 24 51 31 35 0 50 0 28 85 0 0 0 0 0 44 0 0 44 52 51 44 0 0 0 23 19 0 47 0 57 25 31 29 0 0 0 64 69 58 0 0 0 0 13 45 0 0 0 9 0 29 0 49
 0 0 26 0 0 0 0 0 2 6 0 20 25 5 23 24 24 38 31 0 0 49 0 0 45 18 4 26 0 21 0 0 0 0 0 43 1 12 0 0 22 15 6 0 0 0 4 95 4 12 0 9 0 59 16 37 0 25 0 25 0 0 19 67 0 0 41 70 2 35 0 0 0 0 40 34 0 35 0 3 35 0 0 0 18 0 64 6 0 0 12 0 0 14 5 37 21 10 25 0 40 71 0 15 8 0 0 54 51 0 0 0 0 0 45 23 0 0 17 56 1 33 2 27 18 22 0 0 12 0 0 88 36 0 23 0 28 26 0 0 4 0 2 0 0 0 31 2 0 0 0 0 0 0 53 31 63 11 73 27 0 39 30 0 53 54 0 0 0 0 0 0 39 54 0 4 61 0 87 0 0 60 0 0 55 0 0 0 8 23 0 32 0 4 0 16 75 0 0 35
 0 90 0 0 84 0 51 0 0 0 0 0 9 38 0 0 0 21 0 27 38 0 31 0 29 0 0 24 88 55 12 0 12 5 0 60 0 0 0 0 0 24 0 30 1 0 0 32 0 40 0 0 81 24 0 0 25 44 62 0 0 0 35 0 4 23 0 20 63 0 0 0 10 0 20 30 19 0 13 0 5 14 0 8 15 2 0 4 24 77 21 0 0 61 51 0 51 80 73 15 68 0 0 21 0 12 73 0 30 86 0 32 17 37 39 24 0 0 0 46 55 0 29 0 0 14 9 33 57 0 0 0 0 0 16 0 0 30 21 0 10 34 0 6 0 14 0 9 1 4 66 44 0 2 29 68 6 0 92 7 34 0 0 65 0 0 0 51 0 33 24 0 0 0 0 0 14 0 0 6 2 22 0 0 53 0 0 0 63 0 52 28 0 0 0 0 62 43 0 0
 63 0 0 0 0 75 9 0 0 0 5 0 0 0 35 0 12 90 0 61 0 63 26 75 15 51 2 0 25 13 31 0 27 0 0 0 0 36 4 27 0 23 86 0 8 33 0 52 0 0 0 31 11 0 60 0 48 36 63 31 0 0 31 29 0 0 0 74 0 46 0 58 20 5 0 56 33 0 0 0 0 42 0 72 0 0 19 61 0 5 55 22 0 2 56 0 41 23 76 0 0 16 0 0 0 68 0 1 39 54 0 0 0 0 0 0 0 0 6 0 0 0 0 0 0 31 55 0 13 0 7 0 23 13 15 0 0 47 22 0 0 23 63 8 60 0 12 0 23 42 11 0 25 0 0 29 0 0 0 0 0 0 0 84 0 36 88 0 27 0 0 4 2 26 0 0 43 0 0 37 0 63 0 0 71 0 40 8 0 0 0 11 0 0 33 0 0 0 0 44
 37 3 44 0 56 59 59 11 0 6 0 0 0 1 0 42 0 0 0 90 0 10 56 0 0 0 0 32 0 0 0 0 0 49 0 0 0 9 0 0 10 0 0 73 0 0 0 0 0 42 0 0 0 0 64 0 13 87 33 74 78 0 1 4 24 0 0 0 82 0 64 0 0 0 0 49 15 0 11 0 34 0 50 0 0 0 78 0 25 0 0 0 0 0 17 0 44 6 0 0 0 50 0 0 4 0 0 0 0 0 0 80 30 0 49 4 60 0 0 0 54 12 20 60 28 0 28 18 32 0 0 76 0 0 0 0 11 61 0 58 0 73 11 16 62 32 68 15 9 24 22 25 0 0 62 18 0 0 19 0 0 81 33 0 0 63 11 0 71 12 0 0 14 50 53 62 0 0 0 79 2 0 0 30 20 47 23 13 0 6 35 0 0 0 0 32 5 1 0 0
 18 22 26 0 0 13 54 0 0 0 0 0 0 0 44 0 51 89 40 16 0 0 0 0 0 54 69 0 0 0 10 0 42 0 0 0 0 0 25 10 33 0 0 11 86 0 0 0 0 26 43 0 63 21 55 26 28 78 0 60 0 0 12 0 0 43 38 0 43 0 21 0 0 0 0 66 54 37 0 43 16 0 26 0 0 0 24 51 0 0 0 43 0 3 13 17 0 0 0 14 0 0 0 0 0 18 0 4 0 24 68 16 34 0 0 52 0 0 0 0 0 0 6 0 29 0 0 0 0 8 0 95 0 74 0 0 27 66 0 11 0 20 0 0 34 0 7 0 0 9 0 0 0 0 20 0 20 0 13 1 0 0 0 0 2 0 0 69 73 0 65 73 11 0 7 0 0 38 63 47 0 0 0 0 34 0 0 33 0 26 0 6 33 7 0 0 0 0 0 0
 58 51 23 0 0 54 0 20 54 0 11 21 29 19 29 0 8 27 16 0 0 55 1 0 23 25 0 0 10 82 0 0 0 0 0 0 19 51 0 38 41 56 0 58 22 83 0 0 0 22 0 12 15 36 0 61 0 13 0 40 34 16 39 23 0 10 13 36 0 0 26 35 0 0 35 3 0 0 0 47 0 48 0 0 0 0 53 12 32 19 55 0 13 0 37 34 0 0 0 0 0 0 0 69 23 0 33 0 0 0 0 20 0 0 0 0 0 42 0 0 24 70 42 38 13 0 0 22 28 39 0 0 0 0 93 0 0 0 32 0 0 0 5 84 11 0 42 0 0 0 36 0 37 0 72 0 0 0 0 30 0 0 0 0 0 0 16 0 16 40 0 11 14 20 36 64 0 0 62 0 0 0 15 0 57 13 0 0 8 0 51 7 0 0 0 25 7 0 0 13
 29 1 0 26 0 0 13 40 0 0 67 0 7 0 0 0 55 48 31 41 5 48 0 0 15 0 0 0 66 0 0 42 0 0 66 0 12 0 40 0 0 73 25 43 3 59 63 91 0 96 55 0 0 28 0 83 0 17 0 0 0 34 0 7 50 0 0 0 0 10 0 27 35 11 0 15 0 9 40 29 7 47 18 0 5 39 17 0 41 32 39 0 0 57 0 56 0 0 12 18 59 36 0 0 0 0 12 32 0 45 0 57 11 98 0 0 65 89 0 12 39 0 1 0 63 8 10 27 36 6 0 0 27 35 47 0 0 0 0 0 25 0 0 8 0 0 0 0 0 66 0 24 0 0 69 26 46 0 97 0 0 0 0 0 0 21 69 0 52 0 4 9 48 28 13 19 50 0 39 4 48 0 8 0 5 0 0 0 0 5 8 43 0 0 18 1 26 79 59 0
 0 24 0 14 2 0 0 0 75 0 3 4 64 82 35 0 0 0 0 4 0 0 0 0 14 48 0 5 21 0 0 2 24 0 0 78 58 25 51 50 0 0 0 71 70 12 0 39 62 78 22 13 7 0 0 0 35 0 0 31 0 18 8 57 0 0 0 49 5 27 16 67 42 45 0 73 31 28 12 0 16 81 0 0 71 22 0 0 33 0 0 46 0 0 0 45 35 0 0 22 0 73 35 30 26 0 6 56 24 33 0 62 0 56 16 0 0 8 0 0 0 1 64 0 15 0 0 0 38 37 24 65 0 8 15 0 20 0 0 1 0 16 52 0 84 43 0 0 0 36 0 0 2 10 13 59 0 15 18 56 2 0 0 0 42 21 0 37 0 20 0 62 85 2 2 8 4 15 0 0 0 0 75 8 0 31 0 0 74 0 0 0 49 0 0 0 5 0 43 19
 0 0 0 5 51 62 53 30 6 45 9 13 12 0 0 92 33 0 12 14 34 0 0 0 0 53 0 17 0 25 46 20 0 0 0 0 9 39 55 0 0 16 0 15 84 47 3 0 62 0 27 39 0 0 61 2 25 0 0 0 63 51 91 37 28 4 0 66 57 39 0 0 0 0 0 0 0 0 0 0 0 0 0 72 0 0 28 8 25 17 0 1 0 0 0 24 77 0 65 5 0 4 25 0 20 80 1 0 0 0 49 0 32 0 96 0 27 0 67 44 48 0 0 0 57 0 20 72 42 0 0 0 0 0 7 0 0 0 0 15 50 0 0 0 14 57 0 31 0 55 30 0 0 12 0 0 0 0 1 0 0 0 29 0 0 29 36 0 0 0 8 32 0 0 58 51 0 13 15 59 0 0 8 66 48 73 0 0 0 8 10 0 0 37 53 0 0 32 0 0
 47 0 0 83 0 0 58 62 27 0 17 9 0 0 81 0 76 29 0 29 0 3 31 48 14 62 19 86 0 0 0 62 27 0 7 0 0 46 0 21 0 0 33 0 0 0 0 0 0 52 0 0 0 0 14 42 0 0 0 1 0 29 0 0 0 0 0 0 26 0 0 0 0 0 24 0 0 0 0 0 81 0 0 14 16 17 48 0 0 37 13 0 24 78 0 26 0 0 49 0 0 65 0 21 8 71 52 33 0 18 0 13 0 0 27 2 0 31 0 44 32 26 41 55 63 0 52 0 63 49 23 0 0 0 81 49 0 0 0 33 21 0 33 0 5 0 0 0 58 0 0 0 0 0 0 0 46 55 0 41 13 45 7 0 12 0 87 0 17 23 0 0 0 70 0 0 56 2 53 0 36 40 0 0 42 27 0 12 14 0 0 0 87 0 9 0 68 83 0 36
 0 72 23 0 56 56 49 68 17 20 0 17 14 5 60 11 0 0 0 0 0 0 0 27 37 9 0 0 39 0 0 0 72 0 65 0 0 0 34 0 69 59 34 12 0 56 0 0 0 8 41 3 0 40 0 0 18 23 7 0 8 86 14 0 25 20 56 85 0 17 6 6 0 0 33 0 17 67 0 0 0 0 47 22 0 0 0 0 1 0 26 0 0 87 0 0 47 95 0 3 26 0 56 0 26 0 0 0 40 49 0 25 26 47 0 23 80 0 0 0 66 0 35 35 0 0 1 0 57 60 0 0 11 0 0 0 9 28 9 40 0 0 0 0 27 52 25 46 0 0 45 22 0 5 0 29 28 0 29 0 79 69 18 0 0 12 73 26 0 0 0 0 0 4 33 0 0 12 6 24 0 62 18 33 34 32 76 0 0 0 0 0 0 0 59 16 1 42 18 0
 33 4 49 0 17 83 2 2 12 16 26 47 55 14 2 61 5 20 45 31 60 21 0 3 28 43 0 0 0 4 35 0 0 0 27 65 15 77 0 0 0 29 0 49 47 0 62 0 0 33 0 56 0 61 7 0 56 0 0 0 0 0 57 16 0 0 37 0 45 0 21 0 1 0 19 13 51 0 26 0 79 0 19 0 0 92 0 0 30 0 89 91 0 57 0 0 0 0 30 0 0 17 55 22 0 16 46 8 77 1 0 8 38 33 0 0 0 30 50 11 0 53 21 60 61 0 0 0 0 0 0 0 0 0 0 0 14 13 26 0 60 0 0 3 0 67 0 0 0 0 0 56 0 0 45 27 0 28 0 0 11 0 0 4 7 0 1 0 0 0 61 0 0 15 0 0 58 38 14 0 54 0 0 0 0 0 0 21 86 82 0 0 0 9 0 95 0 0 34 56
 46 73 0 0 0 0 100 12 0 0 18 0 86 0 0 0 0 0 4 41 0 13 12 61 0 0 84 29 0 38 0 0 0 40 0 54 45 56 50 0 43 0 0 52 0 0 53 0 10 42 51 71 91 3 5 0 0 33 0 15 0 4 70 38 0 0 1 17 0 0 0 19 0 34 0 0 6 0 0 0 0 58 14 0 37 31 0 24 34 12 51 58 0 83 0 36 0 0 28 0 0 0 25 3 0 77 41 25 4 37 0 0 42 0 0 11 8 20 41 0 38 9 5 10 0 0 0 0 0 0 0 0 52 0 0 0 0 2 0 0 69 0 51 39 0 17 0 0 0 0 31 72 0 0 0 17 73 0 0 55 28 0 0 0 0 0 0 0 32 0 15 0 0 0 76 0 0 7 30 9 0 0 0 8 0 0 8 0 50 0 28 0 9 4 35 46 1 21 29 16
 0 0 0 0 0 53 0 16 27 9 0 46 0 0 42 0 0 4 0 21 0 0 7 0 72 58 0 24 45 36 0 0 5 0 0 10 0 0 34 0 0 0 33 15 0 0 0 63 69 9 0 0 0 22 0 34 0 32 0 1 27 6 29 28 0 58 14 11 0 34 0 17 76 0 0 0 18 51 38 0 34 42 14 0 0 0 0 65 0 63 43 0 0 0 0 49 0 26 8 23 23 0 11 30 1 0 0 0 0 94 0 6 0 62 18 0 0 77 81 42 6 10 0 75 0 8 51 39 0 10 16 0 28 0 0 11 0 50 9 32 0 0 0 15 0 0 0 5 0 0 77 0 4 0 28 4 0 0 0 44 27 18 49 0 7 54 31 0 0 38 0 0 44 19 0 24 0 73 0 5 0 0 69 0 28 18 25 74 0 31 15 0 15 0 4 13 0 0 0 0
 0 9 6 0 95 34 27 53 0 0 0 9 0 0 0 60 74 0 48 0 0 0 29 3 27 11 54 91 0 0 47 10 48 0 26 23 0 45 16 0 0 19 0 0 0 12 23 75 0 0 10 0 0 21 17 0 69 24 26 0 2 55 0 59 5 35 25 0 0 5 14 69 0 2 0 0 0 22 0 9 0 0 0 0 0 0 0 0 20 0 34 0 23 0 0 0 0 0 26 0 0 0 15 0 0 48 81 0 33 0 29 0 45 0 0 0 0 61 61 50 58 29 0 48 0 62 0 55 19 8 74 79 23 8 0 51 0 10 0 15 0 0 0 8 0 1 0 53 7 33 0 0 48 35 9 0 0 76 0 0 1 0 7 9 0 0 0 0 0 0 33 0 1 7 11 18 0 0 2 47 58 0 16 24 0 0 7 0 0 0 0 43 5 62 0 0 83 9 32 0
 0 0 0 0 21 0 0 87 0 58 0 18 34 31 21 0 0 0 0 42 0 58 0 54 0 7 0 0 16 0 7 0 74 0 1 59 28 0 12 0 0 27 30 83 0 0 0 19 0 0 25 0 78 0 41 37 6 28 11 0 0 7 73 1 77 0 19 24 0 76 31 0 0 53 0 23 37 0 0 0 5 13 0 1 12 47 0 0 45 0 46 68 0 0 13 4 23 0 25 6 39 37 0 0 48 11 0 11 0 0 0 9 6 0 24 0 1 0 0 0 26 0 0 0 44 0 0 33 0 0 54 0 0 0 38 0 28 0 0 25 0 32 0 52 0 52 27 0 30 0 0 60 9 0 0 27 0 39 37 0 40 0 0 2 0 3 10 52 0 66 34 27 16 12 0 43 0 0 29 0 15 9 52 0 0 0 82 0 32 0 0 0 16 30 30 0 0 75 0 26
 38 0 0 0 0 84 84 0 38 0 45 15 53 0 0 0 0 16 70 0 2 46 48 0 0 0 63 0 0 44 0 22 54 0 3 74 0 0 0 0 5 0 0 0 0 75 35 0 0 68 0 0 24 31 0 0 62 0 6 0 23 78 0 64 0 55 0 0 19 0 0 9 20 0 19 0 0 0 33 0 23 0 27 0 0 48 24 0 73 46 87 0 0 0 11 17 27 34 0 43 8 0 63 29 35 42 0 1 28 0 0 64 0 0 0 0 45 50 18 0 0 34 13 0 0 18 0 0 0 0 0 0 39 7 0 0 0 0 0 0 0 33 0 95 0 1 0 9 12 75 0 21 0 0 54 0 2 0 72 9 7 23 0 0 0 43 0 70 99 43 0 0 0 41 40 0 0 0 0 0 0 0 0 0 1 0 0 0 26 0 0 0 0 30 32 0 0 12 6 0
 37 0 0 0 11 0 0 0 19 14 22 0 0 18 54 14 50 0 0 0 0 0 0 0 0 0 0 55 0 0 0 0 31 74 0 24 0 35 53 0 0 0 0 0 0 0 0 16 55 0 0 54 0 0 0 0 31 96 0 8 0 18 42 0 0 0 83 0 0 0 68 36 6 0 0 0 0 50 52 0 0 88 0 0 78 0 49 23 0 0 0 0 23 0 0 19 0 6 55 0 11 0 0 50 53 48 0 63 63 3 0 0 3 15 0 0 4 32 0 0 4 0 0 0 0 35 0 9 20 59 64 56 17 56 95 0 0 0 0 87 0 21 63 42 0 0 0 0 1 90 11 84 0 38 3 37 0 0 0 47 0 14 4 0 28 0 0 0 0 8 75 31 0 0 0 0 0 19 71 2 18 0 53 1 17 16 92 0 0 9 0 23 30 83 0 0 0 12 0 0
 0 0 0 0 0 0 29 0 86 8 0 0 1 54 45 0 13 81 0 38 76 64 0 0 15 17 0 0 0 0 57 19 1 5 25 24 0 75 6 0 50 0 0 0 8 66 76 28 48 29 0 22 39 62 0 0 0 27 5 40 0 20 0 0 0 7 62 0 5 25 0 0 0 0 17 0 0 43 9 0 0 10 23 0 1 23 0 25 13 0 45 0 23 0 0 33 32 0 2 0 0 20 0 0 0 48 0 0 29 25 0 0 0 44 48 0 45 0 9 33 0 2 64 0 0 0 40 26 0 0 0 54 5 22 4 30 28 0 82 31 45 22 0 0 0 0 49 0 14 0 0 56 0 59 23 0 0 0 70 0 23 16 9 0 26 45 0 0 13 31 0 48 57 0 0 17 0 0 7 28 16 0 0 0 30 10 62 0 0 6 0 4 55 0 79 0 2 45 0 57
 0 0 0 35 14 0 58 67 0 0 0 29 8 0 0 2 87 9 5 8 17 77 18 8 51 15 0 0 0 0 5 0 10 38 0 67 0 0 0 29 0 54 0 0 0 0 7 0 25 0 37 68 0 0 26 35 16 0 0 13 0 0 52 0 51 13 0 0 15 82 0 0 10 0 0 0 0 22 0 44 0 0 0 85 0 0 47 32 60 13 13 0 55 72 0 49 7 29 5 0 0 7 0 81 0 7 31 0 0 13 35 0 9 24 6 0 0 0 0 36 29 0 21 83 0 0 14 0 0 50 0 0 0 67 0 0 0 48 0 31 34 25 53 7 0 0 17 4 82 0 9 0 0 0 0 0 0 0 39 2 5 0 58 0 0 0 0 9 70 0 22 14 0 0 0 0 0 54 12 0 16 2 63 0 0 18 0 12 0 0 36 0 6 0 11 0 36 57 76 0
 0 32 39 0 36 9 72 26 1 0 17 6 0 21 24 36 0 0 0 22 19 15 20 14 0 22 8 0 0 24 10 18 0 24 37 39 0 54 0 59 24 7 10 0 51 0 20 66 0 74 0 30 24 0 0 66 0 10 9 42 10 9 0 0 0 2 23 0 2 0 0 2 41 14 0 1 51 0 0 69 0 0 0 34 0 0 0 0 11 0 0 8 45 0 75 17 0 0 0 24 87 24 0 38 5 41 0 0 31 28 55 8 0 16 0 54 53 17 14 13 0 0 0 8 51 0 52 0 0 0 0 30 0 0 0 24 0 3 4 0 0 0 0 59 0 0 0 69 7 47 0 42 0 0 0 0 7 0 0 0 0 5 18 0 14 0 0 0 31 48 0 8 0 51 18 10 45 43 18 31 0 0 90 57 20 30 0 0 1 0 0 75 71 34 0 0 4 27 0 59
 0 6 0 0 0 0 68 75 0 0 4 27 0 0 0 0 0 37 0 0 0 33 42 43 83 8 8 0 3 0 55 0 88 19 20 6 1 2 0 0 21 95 21 56 44 0 0 0 0 0 0 59 0 0 0 0 0 0 0 52 0 26 33 0 81 0 10 0 0 0 0 0 1 68 54 0 27 5 0 62 5 27 39 55 0 0 0 0 0 0 0 0 0 0 0 87 0 0 0 65 29 3 14 0 50 54 0 0 44 0 21 0 28 0 0 0 35 25 23 0 0 17 60 80 0 14 56 10 40 0 31 0 35 63 56 0 0 42 2 5 52 23 0 0 20 80 23 3 69 10 2 3 0 0 0 0 72 70 0 29 0 52 0 45 0 0 0 0 14 62 55 80 61 11 68 0 0 0 36 0 26 0 0 0 0 92 0 5 84 64 14 0 0 0 14 0 0 14 49 70
 0 17 0 18 0 74 0 78 20 69 0 0 0 3 0 43 0 0 0 0 5 47 83 59 60 0 44 0 44 0 6 37 0 14 0 0 0 71 0 0 0 0 0 0 0 0 47 0 0 6 0 0 0 0 0 0 65 0 8 0 56 0 64 0 39 0 0 0 0 9 0 75 0 38 0 0 61 29 0 0 43 0 27 0 16 0 7 0 13 0 0 31 14 0 36 43 2 10 0 0 0 0 0 63 0 0 0 18 20 0 0 0 0 0 0 1 16 29 9 49 0 0 0 0 0 0 0 69 76 20 0 0 71 0 0 0 0 10 14 0 0 59 0 79 84 52 0 0 0 0 97 0 0 0 6 0 46 33 0 17 13 0 0 0 0 0 16 19 9 0 0 61 18 0 22 0 0 0 14 17 0 0 0 42 0 5 0 0 50 0 25 0 84 0 9 38 0 0 0 0
 0 0 0 45 2 90 25 0 5 0 45 0 0 0 42 14 27 16 14 13 0 0 0 1 0 0 10 87 30 19 0 9 0 39 7 0 0 0 0 0 0 1 0 0 68 0 0 0 0 37 73 0 0 0 0 0 0 22 25 4 52 18 25 94 29 11 0 36 0 0 2 22 4 28 35 45 0 6 0 0 5 0 0 59 17 0 51 0 68 35 0 25 0 29 19 0 33 0 0 0 0 0 20 0 0 20 0 68 18 0 22 0 24 0 6 33 15 0 0 52 4 0 68 0 34 36 0 65 12 0 0 59 0 61 0 25 0 0 0 29 0 10 95 0 64 1 0 51 69 72 20 0 54 0 9 85 0 0 48 15 45 6 0 0 0 40 0 19 0 0 0 71 0 7 0 10 24 44 0 48 0 19 7 48 14 16 0 19 2 28 0 0 5 55 51 92 0 0 0 0
 34 0 27 22 0 49 0 30 0 9 59 10 0 0 38 23 57 14 0 11 0 26 0 5 0 0 0 6 0 24 20 51 0 60 0 0 9 0 10 36 19 0 51 0 25 90 0 20 0 20 0 28 3 31 0 0 18 27 2 0 28 0 0 0 81 28 22 0 85 0 0 90 0 0 0 53 0 22 0 0 0 55 0 54 34 39 54 0 0 22 5 0 0 0 0 0 0 10 1 3 0 61 0 0 0 0 0 0 27 0 0 0 0 35 7 29 0 43 0 6 6 32 7 55 40 0 59 26 17 60 0 0 26 6 16 0 0 0 0 10 0 0 19 59 0 0 0 76 46 19 0 0 23 7 51 0 0 61 84 0 1 0 0 15 59 0 0 0 0 0 43 3 0 0 58 0 5 34 59 71 0 26 0 82 38 0 49 68 52 20 0 27 2 81 0 0 53 45 82 7
 0 5 0 0 5 65 69 0 74 0 77 52 6 0 0 8 0 13 0 0 0 0 27 49 27 0 0 7 0 0 56 0 8 13 0 0 3 0 0 85 1 0 38 66 0 0 51 25 0 0 0 6 50 0 0 9 0 72 0 0 0 9 69 0 0 41 23 2 62 0 45 0 0 4 0 0 32 0 0 0 0 7 0 28 44 0 0 0 0 43 11 35 92 8 0 12 0 0 26 0 0 0 0 23 0 16 19 0 0 10 30 0 0 0 0 21 34 56 0 43 11 36 0 13 0 0 7 55 0 0 74 22 9 5 0 0 70 0 9 70 49 16 0 0 0 0 0 43 4 0 0 27 0 13 75 0 27 65 0 0 0 41 0 0 0 0 0 84 0 0 0 33 0 3 0 0 0 22 0 0 53 0 0 38 0 7 0 21 69 0 72 0 32 0 47 0 46 0 39 0
 0 19 0 0 0 0 0 0 0 9 0 0 0 2 0 0 54 0 0 0 86 26 37 82 0 42 22 0 0 0 0 0 13 0 50 63 36 7 0 2 0 54 3 11 0 0 37 8 89 25 0 0 0 0 0 0 3 0 0 19 0 0 10 85 0 0 70 24 42 10 71 48 0 0 0 80 0 67 10 0 58 0 0 79 0 9 76 0 14 4 0 47 0 0 0 55 0 54 0 0 63 76 49 49 22 0 91 61 24 46 23 0 39 31 0 25 10 0 12 0 34 0 6 15 0 0 0 42 7 0 6 0 56 0 0 0 91 0 15 0 0 58 0 52 0 0 0 62 12 0 4 12 35 0 78 0 0 12 0 0 0 54 0 3 63 0 66 44 0 31 0 11 53 27 0 0 0 0 0 44 99 0 28 11 0 61 12 59 14 49 0 12 0 56 35 0 0 0 0 59
 0 0 81 0 56 70 29 0 3 74 28 0 0 5 32 0 6 0 0 81 1 16 0 81 0 42 0 0 0 0 0 51 0 5 0 56 0 0 48 0 0 0 0 5 38 0 23 0 0 48 0 53 0 0 55 0 33 64 21 16 25 53 9 0 77 0 0 64 0 73 0 23 0 30 0 0 7 37 0 0 0 0 15 2 33 0 63 13 0 35 10 18 31 39 0 0 88 15 0 25 7 0 0 0 39 0 28 0 0 49 0 0 37 6 0 0 8 11 0 82 0 1 0 0 0 0 2 7 0 0 0 0 70 0 0 9 0 0 58 4 0 0 0 88 16 0 0 0 0 3 0 0 0 0 0 0 0 23 50 0 9 43 14 0 25 0 0 0 12 7 0 0 0 22 7 22 72 12 63 0 0 0 40 1 5 0 36 0 26 0 47 0 18 0 0 0 35 40 0 0
 0 0 38 0 0 0 0 0 30 27 57 25 0 1 0 2 0 43 11 3 0 7 3 62 29 0 25 0 0 0 31 0 0 0 70 0 0 0 0 0 0 0 4 0 0 30 13 0 0 0 73 0 27 36 21 8 0 2 0 0 0 10 12 13 0 0 0 25 28 26 0 4 0 0 0 0 12 14 0 0 0 0 53 0 0 0 29 0 2 0 48 35 0 75 82 0 0 37 0 24 9 16 68 0 0 0 0 0 0 14 0 0 39 3 55 0 0 26 0 0 0 0 0 0 0 30 0 74 55 19 0 37 45 81 0 0 0 0 0 13 26 0 0 0 34 76 0 28 35 0 0 49 0 35 0 9 32 0 43 0 17 50 0 0 32 33 38 34 0 15 0 7 28 40 1 3 8 0 34 1 53 0 9 14 0 11 0 70 0 0 19 2 0 0 72 0 0 0 0 33
 0 0 0 8 0 0 0 82 0 0 6 4 0 0 0 52 13 22 0 0 0 0 40 31 0 12 0 0 34 0 0 0 57 0 70 13 8 0 25 21 0 80 0 77 44 2 0 0 0 23 0 69 44 0 0 0 5 0 0 0 11 41 0 54 21 49 0 0 0 48 0 13 0 23 42 0 0 0 23 0 0 32 0 65 0 0 0 0 1 0 13 57 47 65 0 14 0 0 48 0 3 36 0 40 27 0 6 19 0 15 0 16 29 35 25 4 0 84 0 65 65 2 14 0 15 0 0 2 10 0 0 0 0 0 0 0 43 1 0 62 0 41 8 0 0 0 0 0 83 20 31 22 0 0 0 64 0 0 5 18 0 0 2 0 16 0 0 43 19 66 0 46 0 45 0 0 0 47 35 10 0 71 0 42 0 57 21 1 6 13 21 42 0 43 0 42 9 0 35 57
 0 12 36 25 1 3 21 92 33 16 49 58 72 14 12 0 30 0 0 82 0 4 0 0 0 0 15 0 15 0 0 0 12 0 11 0 15 28 0 0 4 27 34 0 0 0 48 0 40 15 0 0 30 0 0 0 32 0 5 29 18 63 38 0 55 0 0 82 86 46 87 0 0 20 42 0 0 32 0 0 0 20 0 12 69 5 45 0 0 25 0 24 0 57 0 0 0 46 61 4 14 0 51 0 0 46 66 0 0 4 0 0 87 54 65 0 0 29 0 0 65 88 94 73 0 0 0 3 97 5 12 0 0 0 0 0 0 0 0 58 0 0 0 12 82 31 68 0 0 74 11 0 0 31 0 57 0 58 77 10 0 0 4 88 25 0 0 0 13 55 0 0 0 43 17 0 0 0 0 0 27 40 0 0 0 0 0 0 0 12 0 0 0 0 7 27 67 57 80 27
 17 0 0 13 69 41 29 0 67 15 58 37 0 0 40 0 19 0 34 0 0 20 36 0 0 26 34 0 42 0 12 13 0 0 54 0 18 56 52 0 12 40 0 48 61 0 0 0 17 78 0 3 0 0 0 20 0 0 23 22 0 30 0 0 0 6 0 0 0 0 9 73 5 21 77 1 0 0 0 12 22 50 4 0 44 66 3 0 0 0 46 0 0 0 0 60 20 71 83 0 0 6 16 79 35 13 49 0 0 0 19 0 0 49 0 68 0 0 9 0 25 0 14 0 0 0 0 0 0 85 39 43 0 0 0 90 0 0 5 23 26 60 20 0 0 0 0 0 10 43 10 38 0 23 0 41 0 18 0 30 0 0 1 0 0 0 64 0 0 36 1 0 31 0 0 0 25 0 7 24 83 69 17 14 5 31 29 5 0 81 0 57 0 21 0 43 36 0 17 0
 41 32 0 0 0 0 18 0 0 0 0 37 2 97 0 0 18 15 10 0 57 29 0 35 0 0 0 0 57 0 33 0 20 0 6 20 48 0 75 0 1 0 0 20 16 78 0 0 33 63 5 0 40 0 75 5 0 0 37 0 0 0 2 0 16 66 46 19 23 72 9 0 62 8 21 41 0 0 60 0 63 50 0 0 0 2 0 10 0 0 27 0 0 27 0 0 0 49 66 35 34 32 6 0 0 0 46 36 0 0 5 0 21 0 0 48 16 15 81 0 25 35 0 0 0 0 29 0 0 0 48 67 0 0 0 0 1 0 12 31 0 0 0 0 3 3 46 0 0 1 27 11 0 0 0 63 33 59 14 0 0 21 4 20 11 0 25 0 20 0 0 0 0 0 0 24 0 0 0 68 0 0 0 0 0 0 20 81 0 0 24 0 11 52 19 0 0 0 39 0
 0 19 82 62 12 25 56 0 68 2 76 0 20 0 0 69 0 0 76 30 64 24 0 0 41 28 0 0 0 24 93 0 0 66 53 1 0 11 11 0 36 14 0 45 58 21 0 0 14 3 47 26 0 73 0 0 9 37 41 51 0 0 0 0 62 0 12 0 41 0 0 0 0 65 0 20 41 78 0 0 60 2 0 0 69 0 32 0 24 17 11 0 15 0 55 41 0 0 72 42 41 0 3 0 55 0 0 34 62 0 40 0 0 0 0 46 0 5 7 0 0 0 0 38 0 0 7 58 0 0 21 35 38 33 0 0 0 28 39 67 0 29 60 0 0 18 58 47 0 71 0 0 0 0 0 33 25 28 43 0 0 0 66 0 44 0 87 40 0 0 0 0 15 0 0 29 0 0 0 52 57 16 19 0 1 0 26 55 6 40 25 40 7 0 6 0 2 11 16 0
 0 0 58 0 80 0 0 0 0 52 4 0 42 0 13 8 60 0 52 31 35 46 15 0 0 8 0 0 24 0 66 73 36 43 0 23 0 0 0 10 0 0 43 42 29 0 27 23 95 0 0 0 60 28 26 39 0 11 0 53 27 0 50 0 51 47 30 69 35 0 0 0 0 37 73 0 44 0 0 16 89 36 82 43 0 49 54 0 26 0 0 0 42 0 33 0 38 32 0 0 0 0 68 0 13 0 0 0 89 0 0 0 0 0 0 0 0 0 87 35 0 24 20 24 70 54 0 43 46 26 94 17 39 72 0 25 0 9 0 0 58 0 21 9 0 0 0 0 0 0 42 39 0 11 0 0 64 0 0 0 19 22 0 11 0 21 3 17 0 0 68 47 0 7 29 42 13 0 0 0 0 32 0 0 0 0 0 0 0 0 0 0 62 0 0 29 43 0 10 0
 2 0 17 0 64 75 41 36 83 0 57 0 0 0 12 0 0 47 0 5 34 8 69 0 0 0 0 1 2 29 0 0 0 0 0 0 0 4 0 29 0 0 0 0 0 0 0 0 18 57 84 0 18 64 11 0 23 53 82 14 0 27 4 0 0 24 0 68 46 66 77 0 0 0 4 91 0 46 0 0 14 43 0 0 1 0 28 0 0 0 0 61 0 0 63 0 5 14 63 0 53 0 0 0 12 0 19 0 48 0 0 52 48 6 60 0 13 10 0 41 0 22 18 0 0 28 0 69 78 0 0 9 0 0 0 8 50 0 0 0 65 0 4 0 0 0 0 41 17 0 0 1 4 6 0 13 9 0 0 0 5 0 6 31 41 2 0 0 33 0 25 25 50 15 0 25 0 61 0 0 28 0 0 0 0 0 83 0 5 18 0 39 0 41 0 0 0 0 18 37
 41 34 0 31 25 21 0 0 9 0 56 0 0 0 7 18 14 0 0 32 25 0 0 30 0 0 15 0 29 0 0 56 0 0 22 23 45 32 0 0 0 0 0 0 0 18 88 0 5 43 0 0 0 0 3 0 23 15 64 36 0 0 0 55 45 0 15 0 0 28 36 15 52 0 0 40 45 0 15 0 0 0 38 41 0 0 0 90 1 6 21 0 76 11 0 58 12 0 0 0 0 25 10 47 57 7 78 0 0 0 0 58 25 0 0 0 46 0 0 0 27 58 0 0 13 0 61 0 45 0 54 0 7 9 0 9 73 36 0 51 0 0 56 0 64 50 0 9 0 29 34 0 22 9 0 0 95 59 47 0 18 0 63 0 0 0 43 0 0 51 32 0 0 0 0 34 0 13 0 52 15 0 26 7 0 32 0 0 50 38 0 92 22 34 24 0 28 0 54 0
 9 0 17 36 2 0 0 54 0 0 13 0 0 0 3 18 81 63 18 0 74 10 40 10 0 18 64 3 76 0 77 0 0 15 0 0 65 0 0 0 0 56 19 80 0 62 0 0 79 62 0 16 56 0 0 32 60 0 0 0 59 0 0 0 0 31 0 0 0 3 0 25 19 0 9 0 26 24 7 7 0 0 0 76 0 80 0 0 0 0 0 18 0 7 0 69 72 20 32 34 0 13 0 0 2 0 0 7 53 24 18 43 39 0 51 67 0 0 0 0 0 27 0 65 0 0 0 0 0 0 0 89 0 0 39 41 67 40 0 72 39 62 7 23 26 52 24 63 0 0 0 35 56 29 0 19 12 7 0 76 66 56 0 26 10 0 38 26 0 0 16 0 0 0 0 0 2 44 37 0 0 16 0 0 0 26 28 17 40 0 0 29 0 0 0 0 0 30 0 0
 0 0 0 83 0 62 25 0 29 0 69 0 46 1 36 0 0 41 0 19 80 46 37 41 72 0 0 0 0 23 32 0 30 45 0 20 0 5 0 0 49 0 23 0 49 45 0 0 27 42 50 0 40 0 28 15 0 0 0 0 25 18 35 43 0 80 0 4 58 0 2 8 0 11 47 2 0 0 80 0 0 0 63 12 32 52 0 33 0 0 19 33 11 56 0 76 15 21 0 0 7 0 0 0 58 0 0 0 0 65 0 0 78 31 38 43 0 42 4 0 44 37 0 76 81 0 38 0 0 0 0 0 32 57 20 44 0 44 80 62 0 0 37 7 68 11 70 0 86 11 0 21 0 0 0 16 0 0 19 0 25 0 27 47 0 0 0 0 15 18 0 0 43 28 0 0 3 75 15 2 0 12 83 28 0 62 30 0 0 25 0 61 0 36 16 18 0 50 43 0
 27 4 2 0 0 0 0 0 27 10 0 77 0 0 0 0 9 7 9 0 0 0 11 0 29 36 0 0 60 43 39 25 0 0 0 20 0 0 26 0 0 75 37 56 0 0 0 86 70 48 18 14 22 11 0 12 25 2 13 0 0 0 0 14 21 50 27 73 52 48 19 0 23 66 0 24 17 0 45 23 0 9 0 0 10 0 0 18 23 45 0 2 0 84 0 0 0 0 63 0 0 77 83 0 10 0 3 50 46 0 22 0 38 7 0 0 41 0 5 33 0 0 20 0 32 0 0 10 0 17 50 29 0 0 0 0 0 0 0 0 0 0 15 26 38 35 10 19 0 65 10 2 0 91 0 0 13 50 48 0 27 0 8 0 0 0 15 14 0 60 6 0 0 0 2 38 18 42 28 0 0 0 0 0 15 0 23 0 0 1 0 73 40 0 21 39 0 6 0 82
 0 11 0 89 0 23 0 41 37 8 65 0 0 54 0 36 0 0 0 8 15 0 0 0 0 28 0 87 4 37 20 23 9 0 8 0 44 29 37 49 0 0 60 0 0 17 0 0 83 0 43 0 26 0 4 0 0 28 3 9 16 0 0 0 66 45 0 43 28 27 80 0 0 0 0 0 57 39 40 24 53 0 22 0 0 39 39 28 0 25 57 0 0 0 12 11 0 22 0 27 22 32 0 0 0 55 0 77 0 79 40 0 0 4 25 0 0 0 0 2 17 32 0 20 32 11 0 0 1 6 55 12 11 15 38 29 16 19 0 0 0 0 0 0 0 79 44 51 5 0 0 54 0 0 0 64 0 6 75 22 28 51 0 4 58 0 0 0 79 0 56 27 80 0 12 0 0 21 75 0 1 0 13 0 47 30 0 23 27 66 0 56 13 0 0 57 0 43 30 0
 10 0 48 30 34 9 0 88 14 25 0 0 0 27 0 7 24 0 0 45 0 37 23 0 0 30 0 43 0 0 8 0 0 0 0 87 35 0 62 0 60 0 0 48 66 0 0 0 12 25 28 21 0 0 31 0 15 0 0 32 47 0 5 35 0 0 21 21 35 0 0 0 0 0 0 0 58 26 4 0 0 11 67 0 5 4 35 38 0 61 0 20 0 49 0 0 32 0 0 38 30 0 0 7 62 0 0 0 80 0 9 23 56 13 0 53 0 24 0 34 58 0 0 0 0 17 60 0 14 0 0 19 47 69 0 0 13 0 0 10 0 0 0 0 0 33 8 0 0 30 0 2 45 0 0 0 10 0 0 0 0 0 5 0 0 47 0 37 68 0 0 0 0 0 15 75 0 0 45 20 0 42 27 4 16 0 0 0 92 72 33 9 0 0 28 0 67 5 0 0
 0 79 0 24 0 46 0 1 0 0 4 31 25 0 0 21 21 5 0 64 24 1 0 0 0 0 33 0 65 0 0 32 28 3 0 15 6 17 0 13 22 91 38 0 0 54 0 19 7 70 0 0 0 0 22 75 0 48 0 5 7 0 0 78 30 67 2 0 0 3 43 0 71 6 0 11 0 34 0 29 0 0 21 82 27 69 28 38 26 0 0 0 4 34 27 61 0 16 24 42 0 37 0 67 19 12 0 0 67 0 0 0 0 0 34 0 3 0 0 0 1 41 0 37 0 3 0 63 4 0 34 35 0 12 47 67 0 19 0 29 53 14 0 0 0 5 0 0 0 0 2 83 32 30 0 0 8 0 0 0 0 90 5 0 0 41 42 2 0 0 6 24 30 0 36 54 55 0 0 77 0 36 0 42 0 76 0 0 0 73 12 17 0 0 0 45 0 0 0 41
 0 0 0 0 34 0 0 12 0 2 0 17 0 23 0 12 58 11 0 0 22 16 0 0 0 0 35 20 1 0 0 0 36 0 0 50 0 0 42 6 76 0 0 1 46 4 53 69 0 0 0 32 56 22 22 0 15 75 44 0 0 0 40 0 0 0 0 0 44 0 0 20 12 53 0 38 0 0 0 26 7 50 0 72 5 0 0 0 0 0 0 42 45 0 0 16 9 0 0 42 0 1 0 15 33 0 0 58 0 0 93 37 0 8 0 0 45 0 88 0 0 0 4 50 0 0 69 24 0 0 0 0 0 0 0 37 0 0 0 48 3 0 0 0 66 0 30 5 0 72 0 0 0 0 0 40 24 0 0 24 0 26 22 0 87 0 0 19 0 74 21 0 3 0 0 0 0 9 0 31 5 30 0 7 0 0 3 0 0 81 44 0 0 0 4 6 0 29 0 8
 0 15 0 0 0 0 25 0 48 18 6 0 3 20 63 75 3 0 21 49 0 0 0 0 0 0 0 0 8 7 48 0 0 24 0 36 0 52 83 0 0 0 36 20 57 18 0 0 54 0 12 35 0 35 2 0 37 0 0 50 46 14 0 0 0 0 31 0 12 37 0 0 41 0 43 0 33 2 0 0 28 0 0 0 80 0 18 0 0 0 70 0 0 14 2 0 58 17 49 62 0 12 0 0 23 0 7 35 0 33 28 0 80 0 28 0 58 21 63 61 0 0 3 0 0 0 0 0 0 0 48 1 0 0 0 0 0 0 71 19 0 53 0 7 0 0 0 0 0 73 55 0 28 0 5 1 39 0 0 62 0 54 0 39 0 24 0 35 46 0 28 0 0 11 0 0 4 0 79 0 16 69 0 0 0 68 0 0 0 84 2 52 7 0 28 76 0 0 32 58
 0 43 34 37 0 50 0 16 24 64 37 83 0 70 11 34 47 0 68 0 0 0 0 86 51 0 0 26 0 9 0 20 0 7 0 0 2 56 0 0 10 0 17 71 44 24 0 0 15 0 2 0 0 3 8 0 0 24 0 19 10 6 46 14 0 34 0 26 14 10 0 0 0 23 0 6 26 0 0 3 0 0 0 32 51 41 0 0 0 11 0 0 0 14 0 0 0 5 0 0 0 48 21 0 0 0 0 65 0 0 25 36 31 34 0 0 13 0 22 0 0 14 0 0 65 44 0 26 0 51 0 0 2 0 0 0 49 0 0 0 0 1 76 66 23 0 81 0 0 19 0 12 13 0 0 0 30 0 53 0 67 0 62 33 41 82 0 0 0 0 0 17 39 0 0 0 24 0 9 63 0 7 55 0 0 0 21 66 26 30 0 0 37 44 1 28 29 0 0 6
 0 32 0 0 0 13 6 22 7 24 9 0 73 0 4 0 20 0 51 0 10 27 0 0 0 0 14 8 0 0 0 80 0 0 0 0 0 0 2 0 0 10 0 0 0 0 0 14 0 0 58 45 34 5 1 46 0 0 27 0 12 2 0 0 0 65 0 0 0 64 0 0 44 0 0 0 75 29 1 38 0 0 0 9 0 10 7 0 54 0 52 0 27 4 0 0 0 75 0 15 4 69 0 0 0 0 34 0 0 0 0 0 54 10 19 0 81 62 25 0 0 17 34 20 51 0 80 0 0 12 56 46 0 0 0 61 12 6 59 64 16 44 39 0 0 0 36 16 32 0 0 0 0 0 0 77 0 16 56 0 0 30 15 0 0 0 10 0 0 45 9 72 0 32 0 0 59 53 4 0 84 29 0 4 33 0 0 66 0 14 0 0 0 0 0 0 53 0 0 18
 27 0 13 38 30 54 61 0 0 27 9 29 0 0 3 31 0 7 15 0 0 55 0 0 51 33 0 12 0 76 0 66 18 9 51 0 0 10 53 36 0 0 0 54 0 0 62 7 0 14 1 36 0 0 52 55 76 0 0 0 85 38 29 11 5 49 18 0 47 35 4 22 0 74 0 42 0 92 0 0 0 0 0 14 15 15 70 67 6 18 0 69 65 0 29 38 0 93 0 31 0 81 0 11 27 52 0 0 0 0 73 18 11 0 21 0 43 58 1 54 0 46 16 49 0 0 62 0 29 0 1 0 0 81 77 28 0 27 0 4 0 11 16 0 0 65 0 0 24 43 0 53 13 0 12 8 17 0 31 41 0 20 0 18 0 8 0 0 71 59 0 26 0 37 81 0 0 0 43 0 0 49 24 0 0 0 64 0 4 0 24 0 0 6 1 0 0 34 0 47
 31 0 69 8 0 0 0 37 22 20 0 0 0 9 13 50 1 51 2 0 3 0 16 96 0 39 0 14 65 25 0 0 5 0 0 0 14 21 15 78 7 0 32 0 26 0 0 0 0 52 0 0 0 58 0 0 0 46 0 0 0 4 0 0 58 48 0 16 0 0 16 2 83 0 0 5 0 9 8 0 46 18 0 26 43 41 0 0 88 0 0 46 18 1 0 60 17 0 46 10 3 15 0 78 0 0 61 56 0 60 45 0 0 49 48 70 0 0 37 0 0 89 10 9 49 3 7 0 5 0 0 0 5 32 0 2 20 4 65 0 1 69 6 0 0 0 0 21 21 0 0 0 88 29 12 41 0 0 0 0 0 18 43 0 9 0 0 0 16 0 0 0 43 2 0 71 0 15 62 43 94 0 10 0 28 0 10 0 0 0 0 0 0 69 0 0 80 16 0 0
 14 0 44 0 78 19 52 0 0 23 0 37 0 6 13 0 0 3 3 0 57 0 0 0 26 0 0 63 47 0 46 0 37 29 0 29 0 39 0 36 49 0 0 13 51 0 0 90 0 0 90 48 0 0 48 33 0 23 12 0 48 18 19 0 0 0 0 0 43 23 0 4 41 0 73 63 0 64 14 0 0 0 20 41 9 0 20 0 42 93 0 4 26 0 0 0 57 0 0 0 99 17 0 11 35 0 39 0 0 6 0 0 0 80 0 24 0 0 0 0 68 0 0 16 5 48 33 73 65 20 43 0 0 0 62 55 23 37 0 51 0 0 52 0 60 25 7 66 3 25 37 23 58 52 5 0 0 17 82 9 19 12 0 47 83 56 0 0 12 39 0 0 1 45 0 0 0 28 22 57 86 18 0 29 0 17 0 0 24 0 57 0 0 0 1 0 0 0 28 1
 0 0 0 0 18 73 0 45 4 0 0 0 0 0 0 31 28 85 0 0 0 15 28 0 20 18 54 0 24 4 86 25 66 0 3 0 0 33 28 29 0 0 0 30 75 0 0 54 0 0 0 0 0 0 0 0 0 75 0 0 21 20 33 41 0 0 61 0 0 0 41 0 0 0 57 19 0 90 0 65 0 32 17 73 0 44 0 63 6 4 77 70 29 0 0 0 11 1 1 28 0 0 19 0 18 7 24 0 0 51 0 39 0 0 71 0 0 0 16 12 58 18 0 27 0 0 0 0 0 0 0 0 11 7 38 56 0 41 56 37 0 0 32 59 0 89 27 30 45 0 0 0 0 0 0 0 14 0 0 34 23 59 4 26 7 41 0 43 6 73 31 0 19 0 19 0 0 25 0 60 79 0 17 15 63 6 0 24 0 0 0 0 0 29 60 0 0 0 58 3
 7 0 5 30 86 0 39 24 0 0 52 31 52 11 0 0 0 0 58 76 0 0 79 0 89 24 0 19 0 68 5 55 16 0 0 0 33 0 39 0 21 10 0 9 0 7 41 0 0 6 90 0 0 29 52 0 20 17 42 7 0 31 0 0 29 0 0 0 0 0 0 49 29 35 9 0 18 0 0 0 53 0 0 0 8 41 4 0 0 0 0 42 26 0 12 45 0 0 0 0 43 0 0 65 0 0 0 0 19 19 27 25 0 0 0 0 0 11 0 24 21 11 37 10 0 0 15 11 9 0 0 43 0 16 0 0 20 40 0 0 43 0 0 0 0 49 0 87 94 83 46 0 0 0 50 0 0 14 5 33 0 55 25 70 0 33 0 81 17 0 41 10 46 34 0 16 1 8 6 32 0 0 30 15 0 0 0 0 0 0 0 91 0 6 22 27 0 0 0 13
 0 0 41 0 0 79 0 22 0 32 15 28 0 0 0 10 79 35 56 18 34 0 18 0 0 0 90 18 86 57 6 0 35 0 0 21 0 0 0 0 5 43 75 53 42 0 51 43 39 0 34 28 34 31 0 31 47 0 0 0 0 26 0 35 5 0 42 0 48 0 1 55 31 0 0 22 0 50 0 36 26 45 0 0 21 51 0 0 0 0 0 0 56 47 0 0 80 38 0 0 0 0 0 19 0 36 0 0 0 35 0 0 0 62 0 43 3 0 13 0 2 53 0 0 17 0 75 31 62 0 57 0 58 1 34 0 64 44 0 20 0 17 0 0 12 0 0 0 30 73 0 0 86 0 8 0 51 0 41 28 54 0 14 47 53 12 0 0 0 63 52 0 2 74 0 0 0 7 2 37 53 0 8 70 5 0 0 0 0 0 0 12 24 56 19 21 0 82 0 21
 16 0 11 45 3 31 12 2 0 0 37 32 45 0 0 0 8 0 0 16 0 14 0 0 5 0 0 85 41 0 7 0 60 82 70 0 0 8 0 0 0 0 0 43 0 69 0 16 18 0 0 0 0 43 6 40 16 38 67 0 0 69 63 0 8 0 65 0 0 0 0 1 0 88 11 11 0 0 0 0 34 0 0 11 0 0 0 22 0 52 41 90 0 51 0 59 0 29 0 30 0 24 0 0 66 0 49 0 0 19 27 0 0 10 9 0 0 0 4 0 0 47 0 0 88 0 64 66 0 0 0 0 0 18 0 32 12 0 0 0 0 86 0 24 0 22 39 0 0 45 14 0 42 0 38 0 0 0 0 27 18 0 0 27 77 0 4 84 13 17 30 0 0 0 0 0 21 6 0 4 0 15 84 0 0 35 0 0 22 19 9 0 81 0 0 2 8 0 6 0
 69 78 7 0 8 27 0 0 70 0 7 29 35 0 0 8 0 0 0 74 44 0 0 0 0 0 27 0 0 4 11 0 0 0 0 99 28 0 31 0 0 0 0 0 0 0 8 6 28 16 47 35 2 13 17 0 0 39 9 20 0 40 0 0 25 80 11 20 0 4 64 22 53 0 0 0 56 54 0 58 0 48 0 47 0 74 13 0 14 45 1 0 76 20 59 4 0 0 22 0 52 7 38 0 96 0 0 0 55 0 13 0 0 29 0 0 60 0 0 43 33 0 0 0 0 0 59 6 3 39 45 0 49 0 27 3 69 49 8 78 0 34 15 19 80 0 0 45 0 25 0 22 70 6 0 10 0 0 65 23 0 10 0 16 35 33 0 0 0 0 0 59 0 34 46 27 72 0 79 0 0 0 0 0 44 0 10 0 28 0 21 0 36 0 0 0 85 0 0 13
 19 0 0 0 63 67 16 6 4 0 49 9 37 0 0 0 65 0 69 0 0 89 70 52 29 1 0 3 0 30 0 19 0 8 57 52 46 0 57 0 0 31 2 10 0 0 0 0 0 0 61 20 0 0 26 0 0 0 0 0 0 0 0 47 40 0 0 7 30 0 84 0 49 0 23 23 0 0 0 5 0 6 0 0 37 38 21 0 0 47 33 0 30 0 0 92 5 42 39 0 20 0 0 68 0 28 0 4 67 0 0 29 0 11 2 8 10 23 0 24 5 0 17 66 0 3 0 55 5 0 0 0 54 40 21 0 44 0 0 38 18 5 0 25 0 46 0 0 0 0 39 0 0 12 0 0 0 36 0 0 55 6 29 0 33 6 28 38 0 0 0 0 47 0 20 35 9 42 0 0 11 0 0 0 0 0 0 0 29 17 0 2 0 0 0 0 0 0 42 24
 39 33 15 0 37 0 0 0 27 0 55 18 0 12 0 12 0 0 0 57 33 25 0 52 0 0 0 16 0 0 0 0 0 24 26 26 69 21 22 0 0 0 0 0 22 84 16 0 0 24 0 34 34 21 15 0 0 19 0 0 22 73 0 0 18 0 23 0 60 13 24 0 40 40 0 0 0 0 0 24 11 0 69 0 0 54 25 52 0 0 0 44 0 58 49 0 77 0 0 0 49 0 0 35 0 45 80 46 18 75 0 10 0 18 1 64 18 0 0 54 0 0 8 0 0 27 16 13 0 23 0 8 76 0 7 13 65 0 21 0 0 0 48 59 0 13 0 14 0 24 0 34 0 26 96 0 0 0 0 0 0 5 26 13 0 0 0 0 23 0 40 29 0 0 0 58 22 0 0 39 61 0 0 54 41 0 0 78 18 15 0 0 19 0 0 0 0 0 0 24
 57 32 0 0 8 0 0 0 0 0 2 9 0 54 0 0 22 44 19 0 51 17 0 44 0 5 45 0 15 24 13 11 0 0 0 72 0 0 60 53 0 0 0 0 33 63 16 3 41 11 0 16 53 0 1 1 0 0 12 0 41 24 0 11 0 12 0 0 0 42 0 0 0 14 0 0 0 0 0 20 0 62 0 2 0 0 0 0 62 20 0 49 0 0 26 0 29 93 46 55 13 0 0 56 0 11 0 0 20 40 1 62 0 0 0 2 29 62 0 0 0 25 0 72 0 25 0 29 27 13 23 0 0 4 0 24 0 0 27 0 0 0 27 0 0 19 0 0 0 11 34 14 0 26 71 0 24 0 1 0 16 29 0 20 16 1 75 0 45 33 9 83 0 0 52 18 68 0 0 8 6 73 0 1 0 0 63 10 0 1 10 0 0 0 0 42 0 0 76 0
 0 0 48 33 27 0 0 34 0 0 0 29 17 0 24 0 0 8 0 55 0 24 25 35 0 47 8 11 0 46 19 0 0 0 36 0 0 8 75 0 0 0 0 8 18 53 0 5 0 0 13 0 0 0 0 0 0 0 0 0 2 74 48 7 0 0 53 48 31 0 0 0 0 0 32 0 56 0 8 0 4 24 0 51 0 35 79 4 0 83 0 27 46 21 0 0 42 0 41 0 0 27 0 41 13 0 49 18 11 0 0 0 0 0 60 0 67 0 0 46 42 0 32 3 5 0 43 28 0 0 0 11 31 0 3 58 80 0 0 0 0 89 55 0 0 34 31 0 29 0 0 21 0 5 19 0 0 40 27 18 0 0 0 54 0 0 0 0 0 0 28 0 41 0 68 51 0 36 0 0 33 0 51 0 60 22 0 12 0 0 11 0 0 0 0 75 9 42 28 0
 0 0 0 3 80 0 0 0 50 0 0 74 22 44 0 0 10 6 0 22 55 0 0 0 0 0 42 0 0 0 52 49 0 6 0 0 48 0 0 10 73 0 26 58 0 38 0 0 0 99 0 93 25 0 73 0 0 29 54 42 0 0 57 68 0 18 13 0 0 85 0 63 0 0 10 22 30 0 67 6 0 0 0 0 0 37 0 0 0 5 0 49 24 0 39 34 82 0 74 76 32 2 94 0 0 0 53 31 0 36 66 49 14 0 0 0 0 30 7 0 1 54 0 0 6 1 39 0 0 65 41 55 0 16 0 0 37 0 0 40 31 0 0 0 0 0 6 0 0 19 0 0 0 9 0 32 0 12 36 3 0 0 0 45 0 0 0 0 50 0 76 35 0 81 19 94 0 0 0 0 4 52 11 0 0 92 8 11 58 75 0 64 0 0 30 0 22 35 0 0
 27 0 2 54 0 0 34 32 54 0 34 0 59 0 6 0 13 0 39 37 0 54 46 0 0 0 2 0 0 0 0 0 45 2 9 4 0 0 9 0 0 0 5 34 33 75 0 12 66 13 0 56 42 0 27 0 0 0 31 15 0 0 14 24 63 23 0 0 0 0 0 57 0 0 73 0 36 32 0 30 0 0 77 76 12 6 0 27 0 0 10 0 2 50 0 0 0 0 32 0 47 49 0 0 72 0 0 33 0 0 37 0 18 0 77 0 14 0 0 43 7 26 0 0 0 0 9 0 4 0 0 0 0 0 14 0 6 20 0 45 0 0 0 0 84 0 34 16 13 0 55 42 2 52 36 0 0 0 5 0 0 0 0 13 17 0 0 0 10 28 0 61 0 56 1 0 0 0 28 15 0 19 17 0 0 27 12 0 0 48 23 0 28 50 0 12 0 29 10 61
 0 0 32 0 29 28 0 0 50 45 11 57 57 0 20 25 0 0 0 42 0 16 0 0 0 0 0 0 0 15 0 11 82 2 0 0 25 51 0 25 0 3 0 0 23 68 0 0 0 0 39 0 68 18 35 0 31 79 0 0 0 0 38 44 0 7 0 27 0 0 7 0 0 24 11 13 0 0 55 0 0 46 0 0 0 0 0 0 0 0 52 19 29 0 0 81 23 63 0 0 0 93 7 0 27 88 0 0 6 31 23 27 45 16 6 0 0 36 0 0 10 50 41 0 0 0 0 0 15 0 76 40 23 0 0 3 43 49 11 0 0 17 0 0 11 0 1 0 68 69 0 83 0 0 34 0 36 0 0 0 0 2 55 51 0 18 0 74 0 0 0 0 0 29 20 0 32 0 0 98 58 0 0 0 28 70 51 27 0 0 0 27 37 0 0 0 41 33 0 30
 9 22 19 58 0 0 0 0 25 0 0 0 39 0 19 0 0 20 0 35 22 0 75 0 0 70 46 0 0 0 0 0 50 0 0 0 5 0 4 29 67 33 0 43 31 65 8 0 0 5 0 0 0 0 0 37 0 38 90 39 2 0 26 0 17 88 0 85 0 22 0 0 0 0 0 4 0 60 47 0 93 21 17 21 1 0 8 22 3 24 0 6 10 22 0 2 6 0 44 0 54 0 32 0 0 21 0 0 0 38 0 42 0 0 0 7 0 0 40 55 0 0 23 0 0 79 0 46 30 0 0 15 22 81 31 0 8 0 0 0 23 0 55 0 0 0 27 28 0 64 0 0 40 3 0 68 0 0 0 0 22 0 0 0 0 38 0 0 14 0 12 0 28 7 33 0 0 0 62 0 0 0 32 0 0 0 87 35 52 0 0 10 0 16 0 46 0 36 0 0
 17 0 34 4 5 50 10 0 4 36 0 0 29 21 14 18 16 0 0 0 21 0 82 0 39 0 43 73 0 0 22 62 0 24 54 0 18 0 0 32 0 0 46 0 15 0 21 0 22 0 19 0 0 0 8 8 0 0 92 0 0 57 0 24 13 0 0 19 23 0 76 0 18 16 35 6 0 12 0 36 33 0 0 0 26 46 5 0 0 0 74 0 0 63 82 0 0 0 0 23 63 40 36 74 0 0 0 81 14 0 0 15 0 0 0 0 23 32 62 0 1 57 0 0 39 0 45 0 30 0 70 0 0 0 0 0 0 64 0 0 1 27 80 28 0 0 4 9 0 0 0 0 0 0 21 0 0 20 0 0 81 12 6 26 0 61 0 37 66 19 32 0 0 0 10 60 58 0 9 0 0 32 0 0 0 0 0 0 0 0 0 0 67 23 0 0 45 5 0 29
 23 13 1 36 67 39 0 0 0 0 0 45 5 15 0 18 28 29 0 15 27 0 0 0 0 77 70 0 13 0 0 3 0 39 0 0 0 0 0 27 0 57 11 0 2 0 88 0 0 0 0 52 54 0 40 0 0 0 39 27 0 0 42 43 8 21 0 0 36 0 10 0 85 0 0 0 0 0 0 0 39 0 0 0 0 9 7 0 0 0 0 2 25 0 0 74 8 1 0 5 0 0 30 10 60 0 0 19 0 25 0 0 13 0 0 0 0 69 11 0 0 0 0 43 33 0 0 38 0 81 17 28 47 5 56 46 0 8 0 0 0 0 0 74 0 0 0 32 27 9 11 0 25 0 18 0 4 58 0 0 0 45 0 0 0 0 0 20 35 0 73 8 0 0 0 0 0 83 25 59 15 0 2 64 45 0 84 23 0 5 0 0 19 0 0 0 22 0 0 13
 7 81 0 44 0 77 52 24 64 0 1 0 0 0 85 5 0 61 11 0 0 0 7 19 0 0 0 16 0 68 22 0 0 0 62 11 49 0 0 0 15 0 0 8 0 22 36 54 0 0 19 0 0 64 0 0 0 0 0 0 0 0 12 0 2 0 21 43 50 21 0 0 25 29 22 17 0 42 45 24 0 62 0 43 29 55 52 0 25 30 0 60 0 41 79 0 0 0 28 92 33 0 0 10 22 47 0 10 18 0 0 0 11 26 0 0 7 0 5 17 0 43 5 16 0 0 18 0 0 43 44 0 54 40 0 0 22 26 0 0 27 0 4 0 0 0 21 0 42 0 25 40 89 0 0 53 14 63 0 0 47 0 15 0 73 18 0 0 0 50 0 59 86 33 0 0 3 0 25 56 0 0 0 15 0 2 43 61 0 23 0 24 0 0 32 8 15 0 0 54
 0 0 0 19 28 18 0 0 0 0 0 0 54 0 84 62 64 13 16 0 0 0 0 0 65 25 29 0 0 0 98 0 0 44 0 0 0 0 2 63 33 0 18 64 13 0 0 0 0 0 5 0 0 42 0 34 13 49 9 0 6 9 5 19 13 0 0 0 4 0 0 0 0 0 44 0 0 25 12 0 86 8 66 19 0 41 0 22 0 0 0 30 33 0 36 40 0 2 0 0 45 9 74 24 33 84 3 0 0 0 0 0 48 0 0 0 6 32 0 97 9 0 26 50 0 64 58 39 0 0 0 0 0 64 0 42 0 0 0 0 19 0 0 0 40 0 19 30 34 55 0 0 25 0 0 3 22 3 28 40 37 37 63 5 44 60 0 0 99 0 3 0 0 78 0 0 49 79 0 90 0 30 22 0 9 0 9 0 19 0 0 17 0 37 27 0 0 63 29 0
 0 0 0 0 24 0 87 0 24 0 33 31 0 0 10 0 60 23 24 15 2 71 0 0 78 34 69 0 0 0 53 3 0 0 0 57 0 75 62 0 0 6 0 17 0 6 0 0 10 0 51 0 0 28 48 0 0 0 30 31 65 74 0 0 44 38 0 20 34 0 88 76 0 0 35 41 23 0 4 0 0 60 30 0 0 0 52 28 0 6 24 3 6 33 11 0 0 15 0 0 0 2 33 0 0 0 83 12 0 0 35 6 79 0 11 0 20 31 42 43 9 0 0 0 0 23 59 10 0 35 43 38 0 21 40 0 31 22 37 0 56 0 59 0 0 0 16 0 0 0 12 1 0 0 12 0 5 0 15 0 0 61 61 11 0 69 36 6 0 0 0 0 0 20 46 21 0 39 0 36 36 55 0 0 0 0 22 16 74 79 0 39 0 1 0 75 0 0 0 0
 0 0 38 0 0 0 0 0 0 0 0 0 0 30 0 23 0 16 24 20 0 0 0 0 20 0 22 0 68 0 0 0 0 0 8 0 12 0 0 0 0 0 0 89 6 10 2 0 20 25 0 0 0 42 0 21 0 0 0 3 0 0 0 0 0 19 0 66 54 31 46 88 3 0 0 0 19 0 71 0 45 0 0 7 33 3 30 14 1 17 26 0 34 27 0 0 0 0 0 0 30 0 55 0 36 0 17 10 14 0 4 0 0 22 12 5 0 0 0 68 43 56 34 14 0 62 0 0 13 0 0 0 57 2 44 16 54 7 26 17 0 42 0 16 0 0 0 44 0 0 34 8 72 29 0 0 64 0 12 5 53 14 7 6 6 18 88 42 0 0 87 0 13 10 0 0 0 15 25 0 0 24 84 41 72 0 0 36 54 10 57 0 3 51 0 38 0 0 17 27
 0 8 0 46 24 14 54 0 0 78 74 21 1 0 0 0 19 0 0 0 0 0 0 17 35 42 0 45 65 0 55 0 11 53 18 1 0 52 36 11 58 0 0 64 0 12 0 0 32 0 0 0 0 0 52 15 44 0 0 0 0 3 0 21 1 0 0 0 0 0 0 22 53 44 33 32 7 0 0 19 0 14 51 18 0 20 11 34 0 0 0 0 0 0 35 18 0 0 53 0 11 0 0 42 0 69 73 39 50 28 0 0 6 54 61 0 14 10 0 0 0 44 0 0 36 0 0 1 24 33 0 0 0 0 0 16 12 73 0 25 0 33 15 2 24 12 74 64 0 36 48 41 0 0 22 0 4 2 54 85 0 0 0 0 0 0 9 1 0 17 0 0 0 0 0 0 0 0 37 6 0 0 0 0 0 0 0 0 11 44 0 0 0 18 3 0 0 5 0 0
 0 4 0 0 46 3 9 81 0 2 29 37 12 10 85 0 0 0 0 0 21 0 28 0 6 26 0 35 0 25 0 0 3 0 0 0 51 0 5 11 49 12 68 15 0 76 57 11 0 66 79 91 71 79 0 1 0 83 69 0 0 0 73 0 20 0 0 7 70 48 34 0 0 0 41 18 53 0 50 0 0 0 11 0 0 0 7 0 0 55 62 0 29 0 0 80 1 0 50 0 0 0 64 7 82 52 87 0 0 15 72 0 22 0 0 9 0 0 0 0 5 12 8 0 0 52 66 99 63 0 61 20 0 0 0 0 16 0 5 63 0 0 0 34 0 66 0 0 31 0 0 0 48 0 60 0 0 0 0 74 75 35 0 0 42 17 26 10 0 0 74 0 44 70 57 0 0 0 0 0 0 5 0 5 0 32 46 20 0 0 0 60 0 18 52 59 0 5 9 53
 0 33 0 0 38 0 0 5 0 62 0 0 9 0 0 0 47 0 0 0 83 62 0 18 0 47 52 0 0 0 0 0 39 0 0 0 0 0 50 10 50 0 39 0 0 0 0 0 50 0 0 0 46 0 48 0 0 16 51 13 0 30 19 4 28 28 49 6 13 0 11 8 34 19 12 0 0 0 32 28 58 0 62 0 42 0 5 0 27 26 0 0 38 62 65 0 0 0 60 0 51 0 0 0 24 8 7 0 7 30 21 28 28 6 45 0 27 32 15 19 4 0 44 9 5 0 0 0 66 0 39 0 0 85 17 40 21 23 0 0 86 0 37 6 0 0 0 0 53 38 0 16 0 0 0 33 49 0 13 0 12 0 0 0 96 0 16 4 4 31 0 63 0 0 0 20 0 0 85 0 0 0 14 0 0 55 13 64 27 7 22 15 48 0 0 54 5 0 20 0
 0 34 0 34 5 0 0 64 28 0 34 1 23 91 0 43 50 0 40 0 0 22 0 0 1 42 0 0 52 0 3 0 21 57 0 0 0 0 0 0 21 0 53 0 0 36 0 8 0 61 0 0 0 3 0 0 47 0 38 0 50 0 31 0 43 22 0 0 0 0 0 40 0 92 8 0 0 0 0 0 39 0 67 13 0 0 0 0 67 35 25 24 2 17 10 24 65 19 39 0 0 0 18 26 0 0 0 0 0 0 0 0 77 23 12 0 0 22 0 0 21 61 37 14 0 0 9 27 0 8 0 0 0 29 13 9 52 0 0 0 0 0 48 0 11 0 31 23 0 0 31 0 0 0 0 0 0 0 0 34 0 0 19 20 9 3 0 0 1 0 0 61 24 46 0 34 29 0 0 41 0 69 77 16 0 77 71 90 38 0 0 0 7 0 0 0 59 7 0 0
 10 0 0 65 69 13 24 0 0 0 45 21 0 0 0 65 13 8 0 0 0 0 0 55 18 0 0 30 11 30 0 92 0 20 6 65 0 29 0 60 41 0 8 30 61 61 0 0 49 64 0 0 82 0 62 15 26 0 0 0 0 26 50 58 0 0 0 0 0 0 0 0 53 41 48 0 6 16 0 0 0 0 53 0 7 0 0 46 0 0 5 3 0 0 0 0 0 23 56 6 43 0 63 12 24 0 71 32 0 0 62 0 0 53 18 0 0 0 0 0 30 95 37 0 0 40 18 0 55 0 0 0 0 0 73 73 0 0 0 15 48 32 0 31 31 4 0 0 0 0 36 0 38 0 33 30 20 22 15 0 0 11 0 71 31 35 0 0 12 0 8 0 0 0 62 3 17 45 0 0 33 30 12 44 78 0 0 20 0 0 19 0 0 43 18 0 33 10 79 44
 0 0 65 0 8 1 0 57 40 52 2 0 28 0 0 12 0 0 64 24 0 0 40 0 0 0 61 57 16 62 0 0 19 0 16 33 59 0 0 0 0 0 24 0 77 29 72 0 0 0 20 63 17 0 29 0 1 5 0 0 29 18 68 0 0 57 71 40 0 0 0 34 49 41 51 0 13 0 0 16 0 6 0 3 0 5 0 0 0 6 0 18 19 0 58 0 0 24 0 54 0 0 49 21 66 16 70 0 0 0 58 0 0 0 80 24 0 0 43 56 43 77 0 38 0 53 13 0 0 0 85 0 40 94 0 35 4 6 0 21 82 17 17 36 9 13 0 19 11 0 34 0 11 0 11 11 0 0 0 11 4 38 70 52 1 29 11 0 3 0 0 2 10 0 0 0 0 0 0 0 9 0 0 28 0 0 70 0 41 1 38 80 7 0 13 13 8 0 0 0
 0 0 43 38 0 0 0 8 0 56 0 0 0 39 0 0 0 62 81 74 57 0 0 0 0 0 29 12 0 8 0 0 21 5 2 75 9 16 16 0 0 0 37 0 0 36 21 16 66 0 0 39 0 17 0 87 55 51 51 30 0 53 0 0 0 0 0 15 17 0 53 0 0 0 50 42 71 0 0 22 0 0 10 81 68 58 4 17 0 0 42 33 0 54 52 0 0 0 3 73 39 76 0 58 27 64 39 90 0 26 0 48 36 82 0 86 34 45 5 48 0 71 45 0 0 0 23 0 0 0 39 80 26 17 0 5 5 0 39 2 16 61 0 25 68 0 43 28 0 50 0 0 32 17 8 0 0 0 0 0 56 44 0 0 35 0 16 41 0 0 0 0 10 0 0 0 7 8 0 0 28 34 0 0 47 45 0 0 8 1 23 0 0 51 62 0 0 11 63 40
 58 0 0 14 0 0 0 0 13 1 0 0 55 0 0 0 0 0 0 16 0 0 0 0 70 32 35 0 0 0 0 46 49 0 0 69 0 0 0 51 13 24 58 0 1 7 0 19 0 93 0 49 0 2 8 0 0 0 0 11 0 0 0 0 45 0 0 0 2 35 9 12 0 50 38 0 0 5 18 0 38 76 0 0 0 0 0 0 65 5 8 12 0 1 0 0 0 0 0 19 0 66 26 0 21 0 0 0 35 0 38 0 33 39 46 0 29 0 12 49 3 0 0 9 21 31 0 20 0 0 85 0 0 0 0 25 0 0 0 1 14 0 0 36 0 10 1 22 8 91 0 21 0 19 60 0 60 0 37 11 0 0 16 0 23 21 25 0 16 54 6 52 86 6 51 0 0 0 51 43 48 0 0 21 0 0 0 0 0 11 19 11 56 0 0 0 0 0 17 67
 0 0 0 0 0 0 46 45 0 27 67 44 52 0 0 20 0 74 34 7 49 0 0 0 0 0 14 13 0 67 30 36 2 81 0 43 77 19 42 0 19 47 12 9 14 0 0 0 30 0 71 0 0 0 0 39 0 0 54 5 0 0 0 97 0 0 56 0 0 0 0 87 0 0 50 0 0 20 0 36 20 0 3 75 0 67 0 0 9 29 11 0 46 39 34 0 30 0 74 0 69 0 47 0 0 38 0 0 60 0 62 0 0 40 8 0 69 38 0 0 8 1 38 24 0 10 15 0 78 0 55 0 0 11 36 0 0 0 0 0 5 0 34 0 0 18 0 35 51 66 0 0 52 69 87 12 28 22 0 0 69 0 46 73 0 0 53 42 0 0 0 0 0 0 0 1 8 0 51 26 42 14 0 0 5 0 42 34 29 49 70 0 50 38 0 0 88 0 11 34
 0 0 3 43 0 0 25 67 0 0 19 42 0 0 0 0 0 1 26 17 0 13 5 70 0 0 0 0 50 0 33 0 32 56 28 0 0 29 0 8 0 19 0 57 45 20 68 6 0 38 3 0 0 0 0 0 0 35 0 64 0 0 0 77 76 26 0 66 54 73 2 0 0 0 0 5 24 30 0 0 12 24 1 0 0 0 0 0 0 44 0 7 0 0 94 67 54 1 31 0 30 47 0 0 0 0 15 0 4 58 68 0 33 24 0 0 0 57 26 0 3 40 35 2 6 0 4 33 0 0 13 45 0 0 0 0 70 63 48 51 0 0 51 62 87 0 10 0 0 0 0 59 52 0 34 61 22 0 56 65 97 5 0 0 36 0 0 5 0 0 0 0 0 0 13 0 45 19 0 0 38 0 0 0 0 92 0 15 30 0 26 0 0 0 0 31 43 0 0 0
 0 80 0 0 0 26 0 0 86 0 31 66 0 27 0 11 0 0 0 22 28 28 22 86 0 0 47 0 0 12 9 53 0 0 0 9 0 0 0 4 0 0 72 79 46 14 0 1 0 0 45 0 20 0 0 9 78 33 0 0 0 26 0 0 0 0 5 0 6 0 48 0 35 28 0 0 19 56 68 0 0 0 13 13 0 47 0 0 18 13 0 0 34 61 0 0 0 47 0 53 0 10 0 39 10 0 0 0 0 44 61 0 25 18 0 0 0 1 40 84 30 81 0 26 64 25 55 0 0 24 1 6 0 0 90 0 19 98 0 9 22 0 51 21 0 43 4 0 12 41 0 56 0 4 92 0 72 0 0 0 1 0 0 11 0 0 0 0 48 0 0 5 28 0 0 0 0 41 0 16 38 20 0 0 0 40 0 0 0 42 25 59 42 12 61 0 0 0 0 0
 0 41 0 0 0 9 0 0 81 0 19 30 0 0 0 0 0 49 0 0 82 0 0 0 22 60 34 26 0 33 0 0 53 0 0 84 52 0 0 0 0 0 8 0 11 0 0 15 0 0 0 39 0 0 0 0 35 0 47 0 19 11 84 0 0 0 0 60 39 0 0 0 0 18 20 23 0 0 0 42 0 0 0 14 48 49 15 3 21 0 0 0 0 20 0 0 45 55 0 0 0 0 3 0 33 9 0 0 0 35 0 0 0 0 0 58 0 0 0 0 76 0 0 13 0 62 0 14 0 31 41 32 22 0 49 0 24 0 6 0 29 26 0 0 0 19 0 92 48 20 0 47 0 0 9 0 6 16 0 30 17 20 0 0 70 20 62 63 0 0 0 25 3 0 0 0 12 2 13 32 0 0 0 0 0 18 0 17 0 0 14 0 7 0 15 41 28 0 48 25
 0 22 0 77 20 28 0 29 76 4 0 27 52 0 38 94 0 4 50 0 0 0 28 0 1 7 49 50 65 45 40 0 0 17 0 0 0 0 0 0 0 7 62 0 44 0 6 0 74 0 49 0 0 0 0 83 0 36 0 92 9 0 25 18 0 0 8 0 9 0 0 34 0 63 0 0 0 0 0 22 0 27 0 16 11 0 0 0 0 3 0 0 0 0 7 0 24 0 2 0 0 0 0 0 67 0 10 8 0 0 0 9 0 0 0 0 6 0 0 0 16 85 61 0 26 0 9 0 0 0 0 0 49 10 60 2 64 36 1 0 0 0 0 0 44 6 63 0 0 0 0 0 0 29 2 56 0 0 77 0 0 46 0 21 0 0 14 0 74 94 0 0 0 0 77 0 0 61 60 28 27 66 0 0 0 0 0 0 24 0 0 0 5 4 0 9 1 20 0 6
 43 0 77 0 0 0 0 0 11 35 81 1 12 59 0 0 60 0 46 0 0 26 0 0 59 0 0 14 45 89 22 76 0 69 40 0 37 31 19 67 0 0 31 0 0 0 0 0 1 0 0 0 0 76 61 54 0 26 0 0 39 0 29 0 0 79 0 54 34 0 0 0 35 12 0 0 50 39 71 0 17 29 48 0 0 96 0 0 0 63 56 0 59 6 47 0 0 0 0 6 55 0 0 57 31 0 0 1 0 40 0 0 0 0 18 0 11 0 0 12 88 0 0 0 25 0 0 0 0 0 0 79 49 30 0 0 18 31 25 0 0 7 0 0 0 58 0 6 32 49 0 0 0 15 21 0 44 0 43 11 10 45 0 0 40 0 0 0 0 0 0 13 0 33 0 0 21 0 0 67 0 0 8 0 0 0 0 67 0 0 27 0 49 0 0 25 0 0 0 0
 0 0 0 95 0 38 0 0 4 0 73 0 63 0 29 13 13 0 21 0 0 32 0 0 0 0 36 0 72 0 35 0 0 39 27 30 0 0 0 24 0 40 71 0 49 0 10 1 18 0 0 0 0 0 0 32 28 35 13 0 0 0 44 15 0 0 0 29 53 47 0 52 36 0 0 48 7 0 0 25 0 9 0 0 2 73 0 0 0 0 0 0 35 72 41 0 3 0 0 36 29 1 31 9 0 0 0 94 0 5 7 0 0 0 0 0 0 0 0 0 0 16 6 55 0 36 0 0 64 48 0 16 66 34 61 56 0 0 8 0 45 0 19 39 7 0 0 0 0 13 0 0 63 0 0 49 32 0 21 0 0 55 0 0 0 21 0 61 0 0 0 0 0 31 38 29 0 22 3 21 0 51 43 21 4 0 0 92 0 0 0 42 63 32 45 0 0 9 0 0
 62 56 0 37 13 0 0 24 90 78 21 0 3 0 0 0 0 0 0 0 0 0 0 43 0 0 44 35 0 0 0 35 0 0 23 55 8 0 89 0 0 75 47 0 0 0 0 0 0 0 40 0 18 9 71 0 21 88 16 49 0 12 44 0 0 40 36 40 77 0 30 29 14 7 0 13 0 19 0 0 0 50 7 34 53 0 0 12 0 0 36 82 0 0 8 15 19 9 0 0 18 22 19 0 0 51 27 21 41 0 7 0 20 0 43 1 0 10 0 0 22 0 0 12 51 0 13 0 0 22 6 0 0 0 0 0 0 0 0 31 13 0 70 63 44 0 6 0 0 17 0 4 32 0 13 0 27 63 24 0 0 0 28 22 30 0 16 0 6 34 0 0 14 0 0 0 0 78 0 0 0 0 6 35 0 0 7 32 0 0 0 0 0 37 17 0 11 19 31 0
 77 0 16 68 0 0 0 0 0 0 0 0 5 62 19 0 0 0 0 0 49 0 10 11 0 36 0 29 0 0 0 0 29 0 58 0 0 41 0 0 0 0 0 13 47 15 0 44 80 57 69 55 24 0 0 20 0 0 17 21 39 0 33 0 83 49 8 65 0 16 46 42 88 53 0 0 42 30 18 12 0 0 0 21 14 0 2 57 0 0 38 45 25 67 81 0 0 0 6 0 1 31 0 71 24 56 0 0 0 53 0 5 2 0 0 31 0 0 18 0 0 20 52 0 18 58 0 0 49 0 0 0 0 13 28 0 0 0 0 1 0 32 41 59 26 0 22 60 2 68 2 1 0 31 0 0 0 35 0 0 77 0 50 50 0 67 10 0 89 25 0 0 59 46 0 47 0 0 0 0 0 0 94 49 0 0 30 15 0 23 27 57 44 0 45 0 0 0 0 10
 55 60 49 0 13 0 0 0 37 19 64 0 0 0 50 0 19 0 35 0 2 0 0 0 0 0 0 0 0 28 49 35 26 0 0 0 72 0 30 73 19 0 0 0 50 35 0 32 0 0 0 62 26 0 25 90 67 45 0 0 0 0 29 17 0 0 21 0 15 0 18 25 0 0 28 20 0 60 0 11 7 0 36 0 22 69 0 0 0 0 90 0 0 0 0 39 0 56 0 0 0 0 5 0 15 0 0 0 49 37 0 55 0 0 0 0 27 0 0 0 7 0 44 24 0 13 26 0 0 0 67 29 42 0 46 0 0 0 0 0 0 0 18 2 0 0 0 17 39 0 42 0 1 35 0 17 20 58 0 37 0 0 14 0 37 23 40 0 0 54 49 0 0 39 94 0 16 0 27 0 52 0 5 5 0 0 89 5 21 0 1 0 0 0 19 0 0 0 8 98
 4 0 24 47 0 73 0 35 0 0 40 0 0 0 0 0 0 49 0 0 0 0 60 43 0 15 0 29 51 80 0 0 0 45 0 0 0 0 0 0 9 0 26 0 39 0 0 22 0 5 53 6 45 0 0 0 33 0 0 82 5 0 0 0 0 0 0 0 0 0 0 55 28 0 0 0 57 29 11 0 43 8 0 0 27 0 11 9 6 0 12 0 0 0 0 0 0 0 0 53 5 58 0 24 0 26 0 0 36 0 0 47 0 9 9 71 0 20 0 17 0 36 74 39 29 17 69 60 61 25 0 0 0 8 0 68 30 0 19 0 0 53 8 19 48 0 0 37 0 0 17 49 0 75 41 88 0 3 58 0 0 48 0 14 0 12 0 0 0 0 0 39 47 34 0 33 28 51 0 21 74 0 0 24 6 0 24 4 0 0 0 54 42 0 59 0 4 0 5 0
 54 45 0 0 33 75 0 45 44 32 19 0 0 3 0 20 0 7 56 0 23 0 34 56 0 0 0 86 67 0 0 0 0 16 0 35 17 0 23 71 0 0 0 0 18 0 0 0 0 0 0 58 14 42 0 77 10 0 37 22 16 0 0 0 0 32 0 13 0 0 0 0 10 11 0 0 0 25 48 46 0 0 0 10 51 35 71 0 0 0 17 0 0 81 0 0 20 0 60 71 0 0 0 0 0 26 0 13 0 0 0 0 95 0 81 66 29 0 81 13 18 45 14 0 19 0 10 0 88 0 0 9 0 60 26 0 0 15 0 4 47 37 0 69 93 58 7 13 0 81 0 42 0 0 0 62 31 0 0 54 0 0 0 0 44 31 0 78 0 0 0 43 48 52 35 44 0 0 10 17 14 0 4 0 0 78 4 0 1 12 0 0 0 0 22 34 0 0 50 37
 27 0 0 0 67 0 0 0 0 92 0 0 11 0 0 0 59 17 0 0 84 31 12 0 35 0 0 0 0 0 14 6 0 0 21 0 49 0 53 8 20 13 51 20 0 0 0 0 52 0 0 9 68 0 0 23 55 0 82 0 34 80 0 24 0 20 83 54 0 28 0 0 28 55 0 20 33 17 33 0 0 67 2 52 2 0 0 3 5 0 5 57 22 24 0 67 0 0 11 0 43 29 30 16 0 0 52 0 46 0 17 5 0 22 9 43 34 4 25 0 0 38 39 0 0 26 92 0 48 61 0 53 0 47 0 91 0 59 26 0 0 43 0 0 86 77 0 38 0 0 2 0 37 25 0 0 71 0 14 0 0 52 3 77 0 0 21 13 0 0 27 0 3 52 0 0 45 15 0 40 47 5 19 0 0 0 29 27 0 1 0 75 16 0 81 89 19 0 0 0
 30 0 0 0 3 59 0 25 0 81 59 53 18 1 0 27 54 15 0 8 9 0 0 2 0 26 33 15 0 22 0 62 27 0 23 60 45 0 0 24 9 54 0 5 68 6 18 0 36 0 29 1 63 0 0 0 39 0 10 2 23 0 38 40 11 0 0 25 2 36 0 0 0 0 0 31 0 3 31 0 0 25 0 72 0 6 0 0 29 0 2 13 0 16 0 45 18 0 95 0 74 0 70 0 0 0 21 0 42 40 0 0 25 47 0 0 0 0 0 0 0 60 20 13 0 21 0 70 41 59 5 28 0 0 40 11 0 24 41 0 27 0 0 0 0 0 0 9 0 0 45 0 0 0 43 0 0 37 0 12 64 0 46 32 0 0 45 0 0 45 55 3 55 43 0 2 25 0 0 0 13 0 44 0 20 20 9 0 11 23 0 8 0 0 0 0 0 78 38 66
 41 0 3 13 0 0 0 0 25 0 9 53 0 51 0 60 23 75 0 38 0 0 0 5 40 18 0 48 0 0 0 41 0 16 0 31 0 22 0 3 0 4 71 0 0 61 2 0 40 24 42 14 3 17 0 46 7 0 0 22 0 10 54 0 67 0 7 24 0 11 37 0 0 0 0 0 64 0 13 0 0 0 0 28 0 16 0 19 28 54 3 0 25 5 79 6 0 34 0 0 2 0 0 21 0 20 5 0 13 72 0 20 14 7 21 0 96 53 0 0 0 56 0 0 6 8 0 62 0 0 0 2 53 0 64 0 65 0 16 0 0 16 0 0 58 18 0 73 0 0 49 0 5 2 0 0 0 3 3 10 0 6 1 31 0 0 71 0 0 20 12 0 0 0 12 45 0 0 0 24 0 15 0 0 0 0 9 0 0 0 0 0 66 71 0 0 23 0 0 0
 60 5 0 38 0 0 0 25 0 0 0 9 5 0 0 18 12 10 0 0 17 23 59 8 41 12 0 0 28 45 37 47 14 21 0 0 0 67 0 56 0 28 0 15 22 68 0 19 32 36 0 57 0 0 0 29 0 0 0 9 13 0 0 54 0 0 0 0 0 30 39 36 5 0 0 28 0 77 0 35 0 0 0 5 17 0 18 66 0 0 0 6 0 45 0 0 0 37 0 22 10 0 0 64 0 0 29 8 0 45 63 4 21 4 0 0 2 24 7 23 0 0 0 0 50 46 0 16 2 24 14 0 75 52 18 0 38 64 11 0 29 39 34 0 24 0 12 0 0 10 0 0 0 0 2 17 77 0 0 0 4 0 0 0 0 75 83 0 0 0 0 70 8 0 41 0 0 37 45 0 0 0 32 0 27 18 26 0 55 13 0 0 0 7 29 66 0 0 35 12
 0 32 0 45 0 13 0 0 31 0 0 0 0 0 0 0 44 0 0 0 12 3 0 0 0 63 0 17 0 0 0 0 0 30 0 0 18 33 0 0 10 25 0 24 0 46 0 0 68 25 47 54 29 10 0 47 0 0 0 0 4 0 19 0 0 0 29 74 0 19 20 54 34 0 0 33 0 15 0 90 0 0 0 1 6 51 57 0 0 2 0 0 0 0 84 0 36 0 1 0 9 18 0 14 0 0 0 0 0 51 33 0 0 74 0 0 36 0 1 50 57 0 0 0 55 0 44 0 0 0 25 2 0 85 0 19 6 0 0 0 0 0 20 30 0 10 0 0 30 47 0 0 0 0 54 17 83 0 0 26 33 0 0 31 0 0 0 0 37 0 0 0 62 0 45 23 5 38 0 59 13 17 81 79 19 0 0 0 0 0 54 0 47 28 40 32 57 0 18 0
 1 0 0 32 35 8 10 0 76 0 0 41 0 18 23 0 45 0 0 0 0 35 29 8 15 0 51 0 15 0 13 0 0 41 0 0 6 0 16 4 0 0 0 26 49 0 0 0 0 0 17 36 41 59 75 0 11 0 0 20 69 0 12 67 0 30 26 74 16 16 31 10 61 13 36 22 50 0 0 52 0 21 0 12 0 13 66 0 14 0 0 60 0 32 0 0 0 25 0 15 0 59 0 15 0 53 1 0 0 12 54 0 0 0 46 35 58 0 4 0 0 0 7 0 12 0 0 74 0 46 0 0 0 14 5 0 0 22 0 33 23 0 88 0 9 1 4 4 28 33 0 0 1 9 0 0 42 0 0 85 51 0 0 0 49 0 36 0 24 0 55 0 0 18 0 91 17 0 0 0 0 0 65 0 0 0 31 62 45 3 0 23 0 78 0 69 0 0 18 0
 27 0 17 0 0 0 0 54 0 11 0 27 0 0 0 41 0 55 0 0 0 0 64 50 58 0 0 20 0 0 0 18 19 0 0 0 8 0 0 2 49 4 40 6 12 55 11 59 35 0 5 47 18 0 0 11 37 51 0 0 0 8 72 0 32 16 12 0 66 31 77 0 1 33 0 0 0 0 0 59 0 3 0 0 1 19 0 0 0 0 0 13 9 0 0 17 0 0 0 93 33 0 2 22 0 31 0 35 0 0 41 0 0 0 0 0 0 49 59 21 14 0 75 0 7 43 18 0 4 0 0 10 12 0 69 3 0 0 0 55 0 34 0 0 22 31 0 0 54 2 0 0 0 0 49 0 34 0 52 0 37 10 0 10 7 52 0 0 0 20 51 0 48 0 58 0 2 0 1 13 13 0 0 0 0 0 11 61 1 0 0 26 14 0 0 0 0 0 0 0
 0 53 0 0 35 68 0 76 0 0 10 38 0 0 0 0 33 0 0 54 82 0 30 26 0 0 0 0 0 0 0 40 30 0 24 0 0 0 12 1 0 86 76 0 0 79 7 0 35 43 0 0 19 53 41 0 28 40 0 6 9 27 73 46 5 0 0 1 4 0 6 12 0 54 35 0 0 0 20 15 0 0 24 69 51 0 0 82 0 0 64 0 0 0 0 0 0 5 0 0 0 0 0 26 4 0 9 0 0 0 0 0 0 35 0 0 21 27 0 0 0 0 0 4 45 4 18 0 22 29 69 0 0 0 56 43 92 0 7 0 0 18 71 0 0 0 0 0 56 0 0 84 50 0 51 73 32 0 0 17 0 14 0 0 0 0 66 8 78 0 0 0 45 11 41 0 0 34 16 0 0 0 0 0 0 0 0 0 43 48 0 17 0 21 0 0 0 0 0 0
 14 23 23 0 0 65 0 0 0 43 0 39 0 58 27 16 30 0 0 37 0 0 0 3 0 0 48 0 0 0 0 0 6 22 13 0 0 3 0 0 0 0 0 0 0 34 15 27 7 72 0 0 0 0 0 19 19 56 4 0 0 0 0 1 54 20 61 41 50 0 20 57 6 0 0 63 0 0 0 10 0 36 0 56 39 50 0 0 0 0 0 0 0 3 0 1 82 3 3 27 0 0 8 0 0 0 21 0 0 0 50 0 60 87 0 53 24 20 0 0 19 0 0 66 22 62 90 71 0 0 0 13 0 69 0 30 44 95 44 49 10 64 0 15 0 0 0 0 0 0 0 16 0 0 11 0 19 9 12 0 19 40 29 0 27 0 0 67 6 0 51 0 0 0 0 0 0 35 0 0 0 50 0 1 0 0 17 0 1 31 0 0 0 0 0 3 0 0 3 27
 38 0 0 4 0 0 0 21 22 22 0 34 0 34 0 66 0 63 6 0 23 0 0 51 0 46 51 0 39 4 0 0 67 19 0 21 1 45 0 71 59 0 0 92 47 0 1 4 59 11 0 0 8 0 36 9 50 43 0 1 0 0 0 15 51 0 0 0 56 61 8 0 0 0 36 51 64 42 0 36 9 66 59 56 0 23 0 35 0 4 0 25 63 94 0 2 0 0 38 23 19 0 5 54 37 2 5 0 0 64 0 11 34 8 23 0 30 55 0 68 0 0 0 0 39 36 34 0 34 0 0 0 0 27 20 83 0 0 38 0 0 0 26 51 58 74 43 23 0 0 0 0 0 0 0 0 0 37 0 0 0 0 0 0 0 40 0 0 61 0 0 0 0 0 18 67 0 98 23 0 0 45 51 6 82 0 0 0 0 0 12 0 84 31 3 0 7 0 0 6
 25 50 38 0 0 1 55 67 18 76 0 35 57 0 0 0 0 44 34 37 0 0 0 0 44 0 0 66 0 0 49 14 16 0 0 0 0 0 38 5 94 44 44 0 0 1 13 0 0 0 0 14 5 0 0 0 25 0 0 0 59 0 26 0 0 0 19 0 0 0 0 0 0 0 10 41 0 0 0 89 78 0 0 0 0 2 0 0 32 0 0 22 0 15 0 0 83 20 31 0 0 6 43 17 2 2 47 61 0 0 0 33 0 0 0 0 0 1 0 0 0 61 8 52 0 0 1 7 0 15 9 60 21 9 0 0 66 0 16 6 0 0 0 6 46 13 14 0 36 6 0 0 26 23 0 0 0 0 0 24 79 1 5 0 65 0 0 20 46 0 45 0 0 58 0 39 0 75 0 0 0 0 20 24 79 0 0 0 0 12 7 0 10 10 29 58 0 0 49 0
 0 0 0 83 24 42 0 25 55 64 0 0 0 71 0 0 0 11 0 11 0 0 14 21 0 40 0 0 17 3 0 0 0 0 62 0 31 23 0 0 0 0 53 44 62 15 0 18 0 0 5 0 0 44 43 10 10 29 0 0 31 0 52 9 33 0 58 2 0 22 17 0 21 32 0 0 54 0 56 16 41 66 0 0 8 11 0 8 0 57 72 0 90 11 16 0 43 79 6 0 12 0 0 0 70 0 0 0 59 9 10 0 2 0 0 0 0 0 23 0 0 26 76 0 0 18 24 60 0 12 0 3 0 14 0 29 94 0 39 23 16 0 0 0 35 0 30 23 53 0 0 0 0 0 0 0 26 0 0 0 20 0 0 34 0 73 14 67 0 33 0 12 54 0 23 0 34 19 7 0 0 0 16 40 9 0 0 5 0 0 9 0 12 27 29 0 0 32 0 73
 0 6 0 0 16 0 0 0 30 24 0 58 0 16 0 3 0 28 0 0 0 0 0 25 39 0 9 0 42 41 0 39 37 0 46 0 0 0 20 51 56 0 0 0 0 1 20 0 63 40 35 45 38 26 27 0 0 0 0 0 9 0 0 0 2 0 0 26 33 0 32 0 62 0 59 53 51 0 36 1 69 4 0 54 0 0 0 0 0 50 12 35 0 0 0 0 2 78 0 43 57 0 4 0 85 44 82 9 0 0 41 8 1 0 0 0 32 69 38 34 0 34 0 7 4 0 55 0 0 0 46 0 0 20 30 0 0 0 71 34 3 65 66 0 50 9 0 0 60 35 0 54 0 18 19 25 0 8 0 0 40 0 70 0 0 8 0 0 77 50 13 2 0 0 0 0 0 2 0 0 0 12 0 18 0 0 54 0 27 0 48 12 0 59 13 37 12 0 0 0
 0 34 0 14 0 6 0 76 5 15 0 29 0 0 61 0 35 25 0 0 0 11 0 0 22 0 0 0 0 11 0 0 28 0 23 77 0 0 0 0 0 6 0 0 10 0 25 0 10 0 13 13 0 8 73 17 63 0 78 0 20 47 76 0 0 22 19 17 43 0 20 0 7 0 0 0 0 0 0 0 49 53 10 23 14 0 0 0 0 0 0 93 60 10 0 56 0 0 0 9 59 17 0 0 52 0 45 0 90 0 74 0 0 26 0 25 42 0 0 0 19 79 38 0 0 0 0 0 24 41 51 19 0 0 0 19 0 46 0 8 40 0 45 0 35 5 12 0 37 14 1 53 79 0 0 61 13 0 0 9 0 16 0 53 14 0 0 52 0 7 0 0 0 0 31 0 0 0 12 12 7 27 18 9 41 0 33 0 0 0 6 75 10 0 0 0 0 24 9 64
 14 0 0 15 0 0 51 9 0 18 30 1 3 0 0 32 0 0 50 0 0 13 59 26 0 39 0 29 9 0 37 0 0 0 0 0 0 0 36 37 29 0 0 0 1 0 0 36 94 2 24 0 0 0 0 0 0 0 13 0 0 34 0 29 0 33 0 0 41 12 0 17 0 21 0 78 3 0 0 0 0 81 55 35 0 0 14 45 30 0 0 12 12 0 0 0 0 49 37 24 70 86 29 0 0 51 71 4 0 0 0 0 12 0 0 0 0 3 0 0 39 32 8 0 0 0 0 0 0 70 12 42 10 0 29 14 10 0 0 0 52 6 9 33 0 0 0 22 72 53 0 72 0 51 0 0 0 0 29 0 28 50 0 37 0 39 2 0 29 71 13 0 18 0 0 0 0 4 0 17 23 0 22 0 0 84 0 12 0 0 0 14 11 20 0 3 67 0 0 13
 40 66 0 91 0 22 0 0 70 39 61 71 0 0 0 0 0 0 0 0 9 7 33 45 0 68 80 0 67 0 22 0 0 0 0 47 0 0 0 77 10 4 0 0 0 0 60 0 0 0 0 93 9 57 19 60 0 7 80 24 0 0 0 0 39 16 15 0 0 33 0 20 0 86 64 34 0 0 0 0 53 22 4 0 23 0 39 25 6 0 51 30 0 69 0 7 33 68 3 20 0 0 1 66 20 30 0 12 74 0 30 3 0 0 0 0 27 1 0 70 15 0 4 0 0 0 40 0 0 0 42 0 0 49 0 0 16 49 0 0 0 0 0 38 0 19 30 19 7 6 66 0 0 0 0 10 0 0 0 0 1 0 12 0 51 0 0 0 15 0 0 8 60 0 0 0 0 0 47 29 0 77 0 0 0 39 0 20 61 0 0 1 0 67 16 14 0 15 50 0
 32 19 0 0 0 84 22 0 64 2 0 13 0 0 0 0 10 0 32 21 57 17 19 28 0 12 95 0 12 0 20 2 76 0 5 0 61 29 55 0 16 0 52 0 48 84 33 0 0 19 0 0 0 37 0 0 0 1 20 55 2 0 0 0 16 8 6 2 0 44 0 45 0 0 24 11 0 0 0 0 0 0 0 11 50 24 4 0 24 0 0 0 5 0 39 0 0 0 0 19 9 66 67 45 72 9 46 13 1 0 0 60 50 0 0 98 0 0 52 0 0 0 0 7 55 0 25 15 0 0 48 0 32 0 0 0 40 31 0 0 64 0 0 78 0 56 45 8 44 24 86 0 0 0 0 25 0 6 25 35 0 0 36 0 0 45 0 0 0 0 0 7 53 18 0 53 61 22 0 41 59 0 66 0 21 0 90 65 77 44 20 0 6 14 0 0 14 37 5 11
 0 0 8 0 0 0 48 0 0 40 0 30 24 0 0 1 52 16 0 40 0 14 45 9 21 0 21 75 0 0 0 0 0 0 0 0 0 21 82 44 0 16 0 0 0 0 1 65 41 60 0 51 67 68 54 0 67 60 0 0 31 0 38 67 16 61 47 68 48 48 0 17 0 0 2 19 73 0 0 0 0 0 37 0 30 0 0 24 6 0 0 93 12 0 51 83 1 64 0 0 0 0 0 0 15 0 0 0 9 0 76 56 0 47 4 0 0 20 0 0 7 0 30 35 0 0 9 46 0 17 80 15 0 65 0 61 8 1 0 0 0 22 0 25 0 0 43 0 11 11 9 17 0 0 59 0 31 82 0 0 43 55 0 5 0 20 7 29 0 0 10 53 63 36 0 42 59 0 0 0 0 5 0 6 0 0 33 0 0 0 0 0 50 0 0 17 0 46 13 0
 0 0 86 0 0 38 0 26 0 23 0 4 0 0 79 0 0 0 0 0 0 29 6 0 0 46 81 0 0 44 0 0 0 0 0 57 57 30 0 0 0 0 31 0 32 81 48 37 0 12 0 14 41 0 0 69 0 79 67 0 0 0 42 0 0 0 0 19 0 39 4 2 23 0 59 0 0 0 69 0 0 29 22 0 12 8 0 80 0 0 0 0 30 59 0 23 0 75 16 5 0 46 0 0 0 76 0 0 0 0 69 83 0 59 0 0 0 0 22 22 0 66 0 1 5 0 0 0 0 0 0 0 21 64 0 1 89 48 0 63 0 29 8 0 0 0 33 16 0 52 0 0 0 44 73 0 15 0 7 0 0 0 30 25 1 0 34 0 0 9 0 0 54 0 0 10 0 11 0 0 19 57 38 52 0 0 0 54 0 0 0 0 63 0 54 0 0 5 26 0
 64 0 0 15 20 0 0 0 90 72 0 66 0 0 5 30 0 0 29 0 0 0 25 0 11 19 0 34 20 0 44 1 0 0 62 11 0 0 0 0 63 0 0 0 9 5 70 1 26 0 8 7 49 13 0 0 0 0 0 0 0 0 5 0 0 0 0 3 0 0 41 0 42 1 18 0 39 12 0 49 0 3 27 8 44 10 0 0 0 0 0 0 0 72 26 4 53 7 0 5 0 0 78 89 0 0 0 17 30 34 0 0 97 71 0 85 0 0 15 0 0 9 0 79 22 0 0 38 27 11 18 36 2 0 0 0 0 35 20 0 0 0 0 0 0 0 0 48 70 22 0 0 0 0 0 22 49 0 0 0 0 0 36 0 0 0 0 37 80 16 32 0 0 0 0 75 0 14 0 3 61 17 0 0 51 12 55 0 0 0 25 11 0 74 0 0 0 22 0 68
 47 0 0 24 0 0 47 0 49 0 2 0 0 11 0 63 26 63 77 48 0 89 11 71 0 0 0 23 0 10 25 0 0 38 63 48 0 0 8 0 24 0 0 0 0 31 0 0 0 4 10 90 52 11 0 3 0 0 97 19 0 0 28 0 0 74 36 0 4 0 0 0 0 0 18 70 0 52 0 0 15 0 40 0 0 0 46 0 33 0 86 0 0 0 0 7 0 0 38 0 25 0 0 30 0 45 0 37 12 0 39 0 47 16 65 0 0 0 14 0 0 78 0 0 0 0 62 43 0 30 63 57 0 0 0 0 31 56 12 0 66 0 0 0 0 0 0 0 0 82 56 1 33 9 0 0 0 65 51 0 75 0 72 47 0 37 0 1 0 20 0 0 0 0 0 0 2 28 0 13 28 39 43 0 27 0 0 35 0 0 0 29 42 1 9 58 0 0 0 74
 0 67 51 0 45 15 36 0 20 0 29 52 0 0 0 0 12 0 39 0 0 6 15 10 48 62 0 58 0 45 0 9 0 77 79 11 0 36 0 0 43 0 0 0 41 0 64 57 0 29 0 43 0 0 63 38 33 0 55 0 27 0 0 0 62 1 0 38 30 0 0 0 0 85 0 64 0 9 61 0 0 39 0 2 0 89 84 15 11 0 5 0 7 0 63 0 38 0 10 79 0 34 31 11 0 0 22 0 0 0 90 19 0 0 0 2 64 70 11 27 43 51 4 12 64 0 0 0 13 0 0 0 0 16 45 60 29 27 57 33 12 19 0 35 0 0 0 1 60 0 58 0 65 75 10 16 39 0 0 0 0 0 0 0 0 77 83 0 13 37 0 0 0 52 0 0 0 0 29 5 34 0 0 0 0 92 33 3 99 0 10 0 0 0 0 9 0 0 14 43
 0 45 0 0 12 0 17 10 21 0 69 0 0 62 0 0 26 0 11 0 71 0 0 0 0 9 4 0 67 0 0 73 93 0 51 41 0 0 0 32 64 0 32 0 92 47 0 88 64 61 0 0 0 9 5 0 0 0 0 29 0 0 62 39 14 0 0 24 0 0 46 0 0 1 0 0 31 0 0 0 0 0 0 44 70 0 6 0 3 0 28 5 38 33 0 19 0 0 0 11 0 0 95 45 56 0 79 0 0 0 4 0 63 57 10 28 0 11 0 0 0 13 69 15 0 0 82 0 0 46 66 10 48 13 34 64 0 0 45 35 18 0 0 0 37 88 0 8 18 0 38 22 18 0 26 0 4 68 22 0 7 0 0 0 0 43 9 0 8 85 20 16 6 0 0 49 0 50 50 0 4 91 0 97 0 0 0 31 31 0 0 0 0 57 16 0 0 0 0 22
 0 58 33 43 0 0 26 60 68 0 61 0 0 0 26 0 0 42 0 0 0 0 0 0 0 0 52 0 4 0 27 0 67 56 0 34 70 6 0 0 25 34 0 9 63 0 28 0 60 22 11 3 43 0 0 0 54 51 39 29 1 51 47 0 0 91 0 10 22 72 27 38 45 54 64 0 0 0 35 28 25 0 0 34 0 0 7 0 0 0 40 3 0 0 0 26 75 40 47 16 0 12 0 47 0 0 0 48 0 31 0 23 80 0 0 0 31 0 0 69 47 39 16 0 0 80 0 10 58 0 14 0 20 9 0 7 0 28 28 0 57 73 0 32 4 33 53 54 99 0 0 0 30 0 27 56 6 0 0 13 27 0 11 0 7 0 0 5 0 0 10 0 0 0 0 42 0 0 0 9 63 15 10 26 0 0 60 49 0 0 8 17 0 0 43 0 18 0 24 0
 0 0 36 62 0 7 0 0 40 37 5 10 0 0 34 62 26 0 35 52 0 0 0 0 9 0 0 23 0 0 20 59 0 16 0 0 0 0 11 4 19 0 32 41 5 53 69 0 0 2 0 41 52 18 0 14 50 0 0 51 42 27 14 88 0 0 34 35 0 33 0 0 48 23 0 0 0 0 55 0 42 35 0 7 52 28 59 22 0 0 53 36 29 25 0 0 0 0 0 0 0 2 0 58 6 55 0 6 0 10 44 28 17 62 3 0 0 0 31 0 24 0 0 63 91 0 0 0 64 0 42 0 4 11 0 38 76 33 79 0 20 0 53 0 5 76 10 0 92 0 0 3 14 79 0 0 0 0 0 0 86 34 97 46 78 46 0 0 9 32 42 0 0 36 32 46 26 80 0 30 0 4 0 0 9 13 0 33 32 31 6 0 0 0 0 0 0 53 0 11
 6 51 43 0 67 0 0 0 0 0 46 0 0 16 71 0 0 0 0 0 24 69 0 0 0 0 49 0 0 0 50 15 2 0 0 96 70 0 52 0 0 0 26 0 0 0 0 0 43 0 13 0 6 0 0 4 0 0 0 77 20 20 0 0 0 0 0 60 44 35 33 51 5 70 80 33 3 16 23 45 7 18 71 16 0 3 67 0 0 0 2 0 0 0 59 3 0 0 0 5 0 0 54 0 0 46 84 0 27 0 0 83 21 0 0 0 0 0 0 0 0 0 0 49 0 45 14 0 17 42 0 3 0 0 51 0 0 0 12 51 52 0 85 30 13 4 0 0 18 20 0 0 0 77 92 6 84 27 0 0 0 0 0 0 0 0 13 0 0 46 0 0 0 0 0 0 0 0 0 0 8 0 0 0 41 2 0 0 0 0 17 23 10 0 1 22 7 56 0 0
 9 0 4 32 65 0 0 23 37 93 46 0 42 0 63 18 0 16 0 29 0 57 27 47 0 36 0 0 36 0 0 58 27 70 0 0 0 0 0 0 0 0 0 0 3 7 0 0 20 9 0 0 0 0 1 0 3 0 27 1 74 5 25 0 30 0 12 32 0 0 0 0 0 0 56 0 56 0 0 4 0 23 61 0 0 0 0 0 0 84 2 77 49 10 0 31 80 35 36 0 31 29 0 42 35 0 0 2 14 50 6 0 3 0 0 7 5 0 0 49 56 0 82 0 4 55 0 0 0 38 8 57 0 0 19 26 0 39 35 37 60 0 0 21 0 0 50 30 0 48 0 26 0 9 0 72 3 12 0 8 68 0 24 0 0 27 33 0 0 30 0 8 0 51 14 5 59 0 45 0 55 0 54 38 0 0 53 21 6 26 0 0 0 0 0 67 29 0 56 9
 0 0 0 4 63 70 80 31 0 16 0 0 21 72 0 0 0 1 41 14 44 0 70 24 0 0 0 68 0 13 0 28 0 0 57 0 15 11 2 19 0 0 68 63 0 16 0 10 3 0 0 15 0 13 77 84 0 10 16 62 0 0 0 37 24 0 50 22 0 8 50 31 0 0 0 0 0 0 17 0 46 0 0 0 0 0 51 0 28 46 0 44 0 36 62 45 5 0 23 27 58 0 26 46 0 0 0 0 0 0 13 0 57 0 13 1 0 0 0 0 0 70 0 0 0 11 0 18 0 0 33 31 0 0 0 0 0 0 42 33 0 81 0 84 60 32 0 0 0 7 0 0 0 7 0 0 80 0 0 3 0 32 0 0 58 0 1 0 0 50 60 0 5 20 1 0 10 0 20 25 38 0 0 0 0 0 20 0 0 23 0 45 0 0 0 0 55 0 31 75
 23 0 19 0 48 0 0 0 0 32 8 50 0 0 32 0 0 0 88 47 0 0 0 49 21 0 0 0 22 0 14 0 0 26 0 0 0 0 0 26 0 23 8 6 33 10 7 0 15 0 1 0 49 56 0 0 9 4 60 78 87 0 0 86 0 0 0 0 49 47 0 0 0 0 84 9 0 0 10 0 0 10 13 8 16 39 0 0 31 0 24 0 35 75 19 0 12 15 0 0 20 13 12 0 0 0 0 71 68 0 17 20 27 0 62 18 15 0 68 28 0 40 21 74 0 0 0 0 9 85 0 0 25 37 8 70 55 0 0 73 0 0 65 49 17 0 0 21 33 0 5 0 9 52 0 0 35 37 30 33 0 60 11 0 0 0 4 0 12 0 86 0 0 0 0 59 46 18 0 0 59 0 0 2 0 48 0 0 7 0 5 31 0 0 0 0 0 9 0 27
 53 53 36 32 0 0 82 7 0 8 0 10 73 0 25 0 33 0 0 0 0 43 0 0 42 22 43 0 0 38 0 0 0 0 32 7 59 0 0 27 0 0 37 0 0 91 0 0 0 3 0 26 54 19 15 0 0 53 0 0 35 53 9 0 0 37 39 0 0 0 0 40 0 0 12 18 0 12 0 0 0 46 35 25 21 0 0 0 4 0 41 0 0 48 0 7 70 0 0 0 0 1 44 5 19 18 0 0 0 0 18 0 7 0 46 38 0 54 0 27 19 0 0 0 0 9 20 0 19 0 62 0 2 63 32 0 13 0 17 4 44 4 61 0 31 0 11 0 1 0 42 0 27 39 32 25 44 0 35 10 41 0 0 32 0 0 0 0 4 40 0 0 18 0 0 0 19 10 0 74 76 7 17 0 0 10 49 30 58 3 59 7 34 47 0 0 0 0 83 65
 26 0 56 25 65 0 0 3 2 0 0 79 0 67 42 0 12 32 0 1 0 0 0 0 72 0 0 55 59 27 0 9 68 4 58 0 24 11 11 77 0 0 62 52 0 0 41 0 37 0 21 24 0 0 17 45 0 0 48 0 44 0 0 0 57 68 21 44 14 0 0 0 31 5 0 41 1 0 31 37 0 62 32 0 0 50 20 0 76 0 0 0 0 0 0 63 28 49 0 0 56 11 35 4 0 70 0 60 0 0 0 30 0 11 0 38 0 41 0 5 0 13 0 23 19 15 0 55 0 3 0 0 16 0 0 49 0 32 29 0 70 9 0 96 70 0 2 19 17 16 23 63 0 2 22 0 0 0 0 75 0 19 0 31 0 0 21 14 59 0 58 51 24 0 0 11 0 30 0 0 22 0 0 0 27 0 0 24 0 0 0 0 31 0 40 81 4 0 0 31
 0 75 0 0 0 0 83 39 0 0 44 20 0 0 0 0 52 4 0 48 0 0 42 4 0 0 23 15 41 36 30 0 80 8 49 34 0 0 0 17 0 0 61 19 8 12 58 0 23 0 0 0 0 0 0 0 0 62 0 0 84 61 0 0 0 77 34 0 0 81 56 23 1 29 0 0 0 0 0 0 0 40 36 18 58 0 10 43 1 0 0 25 0 0 24 0 48 0 1 0 37 51 0 0 2 0 0 52 0 35 0 0 34 3 0 0 39 0 0 0 0 7 0 10 65 0 32 33 20 62 0 63 0 0 0 0 52 0 82 0 0 0 91 0 0 74 0 76 10 0 53 0 0 0 7 0 80 34 0 87 83 68 0 20 0 10 0 0 18 20 0 0 0 0 0 0 13 0 0 0 15 0 30 0 0 0 48 91 0 57 0 0 2 0 23 57 0 52 0 0
 0 0 0 76 0 0 0 0 32 87 0 0 0 0 14 44 53 0 0 18 0 0 0 29 51 0 55 42 0 50 77 0 0 24 56 0 0 76 18 0 0 47 67 0 42 28 85 25 25 0 0 17 33 0 33 6 0 0 0 23 0 0 16 0 62 0 0 0 0 18 6 80 0 46 0 5 37 0 49 15 0 6 0 0 0 29 0 0 0 0 0 0 31 24 0 0 0 0 5 13 4 0 3 0 0 57 0 0 0 71 0 2 17 0 0 0 8 37 0 33 0 0 0 0 8 37 42 0 34 0 26 0 11 41 39 0 0 0 23 0 41 14 0 0 12 55 0 20 45 96 17 43 23 0 17 25 0 0 53 0 0 42 41 0 59 6 12 0 8 9 18 0 0 0 50 14 0 0 0 5 55 0 0 0 16 0 0 68 3 0 0 0 19 48 18 66 0 91 61 44
 88 0 0 35 9 0 0 4 35 42 0 58 0 38 0 59 0 0 0 40 0 0 76 52 26 0 0 0 30 7 19 87 59 0 40 82 41 14 78 17 0 8 25 0 34 27 50 0 0 0 0 23 33 0 0 67 51 0 0 0 0 22 87 6 1 1 28 0 70 0 0 0 0 0 42 0 0 41 0 0 18 0 0 0 35 0 0 55 0 12 0 0 0 91 16 0 0 3 14 11 45 0 17 0 37 0 0 0 0 35 13 40 0 12 0 14 0 0 17 2 89 25 40 35 0 0 0 0 2 0 0 0 72 12 40 19 5 0 23 0 21 0 12 11 0 0 19 0 0 0 68 45 0 0 21 0 43 0 35 17 12 0 65 41 0 0 36 0 0 26 3 0 0 0 0 4 40 50 0 0 21 0 0 0 0 0 0 0 0 0 0 0 38 0 0 84 75 70 4 0
 0 0 0 0 0 7 0 45 2 29 0 1 26 0 0 0 0 0 35 0 0 0 0 0 0 29 61 0 0 0 22 2 0 0 66 0 25 20 0 16 16 0 0 11 12 39 28 17 88 11 43 0 18 10 0 0 43 22 40 61 0 0 3 63 0 8 0 32 13 38 0 24 0 11 0 0 14 0 0 8 0 31 70 56 0 0 57 0 76 0 0 0 0 0 0 80 0 0 0 0 0 0 16 0 5 19 0 0 0 64 14 12 0 0 0 69 0 0 4 0 31 0 2 42 0 0 22 0 24 0 0 0 67 0 13 0 10 64 34 42 0 25 0 0 24 32 0 0 28 0 67 2 5 0 14 12 25 28 0 0 0 63 0 34 46 49 91 0 14 0 0 31 69 0 53 0 0 0 0 33 61 0 0 53 77 83 36 0 68 0 74 59 22 38 0 24 0 0 0 34
 8 0 62 26 16 0 9 0 48 33 32 0 15 11 25 37 23 0 0 15 0 0 0 0 0 0 0 1 0 0 43 51 57 0 9 0 0 0 21 0 0 19 73 5 0 59 2 0 53 0 82 0 28 0 5 29 37 0 0 7 0 9 40 57 0 28 0 0 0 0 0 54 0 0 66 0 75 0 25 41 0 2 14 0 44 0 58 49 0 0 0 68 0 0 0 0 62 0 1 21 0 11 17 79 32 0 0 37 0 1 0 0 0 0 0 0 0 54 0 6 0 52 0 30 0 2 0 25 0 82 44 47 19 7 0 0 55 0 60 0 7 26 0 32 0 33 34 0 29 29 37 72 0 0 6 27 0 55 54 3 25 0 10 0 75 0 0 72 93 22 0 0 0 3 0 36 0 0 0 28 87 0 37 32 42 78 48 46 31 0 0 0 84 1 46 2 0 18 0 0
 0 9 5 0 0 0 0 0 0 25 36 0 0 0 71 50 9 95 0 0 0 11 0 0 0 12 0 25 19 26 0 0 23 22 4 0 23 0 0 0 0 53 0 0 53 25 0 0 0 21 0 61 57 0 61 0 0 71 0 54 5 15 19 0 30 17 14 59 0 7 73 40 20 23 0 0 1 36 19 58 31 0 0 58 0 0 64 0 9 0 0 0 0 3 0 0 10 0 15 27 14 0 0 0 23 0 0 0 0 33 0 5 0 0 0 28 0 4 52 75 0 57 31 0 14 0 0 0 0 74 16 66 0 55 22 0 37 45 0 26 0 0 48 0 35 0 0 2 35 0 0 0 19 0 10 0 6 20 8 26 0 0 35 0 15 76 16 55 0 22 7 5 38 50 50 17 4 66 61 0 0 18 87 0 0 0 53 0 0 5 0 34 0 19 37 14 19 57 0 0
 21 0 0 0 40 17 13 0 0 7 0 0 31 0 27 9 0 7 42 40 0 0 0 73 0 0 42 54 50 18 42 53 0 27 0 16 0 0 37 0 6 0 0 0 64 0 0 80 0 0 0 0 42 0 29 0 17 10 11 0 52 45 0 27 67 10 0 33 0 74 47 0 0 0 0 61 0 0 86 0 58 20 0 9 46 39 0 4 29 4 22 7 52 0 71 0 68 0 27 15 7 28 35 15 29 40 43 0 0 0 0 0 15 11 0 0 0 0 14 76 0 0 31 43 0 0 0 17 5 0 0 0 0 64 0 40 0 19 74 4 0 29 8 0 30 7 0 0 2 5 0 0 56 11 0 0 0 0 0 0 74 0 0 0 64 0 16 0 0 43 0 29 12 0 0 0 45 61 0 66 0 0 0 0 0 40 0 23 20 17 0 13 0 0 33 14 0 1 0 59
 35 0 37 17 0 0 0 2 0 0 0 54 51 66 0 39 0 0 0 0 10 0 0 63 49 60 4 60 0 0 54 91 0 19 0 12 16 19 32 0 41 0 39 10 0 14 41 0 87 41 0 23 41 47 25 0 0 42 14 0 4 51 0 0 54 0 0 27 0 0 22 56 2 0 0 50 0 0 42 0 73 0 0 0 0 32 48 83 28 5 0 0 2 0 74 0 45 30 5 32 45 0 79 0 0 21 96 0 0 0 0 0 44 6 45 0 40 0 0 3 0 14 0 0 8 13 1 1 0 0 25 42 49 28 42 4 0 0 15 0 0 66 0 27 2 52 0 43 0 0 58 3 0 25 57 85 44 71 2 0 46 57 59 42 0 0 73 16 0 56 0 59 0 22 0 0 16 52 31 0 0 29 5 0 39 0 0 0 51 0 0 0 0 8 56 0 13 0 0 0
 0 0 0 32 12 0 0 14 4 64 6 67 0 0 0 15 0 0 0 0 41 44 6 0 34 58 26 0 0 0 20 24 37 42 0 18 68 0 79 42 53 28 0 0 0 0 0 63 31 0 32 66 0 25 9 23 0 18 0 0 0 0 0 5 4 3 10 0 62 0 0 6 0 61 3 0 6 6 0 31 0 0 5 58 0 58 6 0 0 0 0 0 90 0 19 9 0 0 32 0 0 46 0 0 0 41 0 33 82 57 38 0 0 0 0 16 0 9 1 0 65 0 67 20 0 0 76 11 24 43 53 1 75 0 0 2 0 0 0 0 27 0 69 0 0 62 69 6 0 17 0 0 35 0 49 1 37 0 0 0 0 0 56 0 0 14 17 88 8 0 14 0 96 45 0 21 55 9 30 0 0 3 5 30 0 0 45 0 75 8 0 28 85 0 0 59 6 9 0 84
 0 53 0 0 31 65 14 0 39 0 0 21 56 15 0 42 27 71 0 0 49 61 0 0 0 29 0 0 24 0 0 34 0 31 0 0 0 0 0 4 4 0 31 0 8 0 69 0 56 0 6 94 44 0 82 0 0 0 0 48 0 0 15 42 6 7 0 0 0 0 0 0 44 29 24 0 0 43 0 0 86 16 28 0 11 92 0 0 44 0 0 0 0 0 34 40 10 0 33 65 0 22 80 0 19 0 36 38 71 0 47 0 7 55 5 30 0 50 29 16 4 0 15 2 0 0 0 52 55 41 0 0 4 87 1 0 56 65 43 12 0 0 0 0 24 6 11 0 0 0 0 0 27 0 0 0 0 50 0 6 0 0 0 97 0 0 0 0 23 24 1 0 61 8 0 0 33 46 27 51 22 67 10 0 0 0 0 32 0 81 0 4 53 0 0 29 0 6 0 0
 0 0 1 0 1 61 0 26 14 0 0 0 0 0 0 57 0 0 5 3 18 12 35 0 0 0 62 0 0 0 0 0 95 1 12 0 0 0 0 41 55 0 4 10 0 48 0 13 0 5 31 0 0 0 0 0 27 0 36 0 34 0 49 93 0 15 30 10 48 15 52 0 50 26 0 0 0 0 62 0 0 0 0 0 0 71 0 31 33 12 0 0 0 0 73 6 0 0 0 0 40 92 0 0 0 19 0 32 0 52 0 25 25 0 13 36 0 26 21 10 24 48 34 8 41 56 0 94 33 0 0 0 48 3 0 0 19 0 45 0 71 0 24 0 23 0 0 33 0 33 26 0 0 0 45 70 0 0 14 0 67 0 0 46 71 0 22 20 0 0 96 0 70 3 77 60 9 26 61 13 38 0 43 48 7 0 12 0 24 34 33 0 0 1 15 0 0 61 0 7
 44 0 52 0 52 0 48 41 0 0 80 36 61 0 11 19 38 6 0 21 3 54 0 0 0 0 29 36 43 3 34 7 0 0 0 13 0 0 42 0 15 2 0 23 0 0 0 0 0 0 27 36 62 26 29 0 7 0 0 0 0 0 0 0 0 0 0 79 0 0 28 3 10 42 0 0 25 4 4 27 0 46 0 49 63 0 0 0 36 40 67 0 59 44 0 27 0 0 85 0 0 52 81 14 0 0 29 34 26 46 15 0 0 34 0 11 0 33 11 0 0 28 0 92 21 9 23 0 0 22 0 50 0 43 44 38 62 38 34 32 0 0 37 17 0 0 0 38 16 2 47 0 12 12 21 0 27 53 63 0 48 59 54 0 4 0 0 0 18 36 12 46 39 9 60 0 0 0 0 3 0 61 0 0 0 55 0 0 55 0 26 18 0 45 24 0 57 27 6 0
 0 0 37 0 0 33 5 57 0 33 2 0 0 21 0 37 21 0 0 0 0 0 0 34 0 2 45 0 89 71 0 18 0 56 32 0 0 0 0 0 0 46 0 0 0 0 0 0 67 74 16 68 14 0 0 0 65 4 0 50 22 0 0 26 8 29 0 23 0 6 14 0 19 0 13 0 23 0 0 0 0 68 0 0 26 0 52 21 0 0 0 0 0 24 7 0 67 4 0 32 30 31 0 14 18 0 50 0 0 65 0 29 0 0 0 0 0 50 20 0 0 99 31 68 0 0 95 0 0 0 0 19 0 0 15 0 0 17 34 86 0 38 5 0 0 0 0 0 16 82 55 0 25 1 30 24 0 27 0 0 11 22 68 0 20 0 0 29 0 0 0 0 83 0 77 0 13 0 0 0 0 6 0 0 28 0 0 0 0 0 49 0 44 0 0 0 56 47 14 0
 0 0 0 0 0 35 0 72 45 0 0 0 23 0 0 0 0 0 24 0 43 0 77 0 0 39 0 3 6 0 0 33 49 0 50 73 0 3 17 64 0 5 0 0 18 0 0 0 24 0 0 0 99 0 0 0 0 5 60 10 0 0 6 0 51 0 0 0 0 0 0 11 48 17 0 0 26 60 0 55 73 53 34 48 0 1 0 0 0 0 77 0 0 66 0 29 19 20 10 0 0 0 0 83 9 0 0 0 0 40 0 8 0 15 14 43 0 18 0 29 2 0 0 0 87 0 0 0 0 0 0 1 30 25 0 38 0 29 27 0 41 41 35 71 68 0 0 16 90 53 0 33 71 0 42 0 0 31 6 14 88 0 46 32 0 0 63 0 0 0 0 0 25 66 0 0 0 31 0 14 0 0 33 5 15 26 0 0 14 32 0 0 31 33 9 0 0 0 0 26
 7 0 0 0 54 47 89 38 0 0 65 0 45 64 45 0 34 17 0 0 0 0 48 4 0 0 0 0 20 0 6 9 81 38 0 35 0 0 0 0 44 3 21 0 0 0 0 0 0 48 0 10 0 44 0 13 0 68 76 6 0 0 0 5 0 5 96 0 0 55 0 14 61 28 0 16 5 12 43 0 0 0 0 1 17 78 23 0 2 16 0 31 41 2 0 0 12 0 0 0 0 0 0 0 50 2 12 0 79 2 0 38 12 0 55 26 0 4 0 30 22 0 8 0 47 74 0 34 0 12 63 0 0 0 71 0 0 30 0 36 0 56 0 65 15 19 33 30 77 24 87 80 35 0 14 0 0 4 50 63 16 0 19 0 16 0 31 63 52 54 0 0 0 64 56 14 0 39 17 0 7 0 46 82 5 6 0 0 9 36 0 33 0 43 0 0 8 9 30 0
 8 22 0 0 0 0 46 3 74 0 0 0 0 52 0 24 54 0 5 0 58 0 0 43 0 0 0 0 17 0 44 15 0 0 0 0 0 0 0 51 0 9 27 0 72 0 0 0 0 38 20 12 89 0 0 0 48 39 0 6 0 11 23 0 58 34 18 0 0 11 64 27 0 0 0 0 0 58 40 0 27 0 0 46 22 25 13 9 0 0 29 0 35 58 0 0 0 0 0 0 30 11 23 0 17 44 15 0 45 33 14 0 0 0 56 73 40 0 6 59 56 5 21 0 70 0 27 0 0 21 0 0 29 0 0 39 19 62 0 0 18 42 61 30 31 0 0 0 0 20 23 0 0 0 36 0 4 0 52 0 44 0 0 52 0 0 16 53 0 73 0 42 9 20 0 99 0 0 0 0 0 6 31 3 0 17 27 0 29 0 19 0 0 0 82 30 22 0 32 0
 77 0 12 0 0 0 0 30 48 0 8 0 0 0 43 0 0 24 0 0 0 45 0 35 80 84 13 33 27 9 60 0 0 55 0 13 0 0 0 0 0 0 0 71 37 69 0 0 41 0 43 0 21 25 4 62 7 23 20 72 0 52 50 0 0 6 27 0 0 66 13 0 40 5 0 73 12 0 0 0 14 53 0 79 0 0 0 72 14 90 69 0 34 0 0 0 0 0 11 2 8 0 20 0 67 0 0 20 41 67 23 14 0 0 46 0 35 0 0 22 0 43 0 48 69 7 0 0 30 0 0 5 8 0 0 0 54 24 28 14 0 68 43 24 2 0 0 38 38 0 8 2 50 0 35 0 0 0 0 10 0 27 0 67 3 0 0 0 0 0 0 61 0 39 0 22 94 2 53 0 0 0 0 25 68 3 2 21 35 18 0 83 84 0 1 70 81 62 0 36
 0 43 30 7 38 42 16 0 0 23 88 0 0 21 70 10 0 0 0 0 35 0 38 34 17 0 0 12 43 0 81 20 0 0 0 0 0 0 0 0 26 26 4 34 0 21 3 0 0 0 0 0 0 0 13 12 76 0 26 0 0 78 83 0 0 0 0 0 3 0 37 45 54 81 15 0 0 0 0 0 0 61 29 0 9 3 0 32 0 0 0 0 0 0 51 0 7 9 0 70 41 28 66 27 0 4 0 0 0 4 22 0 52 0 22 0 30 1 0 0 0 0 68 0 0 29 53 0 48 0 24 35 0 0 57 33 0 0 0 0 0 0 2 0 4 0 16 0 0 0 18 0 54 0 36 49 70 0 0 0 60 30 0 51 4 0 0 0 0 0 0 19 55 0 0 60 0 90 0 5 2 56 0 20 7 41 0 0 1 13 2 0 22 0 0 69 0 1 0 6
 55 46 0 56 81 0 15 35 41 7 26 34 0 54 15 0 70 23 50 30 12 92 0 78 29 39 0 5 16 58 0 47 41 22 0 27 29 17 83 0 0 14 56 73 0 0 0 50 0 0 0 0 0 38 0 0 93 0 0 0 0 0 0 33 0 30 7 0 0 0 73 0 42 78 48 81 27 0 0 0 0 0 10 51 0 0 0 0 0 0 3 0 0 0 0 45 20 22 24 19 0 1 0 0 0 0 20 48 0 0 7 0 7 4 9 8 0 0 54 21 0 0 84 0 41 79 0 52 0 32 60 91 0 26 7 0 0 20 0 48 0 25 0 18 0 33 12 50 11 47 0 0 20 37 19 0 0 1 26 86 16 31 28 40 77 0 10 0 0 0 0 46 4 36 0 39 0 64 13 0 35 54 0 23 52 31 0 7 48 33 0 17 0 0 0 0 0 0 27 0
 0 0 0 59 0 0 58 46 35 0 19 0 68 0 0 52 13 36 2 0 56 0 0 0 0 0 0 67 0 0 0 67 11 38 56 27 76 0 55 0 58 0 0 0 0 50 0 62 0 14 0 9 0 0 0 23 96 0 0 13 0 84 0 0 0 34 0 18 0 0 5 0 0 0 41 54 0 0 0 81 75 0 0 0 24 0 11 30 0 0 0 0 0 0 4 1 0 0 55 42 0 0 18 41 0 0 0 0 47 0 63 14 0 29 2 39 0 0 70 0 0 0 0 0 54 16 19 0 0 0 50 0 9 0 17 0 77 1 19 53 13 48 0 0 0 0 44 32 0 0 0 34 0 0 44 33 0 53 0 15 83 0 76 0 0 54 0 13 19 0 0 0 4 0 53 49 0 0 49 57 22 19 8 85 0 25 6 38 0 71 60 71 23 56 31 81 0 0 20 85
 51 0 8 79 10 34 45 0 0 48 39 20 0 54 47 0 0 62 0 0 26 0 0 0 0 0 0 0 0 6 0 37 0 2 0 0 0 0 0 48 19 0 23 0 6 45 0 16 8 0 20 0 15 53 0 0 34 0 0 0 19 0 24 86 49 0 0 0 0 45 0 0 56 0 14 0 0 28 27 88 0 54 15 0 0 5 0 43 0 0 0 9 0 32 19 0 0 0 0 0 65 0 7 21 0 30 54 0 13 82 43 25 33 0 0 0 0 0 0 0 29 0 43 37 0 19 0 0 0 0 0 70 61 0 6 0 12 54 7 46 5 25 0 0 13 0 52 0 0 0 0 0 0 5 0 0 0 0 0 0 0 0 0 0 0 46 34 43 33 0 0 9 90 70 0 44 42 0 0 0 89 31 0 24 0 0 33 90 24 58 5 0 37 0 43 0 14 0 0 44
 0 0 48 0 31 0 0 0 12 13 79 0 53 0 0 36 0 66 63 34 39 0 0 0 13 13 17 75 20 0 0 0 7 62 0 0 0 27 61 56 0 0 0 49 29 33 55 44 31 0 0 69 11 5 1 0 3 85 38 0 5 7 49 0 0 11 52 26 23 0 0 0 1 0 0 5 37 0 0 18 31 0 0 0 0 0 0 0 25 0 22 70 11 0 29 32 34 0 33 0 0 95 0 0 95 44 0 0 0 5 0 29 0 0 13 0 2 0 31 0 24 0 37 0 3 80 65 28 33 0 82 0 45 0 22 21 18 0 0 2 24 0 0 35 0 52 0 0 0 0 29 0 0 0 64 38 5 1 0 1 15 9 28 35 78 0 77 0 0 0 63 0 0 59 36 0 29 0 0 0 0 31 0 0 0 0 64 0 0 18 22 19 0 33 0 0 0 0 30 0
 53 0 3 0 39 54 0 0 0 0 0 8 0 0 0 32 0 47 15 2 0 0 40 10 71 0 22 8 0 6 81 1 5 31 0 0 8 0 0 42 43 6 20 46 44 0 0 0 0 8 0 24 34 0 0 0 11 0 6 0 0 24 22 0 12 5 0 0 0 9 12 0 2 0 23 37 0 3 0 16 0 0 6 19 7 0 74 0 0 32 0 0 0 0 75 64 28 26 0 0 0 12 0 41 0 35 0 52 0 40 12 0 0 0 82 89 24 25 36 8 28 76 0 0 0 0 0 31 0 0 0 93 0 0 0 89 9 43 0 0 0 0 0 0 35 0 24 0 59 0 51 19 0 17 20 0 13 78 0 8 0 10 76 55 0 0 25 0 0 0 0 17 28 0 0 0 34 20 24 0 19 12 44 73 22 39 19 0 0 21 0 0 18 67 0 0 23 0 46 38
 0 17 48 0 39 12 0 0 0 0 0 2 81 0 0 0 0 75 59 0 3 20 46 18 0 76 0 0 0 0 0 52 0 53 16 0 0 0 0 0 28 24 8 0 12 85 61 0 0 35 0 40 0 5 0 23 58 0 26 82 0 7 0 0 0 0 0 0 0 0 4 0 69 19 35 25 0 49 0 18 22 0 0 0 67 25 0 41 11 0 0 0 0 60 43 36 0 0 69 22 19 16 4 50 0 0 7 41 0 32 0 24 0 0 0 22 0 5 6 26 32 32 0 0 0 0 0 0 70 23 1 22 11 0 62 36 26 0 0 0 0 0 0 14 30 68 0 0 37 13 53 0 0 5 15 0 46 0 37 3 66 12 39 0 0 60 32 34 0 51 0 5 62 0 0 0 0 0 0 0 0 29 0 52 10 29 35 0 0 0 0 26 1 4 79 0 0 0 7 0
 0 0 0 0 0 0 0 0 22 0 2 0 91 0 42 5 33 0 74 0 7 73 0 0 27 0 0 0 0 0 70 0 56 6 24 7 20 0 0 0 0 0 0 0 0 0 0 38 0 0 0 40 57 0 20 55 0 0 0 23 0 4 60 0 0 81 18 0 10 36 54 0 6 0 18 21 37 4 53 0 0 0 20 36 79 51 0 26 0 90 0 40 0 5 0 33 0 1 0 5 16 0 71 25 0 12 0 80 0 4 69 14 32 0 1 0 11 0 4 74 33 10 28 0 39 13 55 0 35 31 0 26 0 0 38 50 57 53 0 0 0 48 0 29 39 0 10 88 0 0 25 68 61 0 0 49 54 30 9 0 22 0 19 0 0 17 27 0 21 61 0 1 0 0 0 73 0 0 0 0 70 35 0 0 17 0 76 32 0 73 0 0 0 17 0 39 76 0 0 0
 0 16 8 0 0 0 0 36 0 0 0 22 20 85 0 59 0 0 20 4 0 0 25 2 20 88 0 0 0 24 1 38 0 0 29 0 0 6 23 0 3 50 40 0 1 0 76 0 0 0 0 2 13 0 32 51 16 0 0 0 0 0 0 0 56 0 0 81 0 0 62 0 26 20 20 22 0 0 0 40 0 73 0 25 0 5 22 87 31 0 0 5 57 0 76 22 43 47 0 0 0 0 3 5 52 0 38 48 3 57 0 0 0 56 50 0 15 43 0 0 0 81 14 11 15 84 36 48 0 39 0 1 0 83 76 8 23 56 30 58 64 71 1 0 0 42 3 95 0 35 0 26 60 0 0 70 70 0 0 16 9 80 15 0 0 42 0 50 66 14 14 0 43 0 0 0 0 0 0 0 18 40 0 0 6 85 0 31 0 21 81 59 0 16 56 49 19 0 45 0
 0 13 57 0 0 0 0 67 0 33 0 0 9 52 3 40 15 0 0 0 0 0 10 0 77 29 0 12 0 40 0 0 0 30 0 87 0 0 0 36 11 31 0 0 44 1 7 79 15 52 0 17 0 0 0 0 3 0 0 13 17 53 33 4 0 24 0 0 16 0 1 0 0 0 14 0 22 0 0 0 14 20 56 0 26 0 33 0 0 60 25 53 7 66 0 61 16 0 39 0 0 0 0 8 0 0 0 0 43 3 0 0 0 26 0 34 9 0 1 7 36 51 10 17 0 0 0 0 0 0 0 0 0 50 0 0 39 0 45 17 10 0 0 100 43 0 0 31 0 41 0 97 0 22 49 0 0 18 0 41 0 22 5 0 0 0 17 9 0 71 0 0 42 57 12 0 0 15 29 0 0 0 0 0 0 7 84 75 0 0 0 0 27 16 33 23 0 0 63 26
 0 0 58 10 47 63 0 0 0 55 1 0 0 0 30 0 0 0 0 45 90 1 50 50 16 0 0 0 0 0 25 7 62 0 26 0 6 0 18 42 48 81 0 0 0 75 8 94 81 0 72 0 5 0 21 22 17 39 14 0 0 0 28 0 0 0 0 16 0 0 38 0 0 0 39 28 28 0 46 35 0 32 9 78 2 0 0 44 33 28 0 13 57 17 24 44 0 0 0 0 7 0 0 9 0 0 24 0 0 79 0 0 0 0 76 66 4 0 0 55 0 59 0 0 0 0 0 0 3 0 15 24 18 42 0 0 11 13 50 26 0 29 1 0 0 0 19 0 15 0 0 0 0 0 28 0 89 59 0 0 0 0 21 24 0 71 0 14 15 0 26 22 10 12 40 10 0 49 0 0 0 23 6 2 0 0 0 63 0 0 62 2 0 0 22 28 0 0 2 0
 0 76 11 0 40 0 0 3 11 0 61 0 26 43 15 0 22 40 0 0 0 0 61 11 75 0 18 0 75 12 0 43 50 2 23 0 0 0 53 2 0 0 76 5 41 0 14 0 62 0 70 0 0 10 27 0 0 43 1 38 0 0 0 0 0 0 0 0 60 0 10 61 57 0 55 0 0 0 25 0 0 0 13 9 54 0 54 0 66 0 33 4 18 0 0 0 0 68 7 0 41 69 0 60 3 19 0 0 0 0 21 0 0 9 0 0 18 0 0 50 12 0 49 0 3 46 0 34 0 51 0 98 0 70 0 0 0 0 21 51 14 0 14 85 0 0 52 65 29 77 0 0 11 0 12 0 40 0 0 50 53 0 38 0 0 50 0 0 0 30 0 0 45 0 0 0 0 0 0 60 0 38 20 21 0 80 28 39 29 0 63 53 13 0 21 0 0 34 0 0
 0 0 73 5 0 34 0 0 0 0 0 0 0 12 0 79 0 0 0 14 53 40 5 33 68 17 68 0 58 0 30 0 87 13 0 0 14 0 37 14 0 3 22 0 0 19 0 3 0 42 10 0 16 0 11 73 31 0 0 53 11 0 30 0 0 41 0 78 41 0 0 0 29 0 23 0 0 70 0 0 0 0 0 0 0 0 0 37 19 72 56 28 28 0 4 0 0 0 35 0 0 11 20 49 0 0 4 0 0 0 9 0 4 20 0 0 0 0 55 0 65 17 3 81 35 0 4 55 0 0 0 16 0 27 0 4 0 0 35 0 93 39 16 13 13 0 9 34 21 0 0 4 17 0 29 0 0 96 0 17 0 16 10 40 96 0 0 35 0 0 0 5 3 0 0 70 0 0 0 0 0 0 0 10 0 0 16 37 67 21 0 0 0 7 0 8 0 0 45 41
 11 0 49 0 0 21 0 45 0 15 0 0 0 28 0 33 62 32 0 46 38 28 0 32 29 10 0 0 0 0 18 0 15 25 0 0 0 34 0 0 64 0 0 0 43 0 0 34 0 11 17 5 0 0 53 18 63 50 53 0 8 0 0 60 66 0 62 0 0 0 27 68 0 0 18 35 13 14 44 78 0 0 0 0 0 23 85 0 73 0 36 64 43 0 0 87 47 0 0 50 0 16 29 25 51 23 8 45 0 5 6 0 38 0 0 0 0 0 0 0 0 37 0 25 10 0 0 74 51 13 10 15 13 0 16 39 95 0 0 0 0 0 0 71 78 0 16 2 0 72 0 13 0 0 0 25 1 0 0 2 0 27 60 0 31 50 16 25 61 10 0 0 0 39 33 0 54 0 85 0 0 0 55 7 36 0 4 0 0 82 45 0 0 27 0 0 0 0 14 4
 60 31 2 0 0 19 0 8 24 6 0 42 0 25 0 0 45 0 9 0 18 0 0 12 0 44 9 0 0 8 49 35 0 0 0 61 0 47 2 0 0 0 0 20 0 0 0 6 68 4 1 2 7 20 0 47 29 0 0 82 0 2 56 7 0 26 0 15 0 0 27 0 66 0 15 0 0 0 0 0 0 0 0 27 0 78 37 33 47 20 44 0 0 10 20 0 16 89 84 0 44 0 0 11 49 0 0 0 19 20 0 0 46 14 0 38 0 22 73 0 11 28 55 0 66 0 67 0 66 0 0 35 44 38 0 0 0 25 12 43 72 0 0 0 0 26 0 57 0 0 5 6 0 25 0 59 0 0 0 16 7 3 29 0 7 0 0 1 0 0 53 0 61 19 0 36 0 25 0 0 29 0 36 0 11 0 29 0 0 28 50 98 15 0 0 0 0 0 81 0
 4 48 9 23 46 0 0 0 0 0 0 0 0 0 15 4 72 3 62 16 18 0 0 9 0 0 52 0 15 0 0 0 0 62 0 64 3 45 54 16 64 40 26 60 0 16 5 0 50 0 32 60 0 0 0 0 34 0 0 0 0 83 0 0 0 0 7 0 2 3 24 44 0 0 0 25 0 10 2 0 0 41 91 71 0 0 11 51 8 87 15 8 0 0 0 13 0 48 59 21 0 0 78 0 0 39 13 12 0 59 33 0 0 53 0 20 0 0 47 0 0 0 0 0 60 0 8 0 20 0 90 0 40 0 20 0 7 27 0 0 0 2 0 0 29 0 0 0 67 0 3 40 14 44 0 48 84 28 0 0 0 0 0 0 0 2 63 23 0 0 2 4 0 0 10 10 0 0 84 0 0 56 0 0 38 34 0 62 0 47 12 0 10 1 0 11 0 70 0 6
 10 11 23 5 0 69 20 0 0 0 0 0 74 0 41 0 0 7 22 14 0 26 0 0 0 5 0 0 0 0 0 0 0 0 81 0 5 0 68 62 0 77 16 11 0 11 60 9 0 78 25 0 0 10 0 0 0 0 6 29 0 5 34 0 0 52 0 2 13 0 15 0 0 6 11 0 0 62 0 88 11 90 64 4 30 0 30 0 0 14 0 0 0 45 20 7 62 20 56 57 0 2 0 0 48 5 0 0 0 0 0 21 17 0 23 0 59 0 87 0 35 0 22 0 0 18 82 0 16 14 17 0 0 0 0 22 0 1 0 0 0 0 75 0 0 0 76 26 0 0 89 0 36 83 32 64 20 64 0 21 28 0 3 0 0 0 7 0 5 10 0 0 14 0 0 28 80 42 37 0 40 0 0 0 0 0 0 4 54 0 0 6 0 4 0 0 43 0 33 0
 7 0 51 1 0 0 0 49 0 35 26 9 0 28 0 0 54 0 0 42 0 46 56 58 0 0 0 0 0 17 63 0 0 0 25 0 0 13 37 0 51 30 0 54 44 77 0 23 0 0 0 21 0 0 77 0 0 31 0 0 63 0 0 0 51 0 0 45 0 12 0 46 0 0 7 46 0 45 0 0 19 0 18 0 0 0 5 0 56 0 0 0 0 7 22 28 34 42 11 0 29 2 26 67 32 0 0 48 47 0 0 0 8 0 0 0 47 39 15 0 0 74 39 0 0 0 0 0 0 0 26 14 0 0 19 81 20 22 0 0 0 0 19 3 0 68 9 0 5 0 41 0 0 3 0 70 51 90 57 0 0 0 62 11 0 0 0 0 76 26 0 0 43 0 31 0 0 5 27 0 0 16 6 0 41 0 0 0 0 7 66 25 59 65 41 0 0 77 0 0
 0 0 8 0 58 0 3 0 18 0 75 53 47 0 44 14 34 0 0 79 0 31 61 0 84 0 42 0 0 0 0 0 0 0 0 0 8 9 0 0 0 50 35 0 93 0 0 32 66 46 0 0 0 0 40 19 27 18 70 13 27 13 0 0 5 11 0 56 85 0 0 0 47 4 0 17 34 23 0 0 0 29 0 0 0 0 58 5 16 20 11 0 0 0 41 41 48 0 0 44 0 13 0 81 31 0 53 0 0 3 0 0 45 67 0 72 23 3 0 84 0 0 0 16 0 26 27 3 0 0 23 35 0 0 0 26 11 0 48 0 31 0 4 0 0 69 0 55 29 0 0 74 61 3 0 0 75 41 56 0 0 0 0 0 0 0 0 70 0 0 46 2 16 25 2 0 0 0 1 0 10 62 89 19 0 0 0 0 8 0 10 75 0 1 67 90 76 0 14 5
 27 15 0 0 0 74 44 0 40 19 0 0 56 67 70 15 0 0 26 0 62 0 0 10 29 0 0 23 0 0 62 0 64 40 12 0 0 0 41 0 0 0 15 0 7 0 0 0 15 0 0 15 0 39 0 2 28 18 0 0 0 46 16 14 0 0 73 0 22 0 0 0 49 0 0 22 0 72 8 52 46 0 25 22 1 0 0 56 0 50 2 75 28 0 0 43 19 32 0 0 5 0 13 0 0 0 46 39 36 0 28 0 0 0 0 11 92 0 0 4 0 0 53 1 0 45 15 0 28 0 65 0 19 0 26 41 94 34 0 15 53 0 10 0 7 0 23 5 12 9 37 68 0 36 0 0 0 6 19 0 69 90 0 11 2 0 57 0 0 19 60 0 0 9 0 0 0 12 68 66 0 10 0 31 0 0 63 2 52 23 46 47 88 0 33 0 83 40 17 22
 20 10 68 0 2 43 48 0 44 0 0 0 0 36 22 0 9 14 0 0 1 0 0 0 2 0 0 10 1 0 87 0 55 0 69 0 0 0 0 0 50 0 21 0 18 43 0 18 0 0 0 34 0 58 0 0 0 0 0 0 0 0 34 34 0 4 68 0 66 13 0 14 44 0 42 16 2 0 0 0 0 0 21 0 81 33 4 0 0 80 32 67 0 36 22 3 18 69 0 0 0 0 0 0 27 80 0 65 56 0 0 38 0 0 25 0 63 0 47 30 62 0 62 0 0 33 60 36 76 40 0 17 67 2 14 16 17 25 17 13 0 12 0 43 0 0 0 0 0 10 83 50 57 0 0 31 29 0 42 13 0 0 0 37 0 0 0 16 0 0 0 0 0 21 0 3 0 0 15 61 16 18 84 69 31 80 16 14 0 40 22 46 0 55 0 19 0 46 63 0
 13 16 0 0 0 85 58 0 14 52 0 36 5 35 0 63 35 0 49 32 0 38 17 0 65 0 43 61 0 0 0 62 28 0 12 49 36 0 0 39 54 46 14 0 24 19 0 0 33 68 0 0 0 43 0 28 0 44 52 0 47 0 42 80 0 0 24 51 12 0 0 0 0 0 0 0 0 5 0 16 0 11 23 14 0 1 55 7 38 0 0 22 9 0 20 0 36 0 0 8 0 78 95 34 57 55 0 5 0 0 0 0 16 0 24 0 0 0 17 39 0 0 5 25 0 43 0 0 0 66 0 25 0 0 0 40 0 0 17 0 20 31 0 36 0 0 0 0 23 62 0 0 0 8 15 0 0 71 0 39 69 0 0 11 62 58 49 53 36 27 98 0 0 4 0 0 5 54 0 0 74 0 0 0 53 0 0 0 27 0 0 0 56 0 20 0 0 0 37 0
 0 0 38 22 8 43 16 0 0 0 70 0 0 40 0 0 61 22 0 4 12 0 0 0 44 0 0 0 0 0 0 6 38 0 0 0 50 3 0 0 0 9 0 21 7 0 28 0 83 0 23 0 0 45 46 0 51 9 0 68 0 0 12 37 0 6 0 41 0 0 0 45 0 22 22 0 49 63 27 0 11 5 0 0 0 0 0 0 3 0 0 0 0 33 0 0 0 6 0 13 0 0 54 0 0 0 34 13 0 32 0 11 23 0 10 0 0 0 38 63 0 0 34 24 44 0 0 55 0 29 0 20 0 79 67 85 45 0 0 35 0 15 0 0 35 0 36 1 0 0 0 0 55 0 72 0 0 0 0 0 30 0 76 0 0 11 0 18 0 80 0 28 56 0 76 34 0 0 33 0 0 21 0 55 43 29 0 26 10 0 0 49 0 11 29 0 0 17 19 97
