40                                       
0 18 0 303 0 0 0 0 0 37 50 0 0 1 0 0 99 137 0 469 0 0 229 0 243 365 51 0 1 0 0 0 1 363 0 0 8 0 303 0
0 0 0 0 0 41 42 0 0 16 0 0 5 367 32 0 0 5762 0 0 0 0 0 0 0 13 303 0 574 164 0 49 49 24 0 351 0 0 0 0
0 0 0 0 0 0 0 1107 0 2 0 0 0 0 0 0 225 0 0 738 0 0 5 1 0 0 879 751 237 0 109 351 103 0 75 0 31 0 17 361
0 0 30 0 0 0 14 10 0 1172 0 0 0 0 0 80 0 0 649 1219 0 948 0 0 0 0 0 0 0 0 0 0 0 0 79 0 0 0 0 460
2846 93 0 1334 2 191 31 573 2623 0 0 8 0 0 0 0 0 14 0 16 0 81 174 0 5 17 34 0 429 2847 0 49 0 0 0 0 0 14 0 0
23 0 0 0 0 0 0 0 0 76 0 0 128 0 36 0 0 0 0 190 0 0 0 19 67 1 0 64 0 384 0 0 0 101 0 0 0 2 146 0
36 0 0 0 0 105 0 0 0 0 0 0 0 0 117 0 56 125 0 0 0 0 0 201 136 0 64 0 635 0 0 37 0 0 0 0 934 0 0 0
0 26 0 0 0 234 0 384 0 0 0 0 0 0 0 44 0 0 0 14 19 0 406 0 164 0 0 0 0 887 20 9 234 64 0 0 0 287 0 41
154 27 0 0 0 1 8 0 74 0 0 0 618 0 0 0 108 0 19 12 62 0 0 0 0 6 0 0 191 0 0 0 93 0 0 0 0 83 0 0
0 0 0 0 0 0 0 25 0 13 0 65 69 151 0 0 0 106 0 0 118 0 1 0 0 0 89 0 0 0 667 11 39 0 15 0 0 0 0 0
0 0 48 0 0 954 0 80 1340 972 0 149 20 0 7 11 0 0 0 112 7 0 0 50 0 221 0 144 0 0 0 0 72 1224 15 0 0 45 97 0
39 111 2 0 0 0 19 74 0 0 0 101 0 0 0 0 884 0 213 0 31 0 2272 158 0 90 0 14 0 0 20 0 19 0 0 4 0 0 0 0
0 0 0 0 0 0 2 0 0 0 0 48 0 0 8 36 0 0 1 0 0 15 0 0 278 0 148 56 0 0 21 1 0 0 0 0 0 681 154 0
0 0 10 2 0 0 0 125 5 0 15 0 187 143 633 0 0 36 1605 0 0 0 0 0 0 0 0 0 0 0 3 19 0 0 0 2 0 1 0 1260
0 0 0 73 0 0 0 38 109 423 0 0 0 0 0 24 572 0 0 0 130 0 0 23 0 10 0 0 0 0 0 0 0 0 58 2 0 0 31 0
103 0 0 0 117 0 0 0 101 30 0 0 0 1 0 0 1631 0 0 0 0 0 0 628 0 216 212 0 0 974 0 23 0 0 47 0 14 9 36 0
0 0 0 0 0 1 0 0 4 130 0 0 0 619 0 0 0 0 0 0 553 0 190 0 0 0 0 31 49 93 0 0 53 105 0 2 254 0 0 0
0 0 3 4 0 0 0 0 2 0 384 139 6 0 256 190 79 363 0 1 49 0 0 0 0 0 3 0 0 0 0 0 0 165 0 1031 0 0 0 0
0 13 11 0 587 0 15 0 0 33 458 0 0 0 0 0 0 363 0 429 4 0 624 17 0 0 0 751 0 888 0 48 109 0 0 184 45 0 0 0
0 0 0 0 0 0 25 0 6 415 0 200 0 97 98 0 5 0 0 445 0 29 0 234 0 0 0 0 183 0 0 0 96 0 238 15 0 0 0 0
0 974 1 25 0 57 0 0 0 0 0 0 57 0 0 33 0 0 0 41 0 0 217 0 24 0 31 0 28 8 649 0 0 71 329 0 0 182 0 0
65 686 0 0 0 1260 0 164 0 5 0 7 0 0 0 68 0 95 223 0 0 0 0 0 0 0 0 0 0 62 0 0 71 23 0 0 13 468 0 0
0 42 0 40 0 143 0 0 37 0 0 0 0 0 0 0 0 240 0 0 0 19 0 0 0 40 40 0 0 14 112 27 0 114 0 0 0 5 135 0
0 0 0 101 6 0 0 0 7 0 0 0 0 0 0 0 14 0 0 0 159 5 16 19 0 0 0 0 0 0 0 0 0 0 66 0 0 0 0 0
0 0 0 0 0 0 0 0 0 0 31 0 0 0 275 0 0 80 0 27 0 44 367 0 137 0 0 0 1 44 0 17 0 0 0 0 0 0 14 0
0 0 334 66 0 0 26 27 0 40 0 0 0 0 0 0 0 48 75 2 7 429 0 0 0 145 0 0 0 7 203 9 0 0 0 0 0 1987 0 0
0 0 0 0 0 0 0 8 7 8 0 0 0 0 0 0 0 0 351 0 0 2 0 1162 0 0 178 0 0 0 2 71 8 0 0 0 0 112 0 104
33 12 0 0 0 0 0 0 7 43 0 0 0 6 1474 0 0 932 0 0 23 7 13 628 47 240 0 0 0 0 0 0 26 0 0 21 0 37 0 268
0 0 0 6 0 134 0 0 0 191 81 53 95 0 365 32 0 208 0 0 0 0 34 0 0 33 60 0 0 0 0 0 82 73 0 0 0 26 98 0
0 0 151 0 0 0 0 0 0 587 0 42 39 7 26 0 0 60 0 41 0 0 0 0 0 0 0 74 58 0 0 109 0 0 130 0 0 0 0 0
3 0 0 0 20 36 1124 0 42 0 0 0 0 0 48 6 20 0 255 44 0 325 0 74 202 0 0 0 25 183 0 22 0 91 0 64 0 0 4 561
0 0 0 0 0 0 0 0 0 0 0 0 0 0 0 0 856 0 0 4 2 680 0 9 0 0 0 130 89 0 0 0 0 0 962 0 0 0 0 0
0 0 0 0 0 0 0 0 0 0 0 0 49 237 87 12 0 0 0 0 0 0 1638 0 628 0 0 0 0 307 1103 0 82 165 69 499 0 0 31 0
0 0 0 183 0 0 42 0 0 49 0 0 15 240 0 96 0 0 0 45 0 0 0 0 23 5 9 0 0 601 0 55 0 0 0 0 0 4 331 0
15 0 0 0 6 249 22 0 75 0 0 0 0 145 0 0 0 0 0 0 0 15 855 0 6 0 0 0 14 0 351 0 0 2 23 0 0 0 131 228
71 0 26 27 0 0 7 203 64 0 70 0 0 0 0 132 0 1 0 0 4 0 0 527 0 0 257 0 21 0 0 0 0 0 0 0 0 0 25 0
0 1 0 0 13 49 0 0 0 0 0 302 0 31 107 0 0 0 0 92 75 0 0 0 35 45 135 1223 17 0 11 60 22 26 11 0 0 0 0 0
383 0 0 0 0 0 0 0 0 112 0 0 0 0 0 0 61 95 29 0 0 0 0 0 21 0 0 0 0 0 28 0 152 0 109 16 0 0 8 0
0 6 0 0 40 42 0 313 101 103 0 429 0 31 0 0 4 47 20 0 302 0 0 0 0 0 33 20 0 0 0 0 0 0 0 0 23 0 27 0
0 0 0 0 14 16 0 0 456 0 83 0 29 0 4 972 0 6 200 0 0 0 123 262 1180 0 0 0 11 23 0 763 0 38 0 0 0 6 572 5