/* Organism #27 Fitness: 1.004 Error: 0.996 */
genomestart 27
trait 1 0.129427 0.164166 0.158883 0.107977 0.937438 0.221895 0.68697 0.0723887 
node 1 1 0
node 2 1 1
node 3 1 1
node 4 1 1
node 5 1 1
node 6 1 1
node 7 1 1
node 8 1 1
node 9 1 1
node 10 1 2
node 11 1 2
node 12 1 2
node 13 1 2
node 14 1 2
node 15 1 2
node 16 1 2
node 17 1 2
node 18 1 2
node 19 1 2
node 20 1 2
node 21 1 3
node 22 1 3
node 23 1 3
node 24 1 3
node 25 1 3
node 26 1 3
node 27 1 3
node 28 1 3
gene 1 1 21 0.335464 0 1 0.335464 1
gene 1 1 22 -3.52583 0 2 -3.52583 1
gene 1 1 24 -2.66676 0 4 -2.66676 1
gene 1 1 25 -3.20314 0 5 -3.20314 1
gene 1 1 26 0.870513 0 6 0.870513 1
gene 1 1 27 1.7253 0 7 1.7253 1
gene 1 1 28 -0.682889 0 8 -0.682889 1
gene 1 2 21 -0.565015 0 9 -0.565015 1
gene 1 2 22 -3.02147 0 10 -3.02147 1
gene 1 2 23 1.90681 0 11 1.90681 1
gene 1 2 24 1.07518 0 12 1.07518 1
gene 1 2 25 -0.294716 0 13 -0.294716 1
gene 1 2 26 -3.23635 0 14 -3.23635 1
gene 1 2 27 3.60353 0 15 3.60353 1
gene 1 2 28 -1.30422 0 16 -1.30422 1
gene 1 3 21 3.39852 0 17 3.39852 1
gene 1 3 22 -1.22246 0 18 -1.22246 1
gene 1 3 23 1.65797 0 19 1.65797 1
gene 1 3 24 0.272929 0 20 0.272929 1
gene 1 3 25 -1.27237 0 21 -1.27237 1
gene 1 3 26 -1.27002 0 22 -1.27002 1
gene 1 3 27 -0.627426 0 23 -0.627426 1
gene 1 3 28 -1.69579 0 24 -1.69579 1
gene 1 4 21 0.518733 0 25 0.518733 1
gene 1 4 22 2.98432 0 26 2.98432 1
gene 1 4 23 1.75505 0 27 1.75505 1
gene 1 4 24 -1.55367 0 28 -1.55367 1
gene 1 4 25 -1.47855 0 29 -1.47855 1
gene 1 4 26 0.558904 0 30 0.558904 1
gene 1 4 27 -2.57821 0 31 -2.57821 1
gene 1 4 28 -2.6774 0 32 -2.6774 1
gene 1 5 21 -0.178543 0 33 -0.178543 1
gene 1 5 22 -0.210114 0 34 -0.210114 1
gene 1 5 23 -1.81619 0 35 -1.81619 1
gene 1 5 24 1.12421 0 36 1.12421 1
gene 1 5 25 -3.46352 0 37 -3.46352 1
gene 1 5 26 -3.81663 0 38 -3.81663 1
gene 1 5 27 2.86373 0 39 2.86373 1
gene 1 5 28 -2.61812 0 40 -2.61812 1
gene 1 6 21 0.730793 0 41 0.730793 1
gene 1 6 22 -0.716878 0 42 -0.716878 1
gene 1 6 23 -0.83314 0 43 -0.83314 1
gene 1 6 24 0.323434 0 44 0.323434 1
gene 1 6 25 0.192054 0 45 0.192054 1
gene 1 6 26 -1.87967 0 46 -1.87967 1
gene 1 6 27 -0.878979 0 47 -0.878979 1
gene 1 6 28 -1.9356 0 48 -1.9356 1
gene 1 7 21 0.488845 0 49 0.488845 1
gene 1 7 22 -0.897738 0 50 -0.897738 1
gene 1 7 23 -0.180719 0 51 -0.180719 1
gene 1 7 24 -1.9516 0 52 -1.9516 1
gene 1 7 25 -1.81737 0 53 -1.81737 1
gene 1 7 26 -0.896472 0 54 -0.896472 1
gene 1 7 27 -0.686003 0 55 -0.686003 1
gene 1 7 28 -0.704593 0 56 -0.704593 1
gene 1 8 21 -1.69822 0 57 -1.69822 1
gene 1 8 22 -0.466355 0 58 -0.466355 1
gene 1 8 23 -2.85578 0 59 -2.85578 1
gene 1 8 24 1.45649 0 60 1.45649 1
gene 1 8 25 -0.735106 0 61 -0.735106 1
gene 1 8 26 0.234592 0 62 0.234592 1
gene 1 8 27 -1.23181 0 63 -1.23181 1
gene 1 8 28 -3.61164 0 64 -3.61164 1
gene 1 9 21 -1.41336 0 65 -1.41336 1
gene 1 9 22 0.711754 0 66 0.711754 1
gene 1 9 23 0.529631 0 67 0.529631 1
gene 1 9 24 2.93716 0 68 2.93716 1
gene 1 9 25 -0.255598 0 69 -0.255598 1
gene 1 9 26 1.55693 0 70 1.55693 1
gene 1 9 27 1.1909 0 71 1.1909 1
gene 1 9 28 -2.8953 0 72 -2.8953 1
gene 1 21 10 3.15647 0 73 3.15647 1
gene 1 21 11 0.832481 0 74 0.832481 1
gene 1 21 12 1.31118 0 75 1.31118 1
gene 1 21 13 1.04188 0 76 1.04188 1
gene 1 21 14 0.320357 0 77 0.320357 1
gene 1 21 15 -2.2953 0 78 -2.2953 1
gene 1 21 16 -0.512594 0 79 -0.512594 1
gene 1 21 17 0.584434 0 80 0.584434 1
gene 1 21 19 0.530628 0 82 0.530628 1
gene 1 21 20 -1.99514 0 83 -1.99514 1
gene 1 22 10 3.04924 0 84 3.04924 1
gene 1 22 11 -1.57668 0 85 -1.57668 1
gene 1 22 12 -4.25601 0 86 -4.25601 1
gene 1 22 13 1.08208 0 87 1.08208 1
gene 1 22 14 1.28826 0 88 1.28826 1
gene 1 22 15 -5.11252 0 89 -5.11252 1
gene 1 22 16 -1.91105 0 90 -1.91105 1
gene 1 22 17 0.938383 0 91 0.938383 1
gene 1 22 18 -1.44146 0 92 -1.44146 1
gene 1 22 19 -2.07907 0 93 -2.07907 1
gene 1 22 20 0.669406 0 94 0.669406 1
gene 1 23 10 0.409782 0 95 0.409782 1
gene 1 23 11 -0.862084 0 96 -0.862084 1
gene 1 23 12 3.4863 0 97 3.4863 1
gene 1 23 13 2.08941 0 98 2.08941 1
gene 1 23 14 -1.04068 0 99 -1.04068 1
gene 1 23 15 2.72744 0 100 2.72744 1
gene 1 23 16 0.225598 0 101 0.225598 1
gene 1 23 17 -0.433148 0 102 -0.433148 1
gene 1 23 18 -1.20748 0 103 -1.20748 1
gene 1 23 19 2.57438 0 104 2.57438 1
gene 1 23 20 -0.331729 0 105 -0.331729 1
gene 1 24 10 -1.76855 0 106 -1.76855 1
gene 1 24 11 2.60689 0 107 2.60689 1
gene 1 24 12 -1.78794 0 108 -1.78794 1
gene 1 24 13 -3.44885 0 109 -3.44885 1
gene 1 24 14 -2.4699 0 110 -2.4699 1
gene 1 24 15 4.3584 0 111 4.3584 1
gene 1 24 16 -0.783352 0 112 -0.783352 1
gene 1 24 17 2.35535 0 113 2.35535 1
gene 1 24 18 -0.291923 0 114 -0.291923 1
gene 1 24 19 -1.89495 0 115 -1.89495 1
gene 1 24 20 -2.86669 0 116 -2.86669 1
gene 1 25 10 0.148294 0 117 0.148294 1
gene 1 25 11 2.40121 0 118 2.40121 1
gene 1 25 12 -3.29918 0 119 -3.29918 1
gene 1 25 13 -2.20102 0 120 -2.20102 1
gene 1 25 14 -3.11514 0 121 -3.11514 1
gene 1 25 15 1.91244 0 122 1.91244 1
gene 1 25 16 -1.2848 0 123 -1.2848 1
gene 1 25 17 0.0293652 0 124 0.0293652 1
gene 1 25 18 2.1945 0 125 2.1945 1
gene 1 25 19 2.77801 0 126 2.77801 1
gene 1 25 20 2.831 0 127 2.831 1
gene 1 26 10 -1.6074 0 128 -1.6074 1
gene 1 26 11 4.72806 0 129 4.72806 1
gene 1 26 12 0.951743 0 130 0.951743 1
gene 1 26 13 -2.36561 0 131 -2.36561 1
gene 1 26 14 -2.22552 0 132 -2.22552 1
gene 1 26 15 -0.581012 0 133 -0.581012 1
gene 1 26 16 -0.0117584 0 134 -0.0117584 1
gene 1 26 17 -2.1608 0 135 -2.1608 1
gene 1 26 18 -1.04342 0 136 -1.04342 1
gene 1 26 19 0.248484 0 137 0.248484 1
gene 1 26 20 -0.838653 0 138 -0.838653 1
gene 1 27 10 1.11276 0 139 1.11276 1
gene 1 27 11 0.414556 0 140 0.414556 1
gene 1 27 12 -1.12635 0 141 -1.12635 1
gene 1 27 13 -1.7281 0 142 -1.7281 1
gene 1 27 14 -3.88017 0 143 -3.88017 1
gene 1 27 15 0.725854 0 144 0.725854 1
gene 1 27 16 0.869607 0 145 0.869607 1
gene 1 27 17 -0.328897 0 146 -0.328897 1
gene 1 27 18 -3.31429 0 147 -3.31429 1
gene 1 27 19 1.69208 0 148 1.69208 1
gene 1 27 20 1.04107 0 149 1.04107 1
gene 1 28 10 -0.93024 0 150 -0.93024 1
gene 1 28 11 -1.66639 0 151 -1.66639 1
gene 1 28 12 -2.13422 0 152 -2.13422 1
gene 1 28 13 3.09146 0 153 3.09146 1
gene 1 28 14 -2.17569 0 154 -2.17569 1
gene 1 28 15 -1.72001 0 155 -1.72001 1
gene 1 28 16 1.44256 0 156 1.44256 1
gene 1 28 17 -0.858563 0 157 -0.858563 1
gene 1 28 18 0.386186 0 158 0.386186 1
gene 1 28 19 -1.81341 0 159 -1.81341 1
gene 1 28 20 0.0962272 0 160 0.0962272 1
gene 1 12 20 -2.49513 0 274 -2.49513 1
gene 1 12 14 0.160519 0 873 0.160519 1
gene 1 17 22 0.721375 1 1412 0.721375 1
gene 1 20 11 -0.311151 0 1532 -0.311151 1
gene 1 3 17 -0.727245 0 1634 -0.727245 1
gene 1 18 17 0.325286 0 1755 0.325286 1
gene 1 17 10 -0.830897 0 2071 -0.830897 1
gene 1 27 22 -0.152037 0 2162 -0.152037 1
gene 1 23 28 0.75392 0 2291 0.75392 1
genomeend 27
