/* Organism #157 Fitness: 1.006 Error: 0.994 */
genomestart 157
trait 1 0.319277 0.790957 0.332299 0.311272 1 0 1 0 
node 1 1 0
node 2 1 1
node 3 1 1
node 4 1 1
node 5 1 1
node 6 1 1
node 7 1 1
node 8 1 1
node 9 1 1
node 10 1 2
node 11 1 2
node 12 1 2
node 13 1 2
node 14 1 2
node 15 1 2
node 16 1 2
node 17 1 2
node 18 1 2
node 19 1 2
node 20 1 2
node 21 1 3
node 23 1 3
node 24 1 3
node 27 1 3
node 28 1 3
node 65 1 3
gene 1 1 21 1.14579 0 1 1.14579 1
gene 1 1 23 4.3581 0 3 4.3581 1
gene 1 1 24 0.756179 0 4 0.756179 1
gene 1 1 27 -1.54112 0 7 -1.54112 1
gene 1 1 28 -6.96112 0 8 -6.96112 1
gene 1 2 21 -0.24405 0 9 -0.24405 1
gene 1 2 23 -0.813851 0 11 -0.813851 1
gene 1 2 24 -3.24268 0 12 -3.24268 1
gene 1 2 27 0.119753 0 15 0.119753 1
gene 1 3 21 0.0804061 0 17 0.0804061 1
gene 1 3 23 0.096129 0 19 0.096129 1
gene 1 3 24 -3.02071 0 20 -3.02071 1
gene 1 3 27 1.30467 0 23 1.30467 1
gene 1 3 28 2.01978 0 24 2.01978 1
gene 1 4 21 1.36838 0 25 1.36838 1
gene 1 4 23 3.7293 0 27 3.7293 1
gene 1 4 24 1.35088 0 28 1.35088 1
gene 1 4 27 3.67986 0 31 3.67986 1
gene 1 4 28 -2.91855 0 32 -2.91855 1
gene 1 5 21 0.721433 0 33 0.721433 1
gene 1 5 23 -0.483951 0 35 -0.483951 1
gene 1 5 24 -0.957775 0 36 -0.957775 1
gene 1 5 27 -3.57635 0 39 -3.57635 1
gene 1 5 28 1.96978 0 40 1.96978 1
gene 1 6 23 -0.269606 0 43 -0.269606 1
gene 1 6 24 2.3968 0 44 2.3968 1
gene 1 6 27 0.0398341 0 47 0.0398341 1
gene 1 6 28 1.74673 0 48 1.74673 1
gene 1 7 21 -1.85373 0 49 -1.85373 1
gene 1 7 23 2.77051 0 51 2.77051 1
gene 1 7 24 1.36679 0 52 1.36679 1
gene 1 7 27 -0.488713 0 55 -0.488713 1
gene 1 7 28 1.00558 0 56 1.00558 1
gene 1 8 21 0.0636376 0 57 0.0636376 1
gene 1 8 23 3.3061 0 59 3.3061 1
gene 1 8 24 2.54788 0 60 2.54788 1
gene 1 8 27 -0.76317 0 63 -0.76317 1
gene 1 8 28 0.849237 0 64 0.849237 1
gene 1 9 21 -2.1102 0 65 -2.1102 1
gene 1 9 23 0.142804 0 67 0.142804 1
gene 1 9 24 -0.723149 0 68 -0.723149 1
gene 1 9 27 -3.75776 0 71 -3.75776 1
gene 1 9 28 -2.04998 0 72 -2.04998 1
gene 1 21 10 -0.916944 0 73 -0.916944 1
gene 1 21 11 3.63191 0 74 3.63191 1
gene 1 21 12 -4.09511 0 75 -4.09511 1
gene 1 21 13 1.55657 0 76 1.55657 1
gene 1 21 14 1.35751 0 77 1.35751 1
gene 1 21 15 -0.917318 0 78 -0.917318 1
gene 1 21 16 3.5049 0 79 3.5049 1
gene 1 21 17 0.270793 0 80 0.270793 1
gene 1 21 18 -3.22816 0 81 -3.22816 1
gene 1 21 19 1.72919 0 82 1.72919 1
gene 1 21 20 0.109843 0 83 0.109843 1
gene 1 23 11 4.42297 0 96 4.42297 1
gene 1 23 12 1.38227 0 97 1.38227 1
gene 1 23 13 -8 0 98 -8 1
gene 1 23 14 0.967398 0 99 0.967398 1
gene 1 23 15 0.990103 0 100 0.990103 1
gene 1 23 16 3.64377 0 101 3.64377 1
gene 1 23 17 -0.204421 0 102 -0.204421 1
gene 1 23 18 -0.817451 0 103 -0.817451 1
gene 1 23 19 0.778028 0 104 0.778028 1
gene 1 23 20 -8 0 105 -8 1
gene 1 24 10 -6.98915 0 106 -6.98915 1
gene 1 24 11 -0.86924 0 107 -0.86924 1
gene 1 24 12 -3.57696 0 108 -3.57696 1
gene 1 24 13 -2.67201 0 109 -2.67201 1
gene 1 24 14 -0.563528 0 110 -0.563528 1
gene 1 24 15 -0.452637 0 111 -0.452637 1
gene 1 24 16 -0.568429 0 112 -0.568429 1
gene 1 24 17 1.2091 0 113 1.2091 1
gene 1 24 18 0.810673 0 114 0.810673 1
gene 1 24 19 0.388697 0 115 0.388697 1
gene 1 24 20 -2.76576 0 116 -2.76576 1
gene 1 27 11 0.408374 0 140 0.408374 1
gene 1 27 12 1.12572 0 141 1.12572 1
gene 1 27 13 -0.449865 0 142 -0.449865 1
gene 1 27 14 -2.66282 0 143 -2.66282 1
gene 1 27 15 -0.459563 0 144 -0.459563 1
gene 1 27 16 -3.50939 0 145 -3.50939 1
gene 1 27 17 1.69211 0 146 1.69211 1
gene 1 27 18 1.02428 0 147 1.02428 1
gene 1 27 19 0.303436 0 148 0.303436 1
gene 1 27 20 2.29639 0 149 2.29639 1
gene 1 28 10 0.922239 0 150 0.922239 1
gene 1 28 11 2.16172 0 151 2.16172 1
gene 1 28 12 1.59875 0 152 1.59875 1
gene 1 28 13 3.23428 0 153 3.23428 1
gene 1 28 14 0.195832 0 154 0.195832 1
gene 1 28 15 -0.0611666 0 155 -0.0611666 1
gene 1 28 16 2.39769 0 156 2.39769 1
gene 1 28 17 3.36127 0 157 3.36127 1
gene 1 28 18 -0.307275 0 158 -0.307275 1
gene 1 28 19 -2.74918 0 159 -2.74918 1
gene 1 28 20 0.865921 0 160 0.865921 1
gene 1 11 14 2.93628 0 209 2.93628 1
gene 1 17 13 2.00219 0 802 2.00219 1
gene 1 4 18 -1.78741 0 911 -1.78741 1
gene 1 11 13 1.10278 0 1115 1.10278 1
gene 1 2 65 0.472479 0 1218 0.472479 1
gene 1 65 28 -0.866515 0 1219 -0.866515 1
gene 1 17 15 -1.1985 0 2045 -1.1985 1
gene 1 23 21 0.656917 0 3845 0.656917 1
gene 1 7 20 -0.0453556 0 3959 -0.0453556 1
gene 1 2 14 0.768339 0 4162 0.768339 1
gene 1 12 12 0.782971 1 4382 0.782971 1
genomeend 157
