/* Organism #409 Fitness: 1.005 Error: 0.995 */
genomestart 409
trait 1 0.149081 0.241969 0.128545 0.107977 0.908219 0.344488 0.846736 0 
node 1 1 0
node 2 1 1
node 3 1 1
node 4 1 1
node 5 1 1
node 6 1 1
node 7 1 1
node 8 1 1
node 9 1 1
node 10 1 2
node 11 1 2
node 12 1 2
node 13 1 2
node 14 1 2
node 15 1 2
node 16 1 2
node 17 1 2
node 18 1 2
node 19 1 2
node 20 1 2
node 21 1 3
node 22 1 3
node 23 1 3
node 25 1 3
node 26 1 3
node 27 1 3
node 28 1 3
node 64 1 3
gene 1 1 21 -4.24899 0 1 -4.24899 1
gene 1 1 22 1.18115 0 2 1.18115 1
gene 1 1 23 3.79851 0 3 3.79851 1
gene 1 1 25 -0.80729 0 5 -0.80729 1
gene 1 1 26 -1.26115 0 6 -1.26115 1
gene 1 1 27 -1.09267 0 7 -1.09267 1
gene 1 1 28 1.86518 0 8 1.86518 1
gene 1 2 21 -1.55868 0 9 -1.55868 1
gene 1 2 22 -0.691922 0 10 -0.691922 1
gene 1 2 23 -1.81421 0 11 -1.81421 1
gene 1 2 25 1.03935 0 13 1.03935 1
gene 1 2 26 1.7818 0 14 1.7818 1
gene 1 2 27 0.736638 0 15 0.736638 1
gene 1 2 28 -0.828032 0 16 -0.828032 1
gene 1 3 21 -1.79905 0 17 -1.79905 1
gene 1 3 22 1.22349 0 18 1.22349 1
gene 1 3 23 0.362407 0 19 0.362407 1
gene 1 3 25 1.05345 0 21 1.05345 1
gene 1 3 26 -2.92424 0 22 -2.92424 1
gene 1 3 27 1.52255 0 23 1.52255 1
gene 1 3 28 0.436435 0 24 0.436435 1
gene 1 4 21 -0.600846 0 25 -0.600846 1
gene 1 4 22 -1.92892 0 26 -1.92892 1
gene 1 4 23 -2.48575 0 27 -2.48575 1
gene 1 4 25 -2.3442 0 29 -2.3442 1
gene 1 4 26 1.16223 0 30 1.16223 1
gene 1 4 27 -1.91314 0 31 -1.91314 1
gene 1 4 28 -2.4339 0 32 -2.4339 1
gene 1 5 21 -0.600665 0 33 -0.600665 1
gene 1 5 22 0.200592 0 34 0.200592 1
gene 1 5 23 -0.797275 0 35 -0.797275 1
gene 1 5 25 -2.07955 0 37 -2.07955 1
gene 1 5 26 2.96969 0 38 2.96969 1
gene 1 5 27 2.34966 0 39 2.34966 1
gene 1 5 28 -1.36581 0 40 -1.36581 1
gene 1 6 21 1.29383 0 41 1.29383 1
gene 1 6 22 1.791 0 42 1.791 1
gene 1 6 23 0.313328 0 43 0.313328 1
gene 1 6 25 2.84456 0 45 2.84456 1
gene 1 6 26 -0.74792 0 46 -0.74792 1
gene 1 6 27 2.38283 0 47 2.38283 1
gene 1 6 28 0.807603 0 48 0.807603 1
gene 1 7 21 1.22539 0 49 1.22539 1
gene 1 7 22 -0.065643 0 50 -0.065643 1
gene 1 7 23 -2.29062 0 51 -2.29062 1
gene 1 7 25 0.789301 0 53 0.789301 1
gene 1 7 26 0.0873789 0 54 0.0873789 1
gene 1 7 27 -0.966886 0 55 -0.966886 1
gene 1 7 28 -0.0834051 0 56 -0.0834051 1
gene 1 8 21 -1.33406 0 57 -1.33406 1
gene 1 8 22 -1.37009 0 58 -1.37009 1
gene 1 8 23 4.04683 0 59 4.04683 1
gene 1 8 25 2.10552 0 61 2.10552 1
gene 1 8 26 -1.81374 0 62 -1.81374 1
gene 1 8 27 -0.718789 0 63 -0.718789 1
gene 1 8 28 -0.895381 0 64 -0.895381 1
gene 1 9 21 -3.29496 0 65 -3.29496 1
gene 1 9 22 -3.04006 0 66 -3.04006 1
gene 1 9 23 0.221848 0 67 0.221848 1
gene 1 9 25 0.652819 0 69 0.652819 1
gene 1 9 26 2.0966 0 70 2.0966 1
gene 1 9 27 -2.08582 0 71 -2.08582 1
gene 1 9 28 -3.08521 0 72 -3.08521 1
gene 1 21 10 -2.81621 0 73 -2.81621 1
gene 1 21 11 3.14357 0 74 3.14357 1
gene 1 21 12 -1.59835 0 75 -1.59835 1
gene 1 21 14 -0.833686 0 77 -0.833686 1
gene 1 21 15 -1.22543 0 78 -1.22543 1
gene 1 21 16 0.733028 0 79 0.733028 1
gene 1 21 17 -2.56194 0 80 -2.56194 1
gene 1 21 18 -1.28957 0 81 -1.28957 1
gene 1 21 19 -3.95628 0 82 -3.95628 1
gene 1 21 20 -1.84993 0 83 -1.84993 1
gene 1 22 10 1.48956 0 84 1.48956 1
gene 1 22 11 0.585514 0 85 0.585514 1
gene 1 22 13 -2.51296 0 87 -2.51296 1
gene 1 22 14 3.06553 0 88 3.06553 1
gene 1 22 15 -0.994724 0 89 -0.994724 1
gene 1 22 16 -0.500005 0 90 -0.500005 1
gene 1 22 17 1.32204 0 91 1.32204 1
gene 1 22 18 -1.01256 0 92 -1.01256 1
gene 1 22 19 -3.96037 0 93 -3.96037 1
gene 1 22 20 2.51709 0 94 2.51709 1
gene 1 23 10 -2.77236 0 95 -2.77236 1
gene 1 23 11 -0.552964 0 96 -0.552964 1
gene 1 23 12 0.549916 0 97 0.549916 1
gene 1 23 13 -1.49026 0 98 -1.49026 1
gene 1 23 14 3.43622 0 99 3.43622 1
gene 1 23 15 1.68219 0 100 1.68219 1
gene 1 23 16 -1.07226 0 101 -1.07226 1
gene 1 23 17 1.4609 0 102 1.4609 1
gene 1 23 18 0.225013 0 103 0.225013 1
gene 1 23 19 0.341434 0 104 0.341434 1
gene 1 23 20 1.10496 0 105 1.10496 1
gene 1 25 10 1.91806 0 117 1.91806 1
gene 1 25 11 2.63962 0 118 2.63962 1
gene 1 25 12 -1.1877 0 119 -1.1877 1
gene 1 25 13 -1.75544 0 120 -1.75544 1
gene 1 25 14 -0.485562 0 121 -0.485562 1
gene 1 25 15 -0.434305 0 122 -0.434305 1
gene 1 25 17 -0.862924 0 124 -0.862924 1
gene 1 25 18 1.88488 0 125 1.88488 1
gene 1 25 19 0.136036 0 126 0.136036 1
gene 1 25 20 -2.32704 0 127 -2.32704 1
gene 1 26 10 0.725657 0 128 0.725657 1
gene 1 26 11 -0.690075 0 129 -0.690075 1
gene 1 26 12 1.16454 0 130 1.16454 1
gene 1 26 13 1.57263 0 131 1.57263 1
gene 1 26 14 0.210517 0 132 0.210517 1
gene 1 26 15 -1.51767 0 133 -1.51767 1
gene 1 26 16 0.650542 0 134 0.650542 1
gene 1 26 17 -1.68728 0 135 -1.68728 1
gene 1 26 18 -1.26528 0 136 -1.26528 1
gene 1 26 19 -1.65594 0 137 -1.65594 1
gene 1 26 20 -1.58527 0 138 -1.58527 1
gene 1 27 10 2.7224 0 139 2.7224 1
gene 1 27 11 -0.17263 0 140 -0.17263 1
gene 1 27 12 -2.4331 0 141 -2.4331 1
gene 1 27 13 0.417372 0 142 0.417372 1
gene 1 27 14 -0.693824 0 143 -0.693824 1
gene 1 27 15 1.67814 0 144 1.67814 1
gene 1 27 16 -1.08886 0 145 -1.08886 1
gene 1 27 17 1.90657 0 146 1.90657 1
gene 1 27 18 2.786 0 147 2.786 1
gene 1 27 19 0.784054 0 148 0.784054 1
gene 1 27 20 -1.43435 0 149 -1.43435 1
gene 1 28 10 -0.0965471 0 150 -0.0965471 1
gene 1 28 11 1.20032 0 151 1.20032 1
gene 1 28 12 0.431006 0 152 0.431006 1
gene 1 28 13 1.66986 0 153 1.66986 1
gene 1 28 14 1.16911 0 154 1.16911 1
gene 1 28 15 1.18753 0 155 1.18753 1
gene 1 28 16 -0.957165 0 156 -0.957165 1
gene 1 28 17 1.72851 0 157 1.72851 1
gene 1 28 18 -1.53832 0 158 -1.53832 1
gene 1 28 19 0.177096 0 159 0.177096 1
gene 1 28 20 -0.53301 0 160 -0.53301 1
gene 1 1 14 1.15924 0 560 1.15924 1
gene 1 9 19 -0.488348 0 762 -0.488348 1
gene 1 17 25 -0.419769 1 887 -0.419769 1
gene 1 22 64 1 0 1007 1 1
gene 1 64 12 -0.378139 0 1008 -0.378139 1
gene 1 64 13 1.81903 0 1218 1.81903 1
gene 1 15 16 1.03174 0 1314 1.03174 1
gene 1 14 11 0.747976 0 1356 0.747976 1
gene 1 28 28 -0.217133 1 1762 -0.217133 1
gene 1 1 12 -0.52535 0 2290 -0.52535 1
genomeend 409
