/* Organism #299 Fitness: 1.007 Error: 0.993 */
genomestart 299
trait 1 0.153444 0.222935 0.491635 0.0269942 0.908219 0.227115 0.897824 0 
node 1 1 0
node 2 1 1
node 3 1 1
node 4 1 1
node 5 1 1
node 6 1 1
node 7 1 1
node 8 1 1
node 9 1 1
node 10 1 2
node 11 1 2
node 12 1 2
node 13 1 2
node 14 1 2
node 15 1 2
node 16 1 2
node 17 1 2
node 18 1 2
node 19 1 2
node 20 1 2
node 21 1 3
node 22 1 3
node 23 1 3
node 24 1 3
node 25 1 3
node 26 1 3
node 27 1 3
node 28 1 3
gene 1 1 21 -3.45591 0 1 -3.45591 1
gene 1 1 22 0.551479 0 2 0.551479 1
gene 1 1 23 0.228572 0 3 0.228572 1
gene 1 1 24 2.92082 0 4 2.92082 1
gene 1 1 25 -3.35994 0 5 -3.35994 1
gene 1 1 26 1.24445 0 6 1.24445 1
gene 1 1 28 -0.198647 0 8 -0.198647 1
gene 1 2 21 0.272937 0 9 0.272937 1
gene 1 2 22 -3.52105 0 10 -3.52105 1
gene 1 2 23 0.280419 0 11 0.280419 1
gene 1 2 24 -0.305935 0 12 -0.305935 1
gene 1 2 25 1.98979 0 13 1.98979 1
gene 1 2 26 -2.04246 0 14 -2.04246 1
gene 1 2 27 2.30922 0 15 2.30922 1
gene 1 2 28 1.23237 0 16 1.23237 1
gene 1 3 21 3.34476 0 17 3.34476 1
gene 1 3 22 -0.118089 0 18 -0.118089 1
gene 1 3 23 0.875479 0 19 0.875479 1
gene 1 3 24 -2.59669 0 20 -2.59669 1
gene 1 3 25 -0.450121 0 21 -0.450121 1
gene 1 3 26 2.31471 0 22 2.31471 1
gene 1 3 27 0.924277 0 23 0.924277 1
gene 1 3 28 0.00392713 0 24 0.00392713 1
gene 1 4 21 -1.13926 0 25 -1.13926 1
gene 1 4 22 0.905822 0 26 0.905822 1
gene 1 4 23 1.63497 0 27 1.63497 1
gene 1 4 24 -0.75092 0 28 -0.75092 1
gene 1 4 25 2.43844 0 29 2.43844 1
gene 1 4 26 0.975794 0 30 0.975794 1
gene 1 4 28 0.758918 0 32 0.758918 1
gene 1 5 21 2.45554 0 33 2.45554 1
gene 1 5 22 -1.13259 0 34 -1.13259 1
gene 1 5 23 -0.547787 0 35 -0.547787 1
gene 1 5 24 -0.21344 0 36 -0.21344 1
gene 1 5 25 0.457834 0 37 0.457834 1
gene 1 5 26 0.634891 0 38 0.634891 1
gene 1 5 27 -0.881016 0 39 -0.881016 1
gene 1 5 28 0.00963393 0 40 0.00963393 1
gene 1 6 21 -0.216624 0 41 -0.216624 1
gene 1 6 22 1.7264 0 42 1.7264 1
gene 1 6 23 0.0147348 0 43 0.0147348 1
gene 1 6 24 -0.992747 0 44 -0.992747 1
gene 1 6 25 -0.474884 0 45 -0.474884 1
gene 1 6 26 0.590136 0 46 0.590136 1
gene 1 6 27 1.541 0 47 1.541 1
gene 1 6 28 -2.63689 0 48 -2.63689 1
gene 1 7 21 2.5595 0 49 2.5595 1
gene 1 7 22 -1.50365 0 50 -1.50365 1
gene 1 7 23 0.241777 0 51 0.241777 1
gene 1 7 24 2.89153 0 52 2.89153 1
gene 1 7 25 -0.250043 0 53 -0.250043 1
gene 1 7 26 0.74654 0 54 0.74654 1
gene 1 7 27 -2.42808 0 55 -2.42808 1
gene 1 7 28 -0.916689 0 56 -0.916689 1
gene 1 8 21 0.748285 0 57 0.748285 1
gene 1 8 22 0.0181823 0 58 0.0181823 1
gene 1 8 23 -3.13809 0 59 -3.13809 1
gene 1 8 24 1.89951 0 60 1.89951 1
gene 1 8 25 -0.303003 0 61 -0.303003 1
gene 1 8 26 0.552276 0 62 0.552276 1
gene 1 8 27 0.767873 0 63 0.767873 1
gene 1 8 28 -0.829417 0 64 -0.829417 1
gene 1 9 21 1.0391 0 65 1.0391 1
gene 1 9 22 -3.17111 0 66 -3.17111 1
gene 1 9 23 0.726294 0 67 0.726294 1
gene 1 9 24 -1.59525 0 68 -1.59525 1
gene 1 9 25 -0.891867 0 69 -0.891867 1
gene 1 9 26 -1.79654 0 70 -1.79654 1
gene 1 9 27 5.39848 0 71 5.39848 1
gene 1 9 28 -3.03596 0 72 -3.03596 1
gene 1 21 10 2.79516 0 73 2.79516 1
gene 1 21 11 0.405814 0 74 0.405814 1
gene 1 21 12 2.28567 0 75 2.28567 1
gene 1 21 13 -0.96426 0 76 -0.96426 1
gene 1 21 14 -0.25703 0 77 -0.25703 1
gene 1 21 15 -2.59688 0 78 -2.59688 1
gene 1 21 16 -0.4872 0 79 -0.4872 1
gene 1 21 17 -0.708359 0 80 -0.708359 1
gene 1 21 18 2.7146 0 81 2.7146 1
gene 1 21 19 -3.0414 0 82 -3.0414 1
gene 1 21 20 0.0459429 0 83 0.0459429 1
gene 1 22 10 -0.516682 0 84 -0.516682 1
gene 1 22 11 0.940248 0 85 0.940248 1
gene 1 22 12 -0.440605 0 86 -0.440605 1
gene 1 22 13 1.00017 0 87 1.00017 1
gene 1 22 14 1.23218 0 88 1.23218 1
gene 1 22 15 -1.82167 0 89 -1.82167 1
gene 1 22 16 0.989876 0 90 0.989876 1
gene 1 22 17 -0.654688 0 91 -0.654688 1
gene 1 22 18 -1.44167 0 92 -1.44167 1
gene 1 22 20 -0.686572 0 94 -0.686572 1
gene 1 23 10 -4.59183 0 95 -4.59183 1
gene 1 23 11 1.95046 0 96 1.95046 1
gene 1 23 12 3.31 0 97 3.31 1
gene 1 23 13 -0.473155 0 98 -0.473155 1
gene 1 23 14 1.33987 0 99 1.33987 1
gene 1 23 15 1.05923 0 100 1.05923 1
gene 1 23 16 2.67925 0 101 2.67925 1
gene 1 23 17 1.46599 0 102 1.46599 1
gene 1 23 18 -3.48153 0 103 -3.48153 1
gene 1 23 19 1.46157 0 104 1.46157 1
gene 1 23 20 -1.34488 0 105 -1.34488 1
gene 1 24 10 0.546256 0 106 0.546256 1
gene 1 24 11 0.428816 0 107 0.428816 1
gene 1 24 12 0.29656 0 108 0.29656 1
gene 1 24 13 2.55813 0 109 2.55813 1
gene 1 24 14 -0.639749 0 110 -0.639749 1
gene 1 24 15 -2.09302 0 111 -2.09302 1
gene 1 24 16 -0.362339 0 112 -0.362339 1
gene 1 24 17 -0.87826 0 113 -0.87826 1
gene 1 24 18 -0.401565 0 114 -0.401565 1
gene 1 24 19 -1.8864 0 115 -1.8864 1
gene 1 24 20 3.21058 0 116 3.21058 1
gene 1 25 10 -3.40713 0 117 -3.40713 1
gene 1 25 11 -1.1174 0 118 -1.1174 1
gene 1 25 12 -0.0864324 0 119 -0.0864324 1
gene 1 25 13 0.79033 0 120 0.79033 1
gene 1 25 14 -0.522692 0 121 -0.522692 1
gene 1 25 15 2.17283 0 122 2.17283 1
gene 1 25 16 -1.3552 0 123 -1.3552 1
gene 1 25 17 0.16897 0 124 0.16897 1
gene 1 25 18 1.20008 0 125 1.20008 1
gene 1 25 19 -2.01014 0 126 -2.01014 1
gene 1 25 20 -0.639983 0 127 -0.639983 1
gene 1 26 10 0.087108 0 128 0.087108 1
gene 1 26 11 -1.35082 0 129 -1.35082 1
gene 1 26 12 -0.283547 0 130 -0.283547 1
gene 1 26 13 -0.888918 0 131 -0.888918 1
gene 1 26 14 0.41103 0 132 0.41103 1
gene 1 26 15 0.92747 0 133 0.92747 1
gene 1 26 16 -0.985057 0 134 -0.985057 1
gene 1 26 17 0.175282 0 135 0.175282 1
gene 1 26 18 0.380617 0 136 0.380617 1
gene 1 26 19 -0.202022 0 137 -0.202022 1
gene 1 26 20 -1.3119 0 138 -1.3119 1
gene 1 27 10 -0.559041 0 139 -0.559041 1
gene 1 27 12 3.44025 0 141 3.44025 1
gene 1 27 13 0.00803247 0 142 0.00803247 1
gene 1 27 14 0.0225524 0 143 0.0225524 1
gene 1 27 15 -0.489843 0 144 -0.489843 1
gene 1 27 16 -0.285352 0 145 -0.285352 1
gene 1 27 17 -1.16548 0 146 -1.16548 1
gene 1 27 18 0.945327 0 147 0.945327 1
gene 1 27 19 -5.30542 0 148 -5.30542 1
gene 1 27 20 -0.494488 0 149 -0.494488 1
gene 1 28 10 1.99415 0 150 1.99415 1
gene 1 28 11 -0.636056 0 151 -0.636056 1
gene 1 28 12 -2.187 0 152 -2.187 1
gene 1 28 13 1.2099 0 153 1.2099 1
gene 1 28 14 -3.63702 0 154 -3.63702 1
gene 1 28 15 0.721695 0 155 0.721695 1
gene 1 28 16 1.09472 0 156 1.09472 1
gene 1 28 17 -1.74002 0 157 -1.74002 1
gene 1 28 18 -0.998321 0 158 -0.998321 1
gene 1 28 19 1.38116 0 159 1.38116 1
gene 1 28 20 -0.710176 0 160 -0.710176 1
gene 1 28 26 1.82471 0 419 1.82471 1
gene 1 24 22 0.688236 0 512 0.688236 1
gene 1 11 11 0.0353506 1 705 0.0353506 1
gene 1 17 12 0.779557 0 902 0.779557 1
gene 1 20 18 1.30233 0 1006 1.30233 1
gene 1 15 15 2.11154 1 1209 2.11154 1
gene 1 14 12 0.954274 0 1351 0.954274 1
genomeend 299
