/* Organism #244 Fitness: 1.005 Error: 0.995 */
genomestart 244
trait 1 0.879595 0 0.162833 0.359195 1 1 1 0 
node 1 1 0
node 2 1 1
node 3 1 1
node 4 1 1
node 5 1 1
node 6 1 1
node 7 1 1
node 8 1 1
node 9 1 1
node 10 1 2
node 11 1 2
node 12 1 2
node 13 1 2
node 14 1 2
node 15 1 2
node 16 1 2
node 17 1 2
node 18 1 2
node 19 1 2
node 20 1 2
node 22 1 3
node 23 1 3
node 25 1 3
node 26 1 3
node 27 1 3
node 28 1 3
gene 1 1 22 2.03577 0 2 2.03577 1
gene 1 1 23 0.27705 0 3 0.27705 1
gene 1 1 25 -8 0 5 -8 1
gene 1 1 26 -4.52524 0 6 -4.52524 1
gene 1 1 27 0.441886 0 7 0.441886 1
gene 1 1 28 -3.1096 0 8 -3.1096 1
gene 1 2 22 -2.94022 0 10 -2.94022 1
gene 1 2 23 -1.22587 0 11 -1.22587 1
gene 1 2 25 0.43412 0 13 0.43412 1
gene 1 2 26 5.41497 0 14 5.41497 1
gene 1 2 27 -6.03781 0 15 -6.03781 1
gene 1 2 28 5.53682 0 16 5.53682 1
gene 1 3 22 -1.614 0 18 -1.614 1
gene 1 3 23 -2.52312 0 19 -2.52312 1
gene 1 3 25 -6.46775 0 21 -6.46775 1
gene 1 3 26 -0.752656 0 22 -0.752656 1
gene 1 3 27 -1.6826 0 23 -1.6826 1
gene 1 3 28 -0.741278 0 24 -0.741278 1
gene 1 4 22 4.84605 0 26 4.84605 1
gene 1 4 23 -1.90894 0 27 -1.90894 1
gene 1 4 25 2.32834 0 29 2.32834 1
gene 1 4 26 0.859737 0 30 0.859737 1
gene 1 4 27 2.45573 0 31 2.45573 1
gene 1 4 28 -2.62341 0 32 -2.62341 1
gene 1 5 22 -3.99233 0 34 -3.99233 1
gene 1 5 23 -4.85458 0 35 -4.85458 1
gene 1 5 25 3.80761 0 37 3.80761 1
gene 1 5 27 5.89875 0 39 5.89875 1
gene 1 5 28 1.85498 0 40 1.85498 1
gene 1 6 22 -0.540287 0 42 -0.540287 1
gene 1 6 23 -0.619506 0 43 -0.619506 1
gene 1 6 25 0.592077 0 45 0.592077 1
gene 1 6 26 1.40377 0 46 1.40377 1
gene 1 6 27 3.8083 0 47 3.8083 1
gene 1 6 28 1.27311 0 48 1.27311 1
gene 1 7 22 2.54461 0 50 2.54461 1
gene 1 7 23 -0.0243259 0 51 -0.0243259 1
gene 1 7 25 -8 0 53 -8 1
gene 1 7 26 -0.527612 0 54 -0.527612 1
gene 1 7 27 0.788748 0 55 0.788748 1
gene 1 7 28 3.07085 0 56 3.07085 1
gene 1 8 22 6.18149 0 58 6.18149 1
gene 1 8 23 2.97663 0 59 2.97663 1
gene 1 8 25 2.65155 0 61 2.65155 1
gene 1 8 26 -7.82059 0 62 -7.82059 1
gene 1 8 27 2.77127 0 63 2.77127 1
gene 1 8 28 -3.79898 0 64 -3.79898 1
gene 1 9 22 4.09898 0 66 4.09898 1
gene 1 9 23 -1.819 0 67 -1.819 1
gene 1 9 25 2.35121 0 69 2.35121 1
gene 1 9 26 -2.99135 0 70 -2.99135 1
gene 1 9 27 1.20055 0 71 1.20055 1
gene 1 9 28 3.34083 0 72 3.34083 1
gene 1 22 10 0.640199 0 84 0.640199 1
gene 1 22 11 0.179264 0 85 0.179264 1
gene 1 22 12 3.97938 0 86 3.97938 1
gene 1 22 13 -0.54332 0 87 -0.54332 1
gene 1 22 14 2.13431 0 88 2.13431 1
gene 1 22 15 0.828178 0 89 0.828178 1
gene 1 22 16 -1.02534 0 90 -1.02534 1
gene 1 22 17 3.22212 0 91 3.22212 1
gene 1 22 18 1.7893 0 92 1.7893 1
gene 1 22 19 6.10389 0 93 6.10389 1
gene 1 22 20 0.920209 0 94 0.920209 1
gene 1 23 10 -3.01717 0 95 -3.01717 1
gene 1 23 11 -1.49098 0 96 -1.49098 1
gene 1 23 12 -1.3707 0 97 -1.3707 1
gene 1 23 13 1.80809 0 98 1.80809 1
gene 1 23 14 4.12879 0 99 4.12879 1
gene 1 23 15 -2.52178 0 100 -2.52178 1
gene 1 23 16 0.989499 0 101 0.989499 1
gene 1 23 17 1.31468 0 102 1.31468 1
gene 1 23 18 3.95673 0 103 3.95673 1
gene 1 23 19 -1.45605 0 104 -1.45605 1
gene 1 23 20 0.48198 0 105 0.48198 1
gene 1 25 10 -1.27748 0 117 -1.27748 1
gene 1 25 11 -2.91331 0 118 -2.91331 1
gene 1 25 12 -0.568174 0 119 -0.568174 1
gene 1 25 13 8 0 120 8 1
gene 1 25 15 -0.0476713 0 122 -0.0476713 1
gene 1 25 16 1.20816 0 123 1.20816 1
gene 1 25 17 0.12558 0 124 0.12558 1
gene 1 25 18 -0.747076 0 125 -0.747076 1
gene 1 25 19 -0.846949 0 126 -0.846949 1
gene 1 25 20 -3.09256 0 127 -3.09256 1
gene 1 26 10 3.47296 0 128 3.47296 1
gene 1 26 11 1.35601 0 129 1.35601 1
gene 1 26 12 -3.77808 0 130 -3.77808 1
gene 1 26 13 -3.16211 0 131 -3.16211 1
gene 1 26 14 -0.662155 0 132 -0.662155 1
gene 1 26 15 0.162715 0 133 0.162715 1
gene 1 26 16 -6.95546 0 134 -6.95546 1
gene 1 26 17 1.56722 0 135 1.56722 1
gene 1 26 18 -2.75285 0 136 -2.75285 1
gene 1 26 19 0.133626 0 137 0.133626 1
gene 1 26 20 -0.203784 0 138 -0.203784 1
gene 1 27 10 -1.05492 0 139 -1.05492 1
gene 1 27 11 0.240445 0 140 0.240445 1
gene 1 27 12 -1.03761 0 141 -1.03761 1
gene 1 27 13 0.339582 0 142 0.339582 1
gene 1 27 15 -0.827865 0 144 -0.827865 1
gene 1 27 16 -1.29045 0 145 -1.29045 1
gene 1 27 17 -1.38574 0 146 -1.38574 1
gene 1 27 18 -1.97572 0 147 -1.97572 1
gene 1 27 19 -0.881039 0 148 -0.881039 1
gene 1 27 20 1.68674 0 149 1.68674 1
gene 1 28 10 2.37861 0 150 2.37861 1
gene 1 28 11 -0.42117 0 151 -0.42117 1
gene 1 28 12 2.66193 0 152 2.66193 1
gene 1 28 13 2.89377 0 153 2.89377 1
gene 1 28 14 1.84097 0 154 1.84097 1
gene 1 28 15 1.64433 0 155 1.64433 1
gene 1 28 16 2.64269 0 156 2.64269 1
gene 1 28 17 3.19975 0 157 3.19975 1
gene 1 28 18 2.32647 0 158 2.32647 1
gene 1 28 19 -1.04199 0 159 -1.04199 1
gene 1 7 16 -0.714748 0 560 -0.714748 1
gene 1 10 13 -0.0697554 0 854 -0.0697554 1
gene 1 3 14 0.819649 0 1575 0.819649 1
gene 1 27 14 1.20407 0 2005 1.20407 1
gene 1 6 19 1.77979 0 2392 1.77979 1
gene 1 26 23 2.18029 0 2488 2.18029 1
gene 1 19 13 0.39097 0 2798 0.39097 1
gene 1 9 14 -1.04951 0 3007 -1.04951 1
gene 1 17 18 -0.000680359 0 3612 -0.000680359 1
gene 1 28 28 0.236161 1 3718 0.236161 1
gene 1 14 11 -0.58619 0 3922 -0.58619 1
gene 1 8 12 -0.390599 0 4064 -0.390599 1
genomeend 244
