/* Organism #136 Fitness: 1.007 Error: 0.993 */
genomestart 136
trait 1 0.102933 0 0.151841 0.165491 0.932112 0.963988 1 0.921542 
node 1 1 0
node 2 1 1
node 3 1 1
node 4 1 1
node 5 1 1
node 6 1 1
node 7 1 1
node 8 1 1
node 9 1 1
node 10 1 2
node 11 1 2
node 12 1 2
node 13 1 2
node 14 1 2
node 15 1 2
node 16 1 2
node 17 1 2
node 18 1 2
node 19 1 2
node 20 1 2
node 21 1 3
node 22 1 3
node 23 1 3
node 24 1 3
node 25 1 3
node 26 1 3
node 27 1 3
node 28 1 3
node 84 1 3
node 151 1 3
gene 1 1 21 1.3163 0 1 1.3163 1
gene 1 1 22 4.2384 0 2 4.2384 1
gene 1 1 23 0.710799 0 3 0.710799 1
gene 1 1 24 -1.4022 0 4 -1.4022 1
gene 1 1 25 -0.457718 0 5 -0.457718 1
gene 1 1 26 2.05985 0 6 2.05985 1
gene 1 1 27 0.672366 0 7 0.672366 1
gene 1 1 28 4.47281 0 8 4.47281 1
gene 1 2 21 0.463719 0 9 0.463719 1
gene 1 2 22 3.54001 0 10 3.54001 1
gene 1 2 23 2.35037 0 11 2.35037 1
gene 1 2 24 2.48333 0 12 2.48333 1
gene 1 2 25 -1.71275 0 13 -1.71275 1
gene 1 2 26 3.47544 0 14 3.47544 1
gene 1 2 27 2.15094 0 15 2.15094 1
gene 1 2 28 1.20711 0 16 1.20711 1
gene 1 3 21 4.24247 0 17 4.24247 1
gene 1 3 23 0.0828578 0 19 0.0828578 1
gene 1 3 24 -1.65182 0 20 -1.65182 1
gene 1 3 25 1.83017 0 21 1.83017 1
gene 1 3 26 4.13052 0 22 4.13052 1
gene 1 3 28 2.05709 0 24 2.05709 1
gene 1 4 21 -1.38882 0 25 -1.38882 1
gene 1 4 22 2.98172 0 26 2.98172 1
gene 1 4 23 1.23497 0 27 1.23497 1
gene 1 4 24 -0.975253 0 28 -0.975253 1
gene 1 4 25 1.72919 0 29 1.72919 1
gene 1 4 26 -2.71725 0 30 -2.71725 1
gene 1 4 27 1.87562 0 31 1.87562 1
gene 1 4 28 0.59119 0 32 0.59119 1
gene 1 5 21 1.0532 0 33 1.0532 1
gene 1 5 22 2.87201 0 34 2.87201 1
gene 1 5 23 0.749912 0 35 0.749912 1
gene 1 5 24 -3.70345 0 36 -3.70345 1
gene 1 5 25 4.4317 0 37 4.4317 1
gene 1 5 26 6.648 0 38 6.648 1
gene 1 5 27 -2.7571 0 39 -2.7571 1
gene 1 5 28 0.805388 0 40 0.805388 1
gene 1 6 21 0.675451 0 41 0.675451 1
gene 1 6 22 -0.100604 0 42 -0.100604 1
gene 1 6 23 -0.347391 0 43 -0.347391 1
gene 1 6 24 -1.31263 0 44 -1.31263 1
gene 1 6 25 1.37472 0 45 1.37472 1
gene 1 6 26 -1.27532 0 46 -1.27532 1
gene 1 6 27 -3.33696 0 47 -3.33696 1
gene 1 6 28 2.40689 0 48 2.40689 1
gene 1 7 21 1.01802 0 49 1.01802 1
gene 1 7 22 0.664587 0 50 0.664587 1
gene 1 7 23 2.16354 0 51 2.16354 1
gene 1 7 24 -6.76072 0 52 -6.76072 1
gene 1 7 25 2.40558 0 53 2.40558 1
gene 1 7 26 3.42026 0 54 3.42026 1
gene 1 7 27 0.803807 0 55 0.803807 1
gene 1 7 28 -3.52008 0 56 -3.52008 1
gene 1 8 21 -3.04788 0 57 -3.04788 1
gene 1 8 22 4.22384 0 58 4.22384 1
gene 1 8 24 0.821531 0 60 0.821531 1
gene 1 8 25 -0.943983 0 61 -0.943983 1
gene 1 8 26 -0.516087 0 62 -0.516087 1
gene 1 8 27 3.93616 0 63 3.93616 1
gene 1 8 28 0.0768926 0 64 0.0768926 1
gene 1 9 21 -2.10486 0 65 -2.10486 1
gene 1 9 22 2.22224 0 66 2.22224 1
gene 1 9 23 -0.864092 0 67 -0.864092 1
gene 1 9 24 0.332854 0 68 0.332854 1
gene 1 9 25 1.25903 0 69 1.25903 1
gene 1 9 26 1.16297 0 70 1.16297 1
gene 1 9 27 -0.491818 0 71 -0.491818 1
gene 1 9 28 4.77854 0 72 4.77854 1
gene 1 21 10 5.54722 0 73 5.54722 1
gene 1 21 11 -2.46774 0 74 -2.46774 1
gene 1 21 12 -0.75439 0 75 -0.75439 1
gene 1 21 13 0.439719 0 76 0.439719 1
gene 1 21 14 5.75914 0 77 5.75914 1
gene 1 21 15 -1.37966 0 78 -1.37966 1
gene 1 21 16 3.91666 0 79 3.91666 1
gene 1 21 19 -2.72909 0 82 -2.72909 1
gene 1 21 20 1.95279 0 83 1.95279 1
gene 1 22 10 0.507727 0 84 0.507727 1
gene 1 22 11 -2.98117 0 85 -2.98117 1
gene 1 22 12 1.09821 0 86 1.09821 1
gene 1 22 13 -0.446511 0 87 -0.446511 1
gene 1 22 14 1.74727 0 88 1.74727 1
gene 1 22 15 -1.16688 0 89 -1.16688 1
gene 1 22 16 -3.26607 0 90 -3.26607 1
gene 1 22 17 0.534201 0 91 0.534201 1
gene 1 22 18 3.42044 0 92 3.42044 1
gene 1 22 19 1.40856 0 93 1.40856 1
gene 1 22 20 -2.08584 0 94 -2.08584 1
gene 1 23 10 -4.78311 0 95 -4.78311 1
gene 1 23 11 3.94285 0 96 3.94285 1
gene 1 23 12 -1.5304 0 97 -1.5304 1
gene 1 23 13 0.642742 0 98 0.642742 1
gene 1 23 14 -0.18853 0 99 -0.18853 1
gene 1 23 15 -0.504326 0 100 -0.504326 1
gene 1 23 16 0.483091 0 101 0.483091 1
gene 1 23 17 -3.13371 0 102 -3.13371 1
gene 1 23 18 2.4542 0 103 2.4542 1
gene 1 23 19 3.73194 0 104 3.73194 1
gene 1 23 20 -0.51927 0 105 -0.51927 1
gene 1 24 10 -1.3973 0 106 -1.3973 1
gene 1 24 11 7.63068 0 107 7.63068 1
gene 1 24 12 -6.98188 0 108 -6.98188 1
gene 1 24 13 4.38507 0 109 4.38507 1
gene 1 24 14 -0.635371 0 110 -0.635371 1
gene 1 24 15 8 0 111 8 1
gene 1 24 16 -4.12997 0 112 -4.12997 1
gene 1 24 17 -4.07326 0 113 -4.07326 1
gene 1 24 18 -4.32208 0 114 -4.32208 1
gene 1 24 19 -0.848941 0 115 -0.848941 1
gene 1 24 20 2.18861 0 116 2.18861 1
gene 1 25 10 0.199716 0 117 0.199716 1
gene 1 25 11 2.66891 0 118 2.66891 1
gene 1 25 12 1.47685 0 119 1.47685 1
gene 1 25 13 0.663156 0 120 0.663156 1
gene 1 25 14 2.07602 0 121 2.07602 1
gene 1 25 15 0.938336 0 122 0.938336 1
gene 1 25 17 6.75178 0 124 6.75178 1
gene 1 25 18 1.23027 0 125 1.23027 1
gene 1 25 19 0.329055 0 126 0.329055 1
gene 1 25 20 1.3481 0 127 1.3481 1
gene 1 26 10 -0.771943 0 128 -0.771943 1
gene 1 26 11 1.02577 0 129 1.02577 1
gene 1 26 12 -2.0113 0 130 -2.0113 1
gene 1 26 13 -3.31266 0 131 -3.31266 1
gene 1 26 14 -0.432534 0 132 -0.432534 1
gene 1 26 15 3.14285 0 133 3.14285 1
gene 1 26 16 1.94432 0 134 1.94432 1
gene 1 26 17 -1.6218 0 135 -1.6218 1
gene 1 26 18 0.903329 0 136 0.903329 1
gene 1 26 19 0.680633 0 137 0.680633 1
gene 1 26 20 1.25912 0 138 1.25912 1
gene 1 27 10 0.230554 0 139 0.230554 1
gene 1 27 11 0.940208 0 140 0.940208 1
gene 1 27 12 -0.758185 0 141 -0.758185 1
gene 1 27 13 2.37807 0 142 2.37807 1
gene 1 27 14 -1.71314 0 143 -1.71314 1
gene 1 27 15 -1.8822 0 144 -1.8822 1
gene 1 27 17 0.463813 0 146 0.463813 1
gene 1 27 18 -3.19268 0 147 -3.19268 1
gene 1 27 19 -0.562698 0 148 -0.562698 1
gene 1 27 20 0.122335 0 149 0.122335 1
gene 1 28 11 -1.5154 0 151 -1.5154 1
gene 1 28 12 1.21179 0 152 1.21179 1
gene 1 28 13 -1.4266 0 153 -1.4266 1
gene 1 28 14 -1.43584 0 154 -1.43584 1
gene 1 28 15 0.0383211 0 155 0.0383211 1
gene 1 28 16 -0.62259 0 156 -0.62259 1
gene 1 28 17 1.47661 0 157 1.47661 1
gene 1 28 18 0.478514 0 158 0.478514 1
gene 1 28 19 1.09006 0 159 1.09006 1
gene 1 28 20 1.99901 0 160 1.99901 1
gene 1 8 13 -4.00262 0 628 -4.00262 1
gene 1 20 15 1.15941 0 740 1.15941 1
gene 1 10 17 -0.0174849 0 1213 -0.0174849 1
gene 1 25 25 1.41318 1 1735 1.41318 1
gene 1 27 84 -0.626056 0 2051 -0.626056 1
gene 1 27 21 0.387565 0 2694 0.387565 1
gene 1 12 19 -1.78852 0 2929 -1.78852 1
gene 1 84 151 -1.19514 0 3637 -1.19514 1
gene 1 151 16 -0.526744 0 3638 -0.526744 1
gene 1 19 19 -0.728064 1 3841 -0.728064 1
gene 1 11 16 -0.874029 0 4063 -0.874029 1
genomeend 136
