/* Organism #30 Fitness: 1.007 Error: 0.993 */
genomestart 30
trait 1 0.149081 0.0747968 0.128545 0.107977 0.908219 0.227115 0.795648 0 
node 1 1 0
node 2 1 1
node 3 1 1
node 4 1 1
node 5 1 1
node 6 1 1
node 7 1 1
node 8 1 1
node 9 1 1
node 10 1 2
node 11 1 2
node 12 1 2
node 13 1 2
node 14 1 2
node 15 1 2
node 16 1 2
node 17 1 2
node 18 1 2
node 19 1 2
node 20 1 2
node 21 1 3
node 23 1 3
node 24 1 3
node 25 1 3
node 26 1 3
node 27 1 3
node 28 1 3
gene 1 1 21 2.59924 0 1 2.59924 1
gene 1 1 23 -1.42306 0 3 -1.42306 1
gene 1 1 24 -1.22963 0 4 -1.22963 1
gene 1 1 25 -2.7649 0 5 -2.7649 1
gene 1 1 26 3.53227 0 6 3.53227 1
gene 1 1 27 1.26803 0 7 1.26803 1
gene 1 1 28 -0.790435 0 8 -0.790435 1
gene 1 2 21 0.138263 0 9 0.138263 1
gene 1 2 23 -0.046112 0 11 -0.046112 1
gene 1 2 24 -0.711576 0 12 -0.711576 1
gene 1 2 25 -3.57255 0 13 -3.57255 1
gene 1 2 26 -0.300239 0 14 -0.300239 1
gene 1 2 27 -0.44312 0 15 -0.44312 1
gene 1 2 28 -1.39752 0 16 -1.39752 1
gene 1 3 21 -2.73065 0 17 -2.73065 1
gene 1 3 23 1.84443 0 19 1.84443 1
gene 1 3 24 1.84181 0 20 1.84181 1
gene 1 3 25 1.72187 0 21 1.72187 1
gene 1 3 26 4.20101 0 22 4.20101 1
gene 1 3 27 -0.656989 0 23 -0.656989 1
gene 1 3 28 -1.32184 0 24 -1.32184 1
gene 1 4 21 -1.47688 0 25 -1.47688 1
gene 1 4 23 0.508524 0 27 0.508524 1
gene 1 4 24 -0.181173 0 28 -0.181173 1
gene 1 4 25 -0.218941 0 29 -0.218941 1
gene 1 4 26 -1.95402 0 30 -1.95402 1
gene 1 4 27 0.759458 0 31 0.759458 1
gene 1 4 28 1.99924 0 32 1.99924 1
gene 1 5 21 -0.48266 0 33 -0.48266 1
gene 1 5 23 -0.636609 0 35 -0.636609 1
gene 1 5 24 -0.469642 0 36 -0.469642 1
gene 1 5 25 -0.782006 0 37 -0.782006 1
gene 1 5 26 0.784235 0 38 0.784235 1
gene 1 5 27 -2.72244 0 39 -2.72244 1
gene 1 5 28 -0.394983 0 40 -0.394983 1
gene 1 6 21 -5.41385 0 41 -5.41385 1
gene 1 6 23 -4.64191 0 43 -4.64191 1
gene 1 6 24 1.1012 0 44 1.1012 1
gene 1 6 25 0.462132 0 45 0.462132 1
gene 1 6 26 -0.592275 0 46 -0.592275 1
gene 1 6 27 -1.42782 0 47 -1.42782 1
gene 1 7 21 2.11319 0 49 2.11319 1
gene 1 7 23 -1.63577 0 51 -1.63577 1
gene 1 7 24 -0.0288763 0 52 -0.0288763 1
gene 1 7 25 0.093435 0 53 0.093435 1
gene 1 7 26 2.24288 0 54 2.24288 1
gene 1 7 27 -0.852852 0 55 -0.852852 1
gene 1 7 28 -0.899148 0 56 -0.899148 1
gene 1 8 21 0.60809 0 57 0.60809 1
gene 1 8 23 2.12586 0 59 2.12586 1
gene 1 8 25 -4.0527 0 61 -4.0527 1
gene 1 8 26 2.48249 0 62 2.48249 1
gene 1 8 27 -1.95419 0 63 -1.95419 1
gene 1 9 21 2.09908 0 65 2.09908 1
gene 1 9 23 1.20089 0 67 1.20089 1
gene 1 9 24 -1.05861 0 68 -1.05861 1
gene 1 9 25 -3.89805 0 69 -3.89805 1
gene 1 9 26 0.82624 0 70 0.82624 1
gene 1 9 27 2.72947 0 71 2.72947 1
gene 1 9 28 -2.64138 0 72 -2.64138 1
gene 1 21 10 2.14261 0 73 2.14261 1
gene 1 21 11 -0.561693 0 74 -0.561693 1
gene 1 21 12 4.1788 0 75 4.1788 1
gene 1 21 13 1.35112 0 76 1.35112 1
gene 1 21 14 -0.641828 0 77 -0.641828 1
gene 1 21 15 -1.17557 0 78 -1.17557 1
gene 1 21 16 -2.5338 0 79 -2.5338 1
gene 1 21 17 1.43153 0 80 1.43153 1
gene 1 21 18 3.3232 0 81 3.3232 1
gene 1 21 19 -1.0424 0 82 -1.0424 1
gene 1 21 20 -1.48977 0 83 -1.48977 1
gene 1 23 10 3.43713 0 95 3.43713 1
gene 1 23 11 -2.56662 0 96 -2.56662 1
gene 1 23 12 -1.07749 0 97 -1.07749 1
gene 1 23 13 0.668896 0 98 0.668896 1
gene 1 23 14 0.402492 0 99 0.402492 1
gene 1 23 15 -2.01781 0 100 -2.01781 1
gene 1 23 16 -0.982403 0 101 -0.982403 1
gene 1 23 17 0.392041 0 102 0.392041 1
gene 1 23 18 -3.31023 0 103 -3.31023 1
gene 1 23 19 -4.75272 0 104 -4.75272 1
gene 1 23 20 0.71207 0 105 0.71207 1
gene 1 24 10 -2.19612 0 106 -2.19612 1
gene 1 24 11 0.211865 0 107 0.211865 1
gene 1 24 12 0.132875 0 108 0.132875 1
gene 1 24 13 -0.201778 0 109 -0.201778 1
gene 1 24 14 1.9058 0 110 1.9058 1
gene 1 24 15 -1.97771 0 111 -1.97771 1
gene 1 24 16 1.11319 0 112 1.11319 1
gene 1 24 17 0.677116 0 113 0.677116 1
gene 1 24 18 0.488809 0 114 0.488809 1
gene 1 24 19 1.11584 0 115 1.11584 1
gene 1 24 20 0.330595 0 116 0.330595 1
gene 1 25 10 -1.94547 0 117 -1.94547 1
gene 1 25 11 1.56286 0 118 1.56286 1
gene 1 25 12 -4.07373 0 119 -4.07373 1
gene 1 25 13 1.28924 0 120 1.28924 1
gene 1 25 14 0.856501 0 121 0.856501 1
gene 1 25 15 -1.61749 0 122 -1.61749 1
gene 1 25 16 -2.05835 0 123 -2.05835 1
gene 1 25 17 2.19594 0 124 2.19594 1
gene 1 25 18 -0.398768 0 125 -0.398768 1
gene 1 25 19 -0.411115 0 126 -0.411115 1
gene 1 25 20 -1.34891 0 127 -1.34891 1
gene 1 26 10 0.649151 0 128 0.649151 1
gene 1 26 11 2.16898 0 129 2.16898 1
gene 1 26 12 -0.159113 0 130 -0.159113 1
gene 1 26 13 1.38667 0 131 1.38667 1
gene 1 26 14 3.01128 0 132 3.01128 1
gene 1 26 15 -0.227356 0 133 -0.227356 1
gene 1 26 16 0.640226 0 134 0.640226 1
gene 1 26 17 -5.59779 0 135 -5.59779 1
gene 1 26 18 -2.14662 0 136 -2.14662 1
gene 1 26 19 -0.984109 0 137 -0.984109 1
gene 1 26 20 -0.908405 0 138 -0.908405 1
gene 1 27 10 -5.13505 0 139 -5.13505 1
gene 1 27 11 1.59652 0 140 1.59652 1
gene 1 27 12 -0.789027 0 141 -0.789027 1
gene 1 27 13 0.196258 0 142 0.196258 1
gene 1 27 15 -1.15706 0 144 -1.15706 1
gene 1 27 16 1.33265 0 145 1.33265 1
gene 1 27 17 1.13074 0 146 1.13074 1
gene 1 27 18 -0.331991 0 147 -0.331991 1
gene 1 27 19 -1.74609 0 148 -1.74609 1
gene 1 27 20 -2.25479 0 149 -2.25479 1
gene 1 28 10 -0.338685 0 150 -0.338685 1
gene 1 28 11 2.99702 0 151 2.99702 1
gene 1 28 12 -0.65475 0 152 -0.65475 1
gene 1 28 13 4.22586 0 153 4.22586 1
gene 1 28 15 -0.194533 0 155 -0.194533 1
gene 1 28 16 -3.12837 0 156 -3.12837 1
gene 1 28 17 5.87547 0 157 5.87547 1
gene 1 28 18 -2.16821 0 158 -2.16821 1
gene 1 28 19 1.38695 0 159 1.38695 1
gene 1 28 20 1.40338 0 160 1.40338 1
gene 1 27 27 -1.49099 1 288 -1.49099 1
gene 1 5 14 0.357098 0 410 0.357098 1
gene 1 21 27 -1.55766 0 1568 -1.55766 1
gene 1 2 20 -0.331763 0 1795 -0.331763 1
gene 1 8 11 0.839731 0 1976 0.839731 1
gene 1 17 16 -0.280351 0 2308 -0.280351 1
gene 1 11 11 -0.030911 1 2408 -0.030911 1
genomeend 30
