/* Organism #144 Fitness: 1.003 Error: 0.997 */
genomestart 144
trait 1 0 0.0747968 0.128545 0 0.80611 1 1 0 
node 1 1 0
node 2 1 1
node 3 1 1
node 4 1 1
node 5 1 1
node 6 1 1
node 7 1 1
node 8 1 1
node 9 1 1
node 10 1 2
node 11 1 2
node 12 1 2
node 13 1 2
node 14 1 2
node 15 1 2
node 16 1 2
node 17 1 2
node 18 1 2
node 19 1 2
node 20 1 2
node 21 1 3
node 23 1 3
node 24 1 3
node 25 1 3
node 26 1 3
node 27 1 3
node 28 1 3
gene 1 1 21 0.456075 0 1 0.456075 1
gene 1 1 23 1.14668 0 3 1.14668 1
gene 1 1 24 -1.69269 0 4 -1.69269 1
gene 1 1 25 -1.89522 0 5 -1.89522 1
gene 1 1 26 0.242951 0 6 0.242951 1
gene 1 1 27 -0.27916 0 7 -0.27916 1
gene 1 1 28 1.58318 0 8 1.58318 1
gene 1 2 21 0.750287 0 9 0.750287 1
gene 1 2 23 -0.129053 0 11 -0.129053 1
gene 1 2 24 0.644677 0 12 0.644677 1
gene 1 2 25 2.24379 0 13 2.24379 1
gene 1 2 26 2.55595 0 14 2.55595 1
gene 1 2 27 0.373607 0 15 0.373607 1
gene 1 2 28 -0.31035 0 16 -0.31035 1
gene 1 3 21 1.25456 0 17 1.25456 1
gene 1 3 23 0.962882 0 19 0.962882 1
gene 1 3 24 1.45591 0 20 1.45591 1
gene 1 3 25 0.465724 0 21 0.465724 1
gene 1 3 26 -1.616 0 22 -1.616 1
gene 1 3 27 1.22427 0 23 1.22427 1
gene 1 3 28 0.251479 0 24 0.251479 1
gene 1 4 21 1.21209 0 25 1.21209 1
gene 1 4 23 0.728008 0 27 0.728008 1
gene 1 4 24 -2.57784 0 28 -2.57784 1
gene 1 4 25 0.943941 0 29 0.943941 1
gene 1 4 26 -2.10381 0 30 -2.10381 1
gene 1 4 27 -0.397212 0 31 -0.397212 1
gene 1 4 28 0.205743 0 32 0.205743 1
gene 1 5 21 -2.90548 0 33 -2.90548 1
gene 1 5 23 -1.30872 0 35 -1.30872 1
gene 1 5 24 -3.50147 0 36 -3.50147 1
gene 1 5 25 -1.11465 0 37 -1.11465 1
gene 1 5 26 -1.05304 0 38 -1.05304 1
gene 1 5 27 -0.822775 0 39 -0.822775 1
gene 1 5 28 2.22802 0 40 2.22802 1
gene 1 6 21 -1.5289 0 41 -1.5289 1
gene 1 6 23 -1.86269 0 43 -1.86269 1
gene 1 6 24 0.34336 0 44 0.34336 1
gene 1 6 25 0.725628 0 45 0.725628 1
gene 1 6 26 -0.0663832 0 46 -0.0663832 1
gene 1 6 27 -1.5251 0 47 -1.5251 1
gene 1 6 28 0.351564 0 48 0.351564 1
gene 1 7 21 -1.04893 0 49 -1.04893 1
gene 1 7 23 -0.621958 0 51 -0.621958 1
gene 1 7 24 1.17108 0 52 1.17108 1
gene 1 7 25 -0.520432 0 53 -0.520432 1
gene 1 7 26 2.01494 0 54 2.01494 1
gene 1 7 27 2.11116 0 55 2.11116 1
gene 1 7 28 0.372763 0 56 0.372763 1
gene 1 8 21 2.04988 0 57 2.04988 1
gene 1 8 23 -1.09646 0 59 -1.09646 1
gene 1 8 24 -2.05313 0 60 -2.05313 1
gene 1 8 25 -0.242825 0 61 -0.242825 1
gene 1 8 26 0.771956 0 62 0.771956 1
gene 1 8 27 -2.32319 0 63 -2.32319 1
gene 1 8 28 -1.13106 0 64 -1.13106 1
gene 1 9 21 -0.545994 0 65 -0.545994 1
gene 1 9 23 0.731714 0 67 0.731714 1
gene 1 9 24 -0.632009 0 68 -0.632009 1
gene 1 9 25 -0.625881 0 69 -0.625881 1
gene 1 9 26 1.58137 0 70 1.58137 1
gene 1 9 27 -1.51016 0 71 -1.51016 1
gene 1 9 28 2.12163 0 72 2.12163 1
gene 1 21 10 1.46541 0 73 1.46541 1
gene 1 21 11 -1.91358 0 74 -1.91358 1
gene 1 21 12 -2.20709 0 75 -2.20709 1
gene 1 21 13 0.261005 0 76 0.261005 1
gene 1 21 14 1.17835 0 77 1.17835 1
gene 1 21 15 -1.15391 0 78 -1.15391 1
gene 1 21 16 0.550643 0 79 0.550643 1
gene 1 21 17 -1.16752 0 80 -1.16752 1
gene 1 21 18 -0.621676 0 81 -0.621676 1
gene 1 21 19 -0.646686 0 82 -0.646686 1
gene 1 21 20 -0.989111 0 83 -0.989111 1
gene 1 23 10 0.632491 0 95 0.632491 1
gene 1 23 11 1.3467 0 96 1.3467 1
gene 1 23 12 -0.895064 0 97 -0.895064 1
gene 1 23 13 0.962365 0 98 0.962365 1
gene 1 23 14 2.81255 0 99 2.81255 1
gene 1 23 15 -0.540817 0 100 -0.540817 1
gene 1 23 16 0.453695 0 101 0.453695 1
gene 1 23 17 -0.770768 0 102 -0.770768 1
gene 1 23 18 1.00152 0 103 1.00152 1
gene 1 23 19 -0.116408 0 104 -0.116408 1
gene 1 23 20 0.404573 0 105 0.404573 1
gene 1 24 10 0.716327 0 106 0.716327 1
gene 1 24 11 -0.535906 0 107 -0.535906 1
gene 1 24 12 0.667569 0 108 0.667569 1
gene 1 24 13 1.61739 0 109 1.61739 1
gene 1 24 14 0.335868 0 110 0.335868 1
gene 1 24 15 -0.0299027 0 111 -0.0299027 1
gene 1 24 16 -0.51116 0 112 -0.51116 1
gene 1 24 17 2.13895 0 113 2.13895 1
gene 1 24 18 -3.3317 0 114 -3.3317 1
gene 1 24 19 -0.782204 0 115 -0.782204 1
gene 1 24 20 -3.55867 0 116 -3.55867 1
gene 1 25 10 3.52294 0 117 3.52294 1
gene 1 25 11 1.8054 0 118 1.8054 1
gene 1 25 12 -0.557874 0 119 -0.557874 1
gene 1 25 13 -0.228333 0 120 -0.228333 1
gene 1 25 14 0.746464 0 121 0.746464 1
gene 1 25 15 1.3825 0 122 1.3825 1
gene 1 25 16 -0.253657 0 123 -0.253657 1
gene 1 25 17 -1.04979 0 124 -1.04979 1
gene 1 25 18 -2.04535 0 125 -2.04535 1
gene 1 25 19 -1.63795 0 126 -1.63795 1
gene 1 25 20 -0.711878 0 127 -0.711878 1
gene 1 26 10 -0.588118 0 128 -0.588118 1
gene 1 26 11 -1.28482 0 129 -1.28482 1
gene 1 26 12 2.72349 0 130 2.72349 1
gene 1 26 13 -1.70671 0 131 -1.70671 1
gene 1 26 14 -0.407703 0 132 -0.407703 1
gene 1 26 15 -0.320952 0 133 -0.320952 1
gene 1 26 16 2.16449 0 134 2.16449 1
gene 1 26 17 -2.44136 0 135 -2.44136 1
gene 1 26 18 -1.28391 0 136 -1.28391 1
gene 1 26 19 -2.56393 0 137 -2.56393 1
gene 1 26 20 1.67958 0 138 1.67958 1
gene 1 27 10 1.13196 0 139 1.13196 1
gene 1 27 11 -1.72136 0 140 -1.72136 1
gene 1 27 12 1.57434 0 141 1.57434 1
gene 1 27 13 -0.913073 0 142 -0.913073 1
gene 1 27 14 2.74195 0 143 2.74195 1
gene 1 27 15 1.24109 0 144 1.24109 1
gene 1 27 16 0.68665 0 145 0.68665 1
gene 1 27 17 -3.67675 0 146 -3.67675 1
gene 1 27 18 -0.504306 0 147 -0.504306 1
gene 1 27 19 -0.0608092 0 148 -0.0608092 1
gene 1 27 20 0.845009 0 149 0.845009 1
gene 1 28 10 1.23485 0 150 1.23485 1
gene 1 28 11 -3.48136 0 151 -3.48136 1
gene 1 28 12 2.36122 0 152 2.36122 1
gene 1 28 13 -0.621006 0 153 -0.621006 1
gene 1 28 14 -0.724161 0 154 -0.724161 1
gene 1 28 15 -0.78063 0 155 -0.78063 1
gene 1 28 16 0.741729 0 156 0.741729 1
gene 1 28 17 0.844918 0 157 0.844918 1
gene 1 28 18 1.69652 0 158 1.69652 1
gene 1 28 19 -1.81061 0 159 -1.81061 1
gene 1 28 20 -0.187807 0 160 -0.187807 1
gene 1 2 13 -1.27812 0 281 -1.27812 1
gene 1 3 12 -1.58984 0 420 -1.58984 1
genomeend 144
