/* Organism #32 Fitness: 1.003 Error: 0.997 */
genomestart 32
trait 1 0.149081 0.0747968 0.128545 0.107977 0.931164 0.227115 0.67101 0.109989 
node 1 1 0
node 2 1 1
node 3 1 1
node 4 1 1
node 5 1 1
node 6 1 1
node 7 1 1
node 8 1 1
node 9 1 1
node 10 1 2
node 11 1 2
node 12 1 2
node 13 1 2
node 14 1 2
node 15 1 2
node 16 1 2
node 17 1 2
node 18 1 2
node 19 1 2
node 20 1 2
node 21 1 3
node 22 1 3
node 23 1 3
node 25 1 3
node 26 1 3
node 27 1 3
node 28 1 3
gene 1 1 21 1.00527 0 1 1.00527 1
gene 1 1 22 -1.70828 0 2 -1.70828 1
gene 1 1 23 -1.49506 0 3 -1.49506 1
gene 1 1 25 -0.970466 0 5 -0.970466 1
gene 1 1 26 1.96534 0 6 1.96534 1
gene 1 1 27 0.579946 0 7 0.579946 1
gene 1 1 28 1.78765 0 8 1.78765 1
gene 1 2 21 -0.385946 0 9 -0.385946 1
gene 1 2 22 -0.115768 0 10 -0.115768 1
gene 1 2 23 0.823856 0 11 0.823856 1
gene 1 2 25 0.906944 0 13 0.906944 1
gene 1 2 26 2.23241 0 14 2.23241 1
gene 1 2 27 1.80614 0 15 1.80614 1
gene 1 2 28 -1.53214 0 16 -1.53214 1
gene 1 3 21 0.00770703 0 17 0.00770703 1
gene 1 3 22 1.49925 0 18 1.49925 1
gene 1 3 23 -1.80354 0 19 -1.80354 1
gene 1 3 26 0.234218 0 22 0.234218 1
gene 1 3 27 1.42561 0 23 1.42561 1
gene 1 3 28 0.897674 0 24 0.897674 1
gene 1 4 21 0.783081 0 25 0.783081 1
gene 1 4 22 1.05899 0 26 1.05899 1
gene 1 4 23 1.29615 0 27 1.29615 1
gene 1 4 25 -1.02189 0 29 -1.02189 1
gene 1 4 26 -0.47138 0 30 -0.47138 1
gene 1 4 27 1.2228 0 31 1.2228 1
gene 1 4 28 -0.24253 0 32 -0.24253 1
gene 1 5 21 -1.79869 0 33 -1.79869 1
gene 1 5 22 0.722979 0 34 0.722979 1
gene 1 5 23 -0.0138719 0 35 -0.0138719 1
gene 1 5 25 -0.676194 0 37 -0.676194 1
gene 1 5 26 0.393685 0 38 0.393685 1
gene 1 5 27 0.565963 0 39 0.565963 1
gene 1 5 28 0.808979 0 40 0.808979 1
gene 1 6 21 0.236284 0 41 0.236284 1
gene 1 6 22 -0.691524 0 42 -0.691524 1
gene 1 6 23 -0.484197 0 43 -0.484197 1
gene 1 6 25 -0.437474 0 45 -0.437474 1
gene 1 6 26 0.564778 0 46 0.564778 1
gene 1 6 27 0.0621482 0 47 0.0621482 1
gene 1 6 28 -0.578625 0 48 -0.578625 1
gene 1 7 21 1.62839 0 49 1.62839 1
gene 1 7 22 -1.46318 0 50 -1.46318 1
gene 1 7 23 -0.985011 0 51 -0.985011 1
gene 1 7 25 -1.55523 0 53 -1.55523 1
gene 1 7 26 -1.00966 0 54 -1.00966 1
gene 1 7 27 -1.05694 0 55 -1.05694 1
gene 1 7 28 -2.22174 0 56 -2.22174 1
gene 1 8 21 1.81612 0 57 1.81612 1
gene 1 8 22 -0.326444 0 58 -0.326444 1
gene 1 8 23 -1.7503 0 59 -1.7503 1
gene 1 8 25 -0.475678 0 61 -0.475678 1
gene 1 8 26 -0.380039 0 62 -0.380039 1
gene 1 8 27 -1.94946 0 63 -1.94946 1
gene 1 8 28 -0.204215 0 64 -0.204215 1
gene 1 9 21 2.33582 0 65 2.33582 1
gene 1 9 22 -1.22423 0 66 -1.22423 1
gene 1 9 23 1.11378 0 67 1.11378 1
gene 1 9 25 -1.05305 0 69 -1.05305 1
gene 1 9 26 -0.314254 0 70 -0.314254 1
gene 1 9 27 -0.22499 0 71 -0.22499 1
gene 1 9 28 1.69509 0 72 1.69509 1
gene 1 21 10 0.47637 0 73 0.47637 1
gene 1 21 11 -0.286844 0 74 -0.286844 1
gene 1 21 12 0.683532 0 75 0.683532 1
gene 1 21 13 -0.996699 0 76 -0.996699 1
gene 1 21 14 -0.69125 0 77 -0.69125 1
gene 1 21 15 1.10506 0 78 1.10506 1
gene 1 21 16 -1.15182 0 79 -1.15182 1
gene 1 21 17 -0.458023 0 80 -0.458023 1
gene 1 21 18 -0.858468 0 81 -0.858468 1
gene 1 21 19 1.19866 0 82 1.19866 1
gene 1 21 20 0.653356 0 83 0.653356 1
gene 1 22 10 0.3829 0 84 0.3829 1
gene 1 22 11 1.16779 0 85 1.16779 1
gene 1 22 12 -0.773853 0 86 -0.773853 1
gene 1 22 13 1.71084 0 87 1.71084 1
gene 1 22 14 -1.35716 0 88 -1.35716 1
gene 1 22 15 0.761366 0 89 0.761366 1
gene 1 22 16 -0.897524 0 90 -0.897524 1
gene 1 22 17 1.58399 0 91 1.58399 1
gene 1 22 18 0.663949 0 92 0.663949 1
gene 1 22 19 1.19089 0 93 1.19089 1
gene 1 22 20 0.900676 0 94 0.900676 1
gene 1 23 10 -0.154356 0 95 -0.154356 1
gene 1 23 11 0.906 0 96 0.906 1
gene 1 23 12 -0.278016 0 97 -0.278016 1
gene 1 23 13 -0.970595 0 98 -0.970595 1
gene 1 23 14 0.116871 0 99 0.116871 1
gene 1 23 15 -0.420975 0 100 -0.420975 1
gene 1 23 16 -0.800893 0 101 -0.800893 1
gene 1 23 17 1.89863 0 102 1.89863 1
gene 1 23 18 1.34645 0 103 1.34645 1
gene 1 23 19 -1.26805 0 104 -1.26805 1
gene 1 23 20 0.485303 0 105 0.485303 1
gene 1 25 10 1.01515 0 117 1.01515 1
gene 1 25 11 0.476174 0 118 0.476174 1
gene 1 25 12 -0.889058 0 119 -0.889058 1
gene 1 25 13 -0.275671 0 120 -0.275671 1
gene 1 25 14 0.921839 0 121 0.921839 1
gene 1 25 15 -1.78304 0 122 -1.78304 1
gene 1 25 16 -1.04982 0 123 -1.04982 1
gene 1 25 17 1.04651 0 124 1.04651 1
gene 1 25 18 0.907599 0 125 0.907599 1
gene 1 25 19 0.741568 0 126 0.741568 1
gene 1 25 20 1.53971 0 127 1.53971 1
gene 1 26 10 0.448095 0 128 0.448095 1
gene 1 26 11 -0.875811 0 129 -0.875811 1
gene 1 26 12 1.69814 0 130 1.69814 1
gene 1 26 13 -1.05364 0 131 -1.05364 1
gene 1 26 14 -0.071017 0 132 -0.071017 1
gene 1 26 15 -0.695954 0 133 -0.695954 1
gene 1 26 16 0.774351 0 134 0.774351 1
gene 1 26 17 1.46177 0 135 1.46177 1
gene 1 26 18 -1.74404 0 136 -1.74404 1
gene 1 26 19 -0.268194 0 137 -0.268194 1
gene 1 26 20 1.16128 0 138 1.16128 1
gene 1 27 10 0.175192 0 139 0.175192 1
gene 1 27 11 0.563118 0 140 0.563118 1
gene 1 27 12 0.925172 0 141 0.925172 1
gene 1 27 13 -0.769171 0 142 -0.769171 1
gene 1 27 15 -1.57886 0 144 -1.57886 1
gene 1 27 16 0.155249 0 145 0.155249 1
gene 1 27 17 -0.857054 0 146 -0.857054 1
gene 1 27 18 -1.12394 0 147 -1.12394 1
gene 1 27 19 0.943877 0 148 0.943877 1
gene 1 27 20 -1.5713 0 149 -1.5713 1
gene 1 28 10 -1.89647 0 150 -1.89647 1
gene 1 28 11 0.279499 0 151 0.279499 1
gene 1 28 12 -0.430981 0 152 -0.430981 1
gene 1 28 13 -0.742319 0 153 -0.742319 1
gene 1 28 14 -1.99595 0 154 -1.99595 1
gene 1 28 15 1.81083 0 155 1.81083 1
gene 1 28 16 -1.4308 0 156 -1.4308 1
gene 1 28 17 -0.385236 0 157 -0.385236 1
gene 1 28 18 -1.16898 0 158 -1.16898 1
gene 1 28 19 0.100417 0 159 0.100417 1
gene 1 28 20 -0.656517 0 160 -0.656517 1
gene 1 2 12 1.06731 0 224 1.06731 1
gene 1 22 25 1.59846 0 342 1.59846 1
gene 1 23 27 -1.32039 0 663 -1.32039 1
gene 1 27 22 -0.598175 0 833 -0.598175 1
genomeend 32
