/* Organism #352 Fitness: 1.013 Error: 0.987 */
genomestart 352
trait 1 0.111811 0.0747968 0.128545 0.0809827 0.894164 0.420336 0.784417 0.0549946 
node 1 1 0
node 2 1 1
node 3 1 1
node 4 1 1
node 5 1 1
node 6 1 1
node 7 1 1
node 8 1 1
node 9 1 1
node 10 1 2
node 11 1 2
node 12 1 2
node 13 1 2
node 14 1 2
node 15 1 2
node 16 1 2
node 17 1 2
node 18 1 2
node 19 1 2
node 20 1 2
node 21 1 3
node 22 1 3
node 23 1 3
node 26 1 3
node 27 1 3
node 28 1 3
node 65 1 3
gene 1 1 21 1.15809 0 1 1.15809 1
gene 1 1 22 -1.82652 0 2 -1.82652 1
gene 1 1 23 0.389905 0 3 0.389905 1
gene 1 1 26 0.0830392 0 6 0.0830392 1
gene 1 1 27 0.17958 0 7 0.17958 1
gene 1 1 28 1.89151 0 8 1.89151 1
gene 1 2 21 -1.09255 0 9 -1.09255 1
gene 1 2 22 -0.0020418 0 10 -0.0020418 1
gene 1 2 23 -0.460902 0 11 -0.460902 1
gene 1 2 27 0.79198 0 15 0.79198 1
gene 1 2 28 -1.60773 0 16 -1.60773 1
gene 1 3 21 -0.341995 0 17 -0.341995 1
gene 1 3 22 0.438281 0 18 0.438281 1
gene 1 3 23 -0.0761206 0 19 -0.0761206 1
gene 1 3 26 -1.81056 0 22 -1.81056 1
gene 1 3 27 0.000685869 0 23 0.000685869 1
gene 1 3 28 0.043768 0 24 0.043768 1
gene 1 4 21 -1.44971 0 25 -1.44971 1
gene 1 4 22 -0.0303883 0 26 -0.0303883 1
gene 1 4 23 -0.525014 0 27 -0.525014 1
gene 1 4 26 -0.725663 0 30 -0.725663 1
gene 1 4 27 1.18023 0 31 1.18023 1
gene 1 4 28 0.39352 0 32 0.39352 1
gene 1 5 21 0.84211 0 33 0.84211 1
gene 1 5 22 0.0580844 0 34 0.0580844 1
gene 1 5 23 -2.25782 0 35 -2.25782 1
gene 1 5 26 -0.784101 0 38 -0.784101 1
gene 1 5 27 -0.420413 0 39 -0.420413 1
gene 1 5 28 1.98533 0 40 1.98533 1
gene 1 6 21 1.07004 0 41 1.07004 1
gene 1 6 22 -1.52366 0 42 -1.52366 1
gene 1 6 23 2.02472 0 43 2.02472 1
gene 1 6 26 -1.23439 0 46 -1.23439 1
gene 1 6 27 1.45675 0 47 1.45675 1
gene 1 6 28 1.14794 0 48 1.14794 1
gene 1 7 21 -0.860263 0 49 -0.860263 1
gene 1 7 22 -0.739839 0 50 -0.739839 1
gene 1 7 23 -1.69746 0 51 -1.69746 1
gene 1 7 26 -0.547486 0 54 -0.547486 1
gene 1 7 27 0.496041 0 55 0.496041 1
gene 1 7 28 2.28091 0 56 2.28091 1
gene 1 8 21 -0.231672 0 57 -0.231672 1
gene 1 8 22 0.344064 0 58 0.344064 1
gene 1 8 23 0.00256737 0 59 0.00256737 1
gene 1 8 26 0.340372 0 62 0.340372 1
gene 1 8 27 0.314312 0 63 0.314312 1
gene 1 8 28 -0.281582 0 64 -0.281582 1
gene 1 9 22 -0.906185 0 66 -0.906185 1
gene 1 9 23 0.137111 0 67 0.137111 1
gene 1 9 26 0.149318 0 70 0.149318 1
gene 1 9 27 -2.06272 0 71 -2.06272 1
gene 1 9 28 0.561446 0 72 0.561446 1
gene 1 21 10 -2.55712 0 73 -2.55712 1
gene 1 21 11 -0.746461 0 74 -0.746461 1
gene 1 21 13 -0.793222 0 76 -0.793222 1
gene 1 21 14 -0.690149 0 77 -0.690149 1
gene 1 21 15 -0.595162 0 78 -0.595162 1
gene 1 21 16 3.2672 0 79 3.2672 1
gene 1 21 17 -1.16399 0 80 -1.16399 1
gene 1 21 19 -1.04874 0 82 -1.04874 1
gene 1 21 20 -0.292379 0 83 -0.292379 1
gene 1 22 10 -1.21271 0 84 -1.21271 1
gene 1 22 11 0.133411 0 85 0.133411 1
gene 1 22 12 -2.47108 0 86 -2.47108 1
gene 1 22 13 1.93275 0 87 1.93275 1
gene 1 22 14 0.175549 0 88 0.175549 1
gene 1 22 15 -1.59612 0 89 -1.59612 1
gene 1 22 16 1.84921 0 90 1.84921 1
gene 1 22 17 0.0461443 0 91 0.0461443 1
gene 1 22 18 -0.586562 0 92 -0.586562 1
gene 1 22 19 2.10172 0 93 2.10172 1
gene 1 22 20 -0.503452 0 94 -0.503452 1
gene 1 23 10 -0.593019 0 95 -0.593019 1
gene 1 23 11 0.353523 0 96 0.353523 1
gene 1 23 12 -0.213624 0 97 -0.213624 1
gene 1 23 14 1.00624 0 99 1.00624 1
gene 1 23 15 0.00239086 0 100 0.00239086 1
gene 1 23 16 1.42087 0 101 1.42087 1
gene 1 23 17 1.54199 0 102 1.54199 1
gene 1 23 18 0.542553 0 103 0.542553 1
gene 1 23 19 -0.34152 0 104 -0.34152 1
gene 1 23 20 1.30603 0 105 1.30603 1
gene 1 26 10 0.82266 0 128 0.82266 1
gene 1 26 11 0.23787 0 129 0.23787 1
gene 1 26 12 2.51712 0 130 2.51712 1
gene 1 26 13 0.0722051 0 131 0.0722051 1
gene 1 26 14 -1.63585 0 132 -1.63585 1
gene 1 26 15 -1.45119 0 133 -1.45119 1
gene 1 26 16 0.384759 0 134 0.384759 1
gene 1 26 17 0.111866 0 135 0.111866 1
gene 1 26 18 0.97029 0 136 0.97029 1
gene 1 26 19 -2.75193 0 137 -2.75193 1
gene 1 26 20 -2.99757 0 138 -2.99757 1
gene 1 27 10 0.541331 0 139 0.541331 1
gene 1 27 11 -0.142533 0 140 -0.142533 1
gene 1 27 12 -0.688621 0 141 -0.688621 1
gene 1 27 13 -0.209056 0 142 -0.209056 1
gene 1 27 14 1.42894 0 143 1.42894 1
gene 1 27 15 -0.601006 0 144 -0.601006 1
gene 1 27 16 0.95163 0 145 0.95163 1
gene 1 27 17 1.16581 0 146 1.16581 1
gene 1 27 18 -2.21107 0 147 -2.21107 1
gene 1 27 19 -0.561485 0 148 -0.561485 1
gene 1 27 20 0.128839 0 149 0.128839 1
gene 1 28 10 0.419775 0 150 0.419775 1
gene 1 28 11 0.725353 0 151 0.725353 1
gene 1 28 12 2.21639 0 152 2.21639 1
gene 1 28 13 -0.63001 0 153 -0.63001 1
gene 1 28 14 -1.70838 0 154 -1.70838 1
gene 1 28 15 -1.16145 0 155 -1.16145 1
gene 1 28 16 0.353376 0 156 0.353376 1
gene 1 28 17 -0.965203 0 157 -0.965203 1
gene 1 28 18 -2.11447 0 158 -2.11447 1
gene 1 28 19 0.611252 0 159 0.611252 1
gene 1 28 20 1.08854 0 160 1.08854 1
gene 1 10 15 -1.03636 0 233 -1.03636 1
gene 1 3 12 0.318994 0 343 0.318994 1
gene 1 20 20 -0.777111 1 656 -0.777111 1
gene 1 21 21 -1.13784 1 878 -1.13784 1
gene 1 8 65 1.55635 0 1253 1.05635 1
gene 1 7 11 0.510369 0 1329 0.510369 1
gene 1 16 16 1.31749 1 1550 1.31749 1
gene 1 11 10 -0.393136 0 2133 -0.393136 1
gene 1 23 13 0.78565 0 2259 0.78565 1
gene 1 18 14 -0.223274 0 2465 -0.223274 1
genomeend 352
