/* Organism #196 Fitness: 1.003 Error: 0.997 */
genomestart 196
trait 1 0.0987317 0.0700166 0.182285 0.521982 0.89443 0.239735 0.873905 0.0236986 
node 1 1 0
node 2 1 1
node 3 1 1
node 4 1 1
node 5 1 1
node 6 1 1
node 7 1 1
node 8 1 1
node 9 1 1
node 10 1 2
node 11 1 2
node 12 1 2
node 13 1 2
node 14 1 2
node 15 1 2
node 16 1 2
node 17 1 2
node 18 1 2
node 19 1 2
node 20 1 2
node 21 1 3
node 22 1 3
node 23 1 3
node 25 1 3
node 26 1 3
node 27 1 3
node 28 1 3
gene 1 1 21 -0.431442 0 1 -0.431442 1
gene 1 1 22 1.76353 0 2 1.76353 1
gene 1 1 23 0.640537 0 3 0.640537 1
gene 1 1 25 2.04322 0 5 2.04322 1
gene 1 1 26 -1.71934 0 6 -1.71934 1
gene 1 1 27 0.357183 0 7 0.357183 1
gene 1 1 28 2.63845 0 8 2.63845 1
gene 1 2 21 -0.747038 0 9 -0.747038 1
gene 1 2 22 1.33134 0 10 1.33134 1
gene 1 2 23 -1.21146 0 11 -1.21146 1
gene 1 2 25 -0.318641 0 13 -0.318641 1
gene 1 2 26 1.59852 0 14 1.59852 1
gene 1 2 27 -0.920224 0 15 -0.920224 1
gene 1 2 28 1.88412 0 16 1.88412 1
gene 1 3 21 0.751252 0 17 0.751252 1
gene 1 3 22 1.34411 0 18 1.34411 1
gene 1 3 23 0.356217 0 19 0.356217 1
gene 1 3 25 2.59249 0 21 2.59249 1
gene 1 3 26 0.992407 0 22 0.992407 1
gene 1 3 27 3.21334 0 23 3.21334 1
gene 1 3 28 1.09808 0 24 1.09808 1
gene 1 4 21 0.266532 0 25 0.266532 1
gene 1 4 22 -0.412722 0 26 -0.412722 1
gene 1 4 23 -0.845282 0 27 -0.845282 1
gene 1 4 25 -2.00829 0 29 -2.00829 1
gene 1 4 26 1.50418 0 30 1.50418 1
gene 1 4 27 1.5111 0 31 1.5111 1
gene 1 4 28 -1.06411 0 32 -1.06411 1
gene 1 5 21 0.973163 0 33 0.973163 1
gene 1 5 22 -1.04475 0 34 -1.04475 1
gene 1 5 23 0.905461 0 35 0.905461 1
gene 1 5 25 2.52503 0 37 2.52503 1
gene 1 5 26 -3.54801 0 38 -3.54801 1
gene 1 5 27 1.07701 0 39 1.07701 1
gene 1 5 28 0.762761 0 40 0.762761 1
gene 1 6 21 3.70006 0 41 3.70006 1
gene 1 6 22 1.27947 0 42 1.27947 1
gene 1 6 23 -1.95903 0 43 -1.95903 1
gene 1 6 25 4.57134 0 45 4.57134 1
gene 1 6 26 -2.07925 0 46 -2.07925 1
gene 1 6 27 -0.416636 0 47 -0.416636 1
gene 1 6 28 1.95575 0 48 1.95575 1
gene 1 7 21 -1.62414 0 49 -1.62414 1
gene 1 7 22 -1.06555 0 50 -1.06555 1
gene 1 7 23 3.24985 0 51 3.24985 1
gene 1 7 25 -0.226479 0 53 -0.226479 1
gene 1 7 26 2.82765 0 54 2.82765 1
gene 1 7 27 -0.869588 0 55 -0.869588 1
gene 1 7 28 1.01657 0 56 1.01657 1
gene 1 8 21 0.0740645 0 57 0.0740645 1
gene 1 8 22 -4.47677 0 58 -4.47677 1
gene 1 8 23 3.59439 0 59 3.59439 1
gene 1 8 25 1.61867 0 61 1.61867 1
gene 1 8 26 -1.4231 0 62 -1.4231 1
gene 1 8 27 -0.735795 0 63 -0.735795 1
gene 1 8 28 1.71609 0 64 1.71609 1
gene 1 9 21 2.96705 0 65 2.96705 1
gene 1 9 22 2.10348 0 66 2.10348 1
gene 1 9 23 1.74658 0 67 1.74658 1
gene 1 9 25 -1.49363 0 69 -1.49363 1
gene 1 9 26 -3.69018 0 70 -3.69018 1
gene 1 9 27 -0.483463 0 71 -0.483463 1
gene 1 9 28 -0.957709 0 72 -0.957709 1
gene 1 21 10 0.65893 0 73 0.65893 1
gene 1 21 11 -0.679926 0 74 -0.679926 1
gene 1 21 12 0.390254 0 75 0.390254 1
gene 1 21 13 0.423044 0 76 0.423044 1
gene 1 21 14 -0.483984 0 77 -0.483984 1
gene 1 21 15 0.820588 0 78 0.820588 1
gene 1 21 16 -0.55746 0 79 -0.55746 1
gene 1 21 17 -1.2192 0 80 -1.2192 1
gene 1 21 18 -1.92297 0 81 -1.92297 1
gene 1 21 19 -0.209859 0 82 -0.209859 1
gene 1 21 20 -0.542525 0 83 -0.542525 1
gene 1 22 10 3.49443 0 84 3.49443 1
gene 1 22 11 -3.36908 0 85 -3.36908 1
gene 1 22 12 2.20526 0 86 2.20526 1
gene 1 22 13 -3.13573 0 87 -3.13573 1
gene 1 22 14 -0.259357 0 88 -0.259357 1
gene 1 22 15 -0.561636 0 89 -0.561636 1
gene 1 22 16 -0.151388 0 90 -0.151388 1
gene 1 22 17 0.740278 0 91 0.740278 1
gene 1 22 18 3.44868 0 92 3.44868 1
gene 1 22 19 -0.861912 0 93 -0.861912 1
gene 1 22 20 -1.96406 0 94 -1.96406 1
gene 1 23 10 1.29969 0 95 1.29969 1
gene 1 23 11 -2.24887 0 96 -2.24887 1
gene 1 23 12 1.40985 0 97 1.40985 1
gene 1 23 13 -3.31164 0 98 -3.31164 1
gene 1 23 14 0.386528 0 99 0.386528 1
gene 1 23 15 0.151533 0 100 0.151533 1
gene 1 23 16 0.286464 0 101 0.286464 1
gene 1 23 17 1.62926 0 102 1.62926 1
gene 1 23 18 -0.483744 0 103 -0.483744 1
gene 1 23 19 1.65095 0 104 1.65095 1
gene 1 23 20 -1.61915 0 105 -1.61915 1
gene 1 25 10 -3.38197 0 117 -3.38197 1
gene 1 25 11 -1.17856 0 118 -1.17856 1
gene 1 25 12 1.93705 0 119 1.93705 1
gene 1 25 13 3.83105 0 120 3.83105 1
gene 1 25 14 -0.242927 0 121 -0.242927 1
gene 1 25 15 1.80716 0 122 1.80716 1
gene 1 25 16 0.326336 0 123 0.326336 1
gene 1 25 17 -1.04682 0 124 -1.04682 1
gene 1 25 18 -0.395638 0 125 -0.395638 1
gene 1 25 19 -2.689 0 126 -2.689 1
gene 1 25 20 1.30143 0 127 1.30143 1
gene 1 26 10 4.88098 0 128 4.88098 1
gene 1 26 11 4.45764 0 129 4.45764 1
gene 1 26 12 -3.28985 0 130 -3.28985 1
gene 1 26 13 -1.69046 0 131 -1.69046 1
gene 1 26 14 -2.73811 0 132 -2.73811 1
gene 1 26 15 0.799125 0 133 0.799125 1
gene 1 26 16 1.54315 0 134 1.54315 1
gene 1 26 17 6.50128 0 135 6.50128 1
gene 1 26 18 4.35435 0 136 4.35435 1
gene 1 26 19 -1.85532 0 137 -1.85532 1
gene 1 26 20 0.897416 0 138 0.897416 1
gene 1 27 10 2.1849 0 139 2.1849 1
gene 1 27 11 -0.158952 0 140 -0.158952 1
gene 1 27 12 -2.3749 0 141 -2.3749 1
gene 1 27 13 0.498268 0 142 0.498268 1
gene 1 27 14 2.83285 0 143 2.83285 1
gene 1 27 15 0.644477 0 144 0.644477 1
gene 1 27 16 0.422578 0 145 0.422578 1
gene 1 27 17 0.96981 0 146 0.96981 1
gene 1 27 18 0.878276 0 147 0.878276 1
gene 1 27 19 -3.4206 0 148 -3.4206 1
gene 1 27 20 -0.312523 0 149 -0.312523 1
gene 1 28 10 0.86582 0 150 0.86582 1
gene 1 28 11 0.544772 0 151 0.544772 1
gene 1 28 12 0.967029 0 152 0.967029 1
gene 1 28 13 -2.26922 0 153 -2.26922 1
gene 1 28 14 -0.617376 0 154 -0.617376 1
gene 1 28 15 0.0588044 0 155 0.0588044 1
gene 1 28 16 1.1613 0 156 1.1613 1
gene 1 28 17 0.0865002 0 157 0.0865002 1
gene 1 28 18 2.42075 0 158 2.42075 1
gene 1 28 19 1.49519 0 159 1.49519 1
gene 1 28 20 0.447774 0 160 0.447774 1
gene 1 14 20 -0.678628 0 308 -0.678628 1
gene 1 19 10 1.3758 0 412 1.3758 1
gene 1 2 17 -2.19269 0 662 -2.19269 1
gene 1 18 13 -1.12996 0 782 -1.12996 1
gene 1 7 10 0.147947 0 1074 0.147947 1
gene 1 15 14 -0.139316 0 2179 -0.139316 1
gene 1 18 28 -0.0948851 1 2278 -0.0948851 1
gene 1 5 17 -0.436668 0 2416 -0.436668 1
gene 1 19 19 -0.908129 1 2491 -0.908129 1
genomeend 196
