cut30_sko72_gen_0257|cut30_sko72
0|0|[-0.401833,0.000000,0.879593,0.000000,0.876943,0.000000,0.480440,0.000025,0.000000,0.000000,0.399128]
cut30_sko72_gen_0257|cut30_sko81
0|0|[-0.426532,0.000000,0.876139,0.000000,0.874004,0.000000,0.508695,0.000065,0.000000,0.000000,0.367380]
cut30_sko72_gen_0257|cut30_sko90
0|0|[-0.426291,0.000000,0.878580,0.000000,0.876143,0.000000,0.487925,0.000009,0.000000,0.000000,0.390646]
cut30_sko72_gen_0257|cut30_tai100a
0|0|[-0.354741,0.000000,0.864332,0.000000,0.862295,0.000000,0.471896,0.000037,0.000000,0.000000,0.392400]
cut30_sko72_gen_0257|cut30_tai100b
0|0|[-0.479810,0.000000,0.900585,0.000000,0.899843,0.000000,0.492473,0.000091,0.000000,0.000000,0.408021]
cut30_sko72_gen_0257|cut30_tai60a
0|0|[-0.345676,0.000000,0.860654,0.000000,0.858340,0.000000,0.469539,0.000010,0.000000,0.000000,0.391104]
cut30_sko72_gen_0257|cut30_tai60b
0|0|[-0.509654,0.000000,0.900352,0.000000,0.899314,0.000000,0.531371,0.000186,0.000000,0.000000,0.368795]
cut30_sko72_gen_0257|cut30_tai80a
0|0|[-0.342315,0.000000,0.861537,0.000000,0.859260,0.000000,0.471219,0.000034,0.000000,0.000000,0.390284]
cut30_sko72_gen_0257|cut30_tai80b
0|0|[-0.528987,0.000000,0.901808,0.000000,0.901633,0.000000,0.536479,0.000036,0.000000,0.000000,0.365293]
cut30_sko72_gen_0257|cut60_sko72
0|0|[-0.444066,0.000000,0.899555,0.000000,0.899555,0.000000,0.277015,0.000000,0.000000,0.000000,0.622541]
cut30_sko72_gen_0257|cut60_sko81
0|0|[-0.438623,0.000000,0.904430,0.000000,0.904430,0.000000,0.278599,0.000000,0.000000,0.000000,0.625831]
cut30_sko72_gen_0257|cut60_sko90
0|0|[-0.451821,0.000000,0.903369,0.000000,0.903369,0.000000,0.281064,0.000000,0.000000,0.000000,0.622305]
cut30_sko72_gen_0257|cut60_tai100a
0|0|[-0.290108,0.000000,0.853869,0.000000,0.853869,0.000000,0.246901,0.000000,0.000000,0.000000,0.606968]
cut30_sko72_gen_0257|cut60_tai100b
0|0|[-0.664470,0.000000,0.920466,0.000000,0.920466,0.000000,0.302669,0.000000,0.000000,0.000000,0.617797]
cut30_sko72_gen_0257|cut60_tai60a
0|0|[-0.287695,0.000000,0.852521,0.000000,0.852520,0.000000,0.244493,0.000000,0.000000,0.000000,0.608028]
cut30_sko72_gen_0257|cut60_tai60b
0|0|[-0.681798,0.000000,0.920267,0.000000,0.920267,0.000000,0.323302,0.000000,0.000000,0.000000,0.596965]
cut30_sko72_gen_0257|cut60_tai80a
0|0|[-0.287699,0.000000,0.853195,0.000000,0.853195,0.000000,0.244190,0.000000,0.000000,0.000000,0.609005]
cut30_sko72_gen_0257|cut60_tai80b
0|0|[-0.602887,0.000000,0.926366,0.000000,0.926366,0.000000,0.322553,0.000000,0.000000,0.000000,0.603813]
cut30_sko81_gen_0307|cut30_sko72
0|0|[-0.975836,0.000000,0.998374,0.000016,0.985632,0.948913,0.000000,0.934811,0.000000,0.000000,0.063579]
cut30_sko81_gen_0307|cut30_sko81
0|0|[-0.975644,0.000000,0.998244,0.000016,0.986260,0.948899,0.000000,0.935187,0.000000,0.000000,0.063073]
cut30_sko81_gen_0307|cut30_sko90
0|0|[-0.973531,0.000000,0.998258,0.000008,0.984500,0.948870,0.000000,0.934208,0.000000,0.000000,0.064057]
cut30_sko81_gen_0307|cut30_tai100a
0|0|[-0.969188,0.000000,0.997955,0.000098,0.982940,0.948655,0.000000,0.930856,0.000000,0.000000,0.067197]
cut30_sko81_gen_0307|cut30_tai100b
0|0|[-0.981266,0.000000,0.998459,0.000012,0.981805,0.949003,0.000000,0.936127,0.000000,0.000000,0.062344]
cut30_sko81_gen_0307|cut30_tai60a
0|0|[-0.969985,0.000000,0.997982,0.000092,0.983467,0.948674,0.000000,0.931509,0.000000,0.000000,0.066565]
cut30_sko81_gen_0307|cut30_tai60b
0|0|[-0.985830,0.000000,0.998720,0.000025,0.983383,0.949225,0.000000,0.938200,0.000000,0.000000,0.060545]
cut30_sko81_gen_0307|cut30_tai80a
0|0|[-0.971252,0.000000,0.998079,0.000058,0.983947,0.948714,0.000000,0.932420,0.000000,0.000000,0.065717]
cut30_sko81_gen_0307|cut30_tai80b
0|0|[-0.981796,0.000000,0.998598,0.000029,0.982750,0.949144,0.000000,0.936017,0.000000,0.000000,0.062610]
cut30_sko81_gen_0307|cut60_sko72
0|0|[-0.942007,0.000000,0.998330,0.000000,0.831358,0.948330,0.000000,0.916550,0.000000,0.000000,0.081780]
cut30_sko81_gen_0307|cut60_sko81
0|0|[-0.940072,0.000000,0.998186,0.000000,0.825009,0.948186,0.000000,0.915641,0.000000,0.000000,0.082545]
cut30_sko81_gen_0307|cut60_sko90
0|0|[-0.944315,0.000000,0.998361,0.000000,0.831710,0.948361,0.000000,0.918032,0.000000,0.000000,0.080329]
cut30_sko81_gen_0307|cut60_tai100a
0|0|[-0.924780,0.000000,0.997530,0.000000,0.869968,0.947530,0.000000,0.908607,0.000000,0.000000,0.088923]
cut30_sko81_gen_0307|cut60_tai100b
0|0|[-0.970748,0.000000,0.998609,0.000003,0.842025,0.948611,0.000000,0.927799,0.000000,0.000000,0.070813]
cut30_sko81_gen_0307|cut60_tai60a
0|0|[-0.926244,0.000000,0.997605,0.000000,0.872453,0.947605,0.000000,0.909225,0.000000,0.000000,0.088380]
cut30_sko81_gen_0307|cut60_tai60b
0|0|[-0.974295,0.000000,0.998583,0.000001,0.831951,0.948584,0.000000,0.927668,0.000000,0.000000,0.070916]
cut30_sko81_gen_0307|cut60_tai80a
0|0|[-0.926056,0.000000,0.997540,0.000000,0.873121,0.947540,0.000000,0.909464,0.000000,0.000000,0.088076]
cut30_sko81_gen_0307|cut60_tai80b
0|0|[-0.972578,0.000000,0.998668,0.000000,0.829541,0.948668,0.000000,0.928100,0.000000,0.000000,0.070568]
cut30_sko90_gen_0309|cut30_sko72
0|0|[0.383720,0.340846,0.659105,0.000004,0.991557,0.000000,0.000000,0.000000,0.950130,0.049826,0.000000]
cut30_sko90_gen_0309|cut30_sko81
0|0|[0.320959,0.357339,0.642617,0.000003,0.993725,0.000000,0.000000,0.000000,0.961905,0.038054,0.000000]
cut30_sko90_gen_0309|cut30_sko90
0|0|[0.370889,0.336902,0.663050,0.000004,0.991848,0.000000,0.000000,0.000000,0.960449,0.039506,0.000000]
cut30_sko90_gen_0309|cut30_tai100a
0|0|[0.308381,0.344349,0.655614,0.000001,0.995511,0.000000,0.000000,0.000000,0.975216,0.024748,0.000000]
cut30_sko90_gen_0309|cut30_tai100b
0|0|[0.342595,0.354779,0.645171,0.000004,0.991874,0.000000,0.000000,0.000000,0.950059,0.049896,0.000000]
cut30_sko90_gen_0309|cut30_tai60a
0|0|[0.324380,0.334722,0.665236,0.000002,0.995774,0.000000,0.000000,0.000000,0.976988,0.022973,0.000000]
cut30_sko90_gen_0309|cut30_tai60b
0|0|[0.368464,0.358087,0.641865,0.000006,0.989717,0.000000,0.000000,0.000000,0.937308,0.062649,0.000000]
cut30_sko90_gen_0309|cut30_tai80a
0|0|[0.308810,0.344599,0.655363,0.000001,0.995484,0.000000,0.000000,0.000000,0.974772,0.025191,0.000000]
cut30_sko90_gen_0309|cut30_tai80b
0|0|[0.407238,0.343628,0.656328,0.000006,0.988934,0.000000,0.000000,0.000000,0.933743,0.066219,0.000000]
cut30_sko90_gen_0309|cut60_sko72
0|0|[0.196384,0.000000,0.999767,0.000000,0.983229,0.000000,0.000000,0.000000,0.999767,0.000000,0.000000]
cut30_sko90_gen_0309|cut60_sko81
0|0|[0.189056,0.000000,0.999752,0.000000,0.983887,0.000000,0.000000,0.000000,0.999752,0.000000,0.000000]
cut30_sko90_gen_0309|cut60_sko90
0|0|[0.190042,0.000000,0.999745,0.000000,0.983763,0.000000,0.000000,0.000000,0.999745,0.000000,0.000000]
cut30_sko90_gen_0309|cut60_tai100a
0|0|[0.215108,0.000000,0.999788,0.000000,0.981896,0.000000,0.000000,0.000000,0.999788,0.000000,0.000000]
cut30_sko90_gen_0309|cut60_tai100b
0|0|[0.045780,0.000000,0.999806,0.000000,0.986235,0.000000,0.000000,0.000000,0.999806,0.000000,0.000000]
cut30_sko90_gen_0309|cut60_tai60a
0|0|[0.214235,0.000000,0.999780,0.000000,0.981913,0.000000,0.000000,0.000000,0.999780,0.000000,0.000000]
cut30_sko90_gen_0309|cut60_tai60b
0|0|[0.022452,0.000000,0.999805,0.000000,0.986398,0.000000,0.000000,0.000000,0.999805,0.000000,0.000000]
cut30_sko90_gen_0309|cut60_tai80a
0|0|[0.215297,0.000000,0.999777,0.000000,0.982006,0.000000,0.000000,0.000000,0.999777,0.000000,0.000000]
cut30_sko90_gen_0309|cut60_tai80b
0|0|[0.058047,0.000000,0.999807,0.000000,0.985630,0.000000,0.000000,0.000000,0.999807,0.000000,0.000000]
cut30_tai100a_gen_0571|cut30_sko72
0|0|[0.938992,0.000000,0.999889,0.000000,0.962666,0.000000,0.000000,0.000000,0.000000,0.999889,0.000000]
cut30_tai100a_gen_0571|cut30_sko81
0|0|[0.943498,0.000000,0.999911,0.000000,0.964627,0.000000,0.000000,0.000000,0.000000,0.999911,0.000000]
cut30_tai100a_gen_0571|cut30_sko90
0|0|[0.933909,0.000000,0.999882,0.000000,0.960197,0.000000,0.000000,0.000000,0.000000,0.999882,0.000000]
cut30_tai100a_gen_0571|cut30_tai100a
0|0|[0.983367,0.000000,0.999975,0.000000,0.987053,0.000000,0.000000,0.000000,0.000000,0.999975,0.000000]
cut30_tai100a_gen_0571|cut30_tai100b
0|0|[0.985284,0.000000,0.999982,0.000000,0.988070,0.000000,0.000000,0.000000,0.000000,0.999982,0.000000]
cut30_tai100a_gen_0571|cut30_tai60a
0|0|[0.984244,0.000000,0.999978,0.000000,0.987511,0.000000,0.000000,0.000000,0.000000,0.999978,0.000000]
cut30_tai100a_gen_0571|cut30_tai60b
0|0|[0.985053,0.000000,0.999984,0.000000,0.987918,0.000000,0.000000,0.000000,0.000000,0.999984,0.000000]
cut30_tai100a_gen_0571|cut30_tai80a
0|0|[0.983636,0.000000,0.999976,0.000000,0.987185,0.000000,0.000000,0.000000,0.000000,0.999976,0.000000]
cut30_tai100a_gen_0571|cut30_tai80b
0|0|[0.984765,0.000000,0.999981,0.000000,0.987744,0.000000,0.000000,0.000000,0.000000,0.999981,0.000000]
cut30_tai100a_gen_0571|cut60_sko72
0|0|[0.369511,0.000000,0.999309,0.000000,0.666261,0.000000,0.000000,0.000000,0.000000,0.999309,0.000000]
cut30_tai100a_gen_0571|cut60_sko81
0|0|[0.369496,0.000000,0.999267,0.000000,0.666366,0.000000,0.000000,0.000000,0.000000,0.999267,0.000000]
cut30_tai100a_gen_0571|cut60_sko90
0|0|[0.374178,0.000000,0.999272,0.000000,0.668116,0.000000,0.000000,0.000000,0.000000,0.999272,0.000000]
cut30_tai100a_gen_0571|cut60_tai100a
0|0|[0.351364,0.000000,0.999271,0.000000,0.661234,0.000000,0.000000,0.000000,0.000000,0.999271,0.000000]
cut30_tai100a_gen_0571|cut60_tai100b
0|0|[0.334065,0.000000,0.999393,0.000000,0.643917,0.000000,0.000000,0.000000,0.000000,0.999393,0.000000]
cut30_tai100a_gen_0571|cut60_tai60a
0|0|[0.351307,0.000000,0.999265,0.000000,0.661774,0.000000,0.000000,0.000000,0.000000,0.999265,0.000000]
cut30_tai100a_gen_0571|cut60_tai60b
0|0|[0.365172,0.000000,0.999273,0.000000,0.660271,0.000000,0.000000,0.000000,0.000000,0.999273,0.000000]
cut30_tai100a_gen_0571|cut60_tai80a
0|0|[0.353878,0.000000,0.999241,0.000000,0.662610,0.000000,0.000000,0.000000,0.000000,0.999241,0.000000]
cut30_tai100a_gen_0571|cut60_tai80b
0|0|[0.342523,0.000000,0.999398,0.000000,0.648537,0.000000,0.000000,0.000000,0.000000,0.999398,0.000000]
cut30_tai100b_gen_0585|cut30_sko72
0|0|[0.966226,0.000000,0.999993,0.000000,0.983123,0.000000,0.000000,0.007486,0.000000,0.992507,0.000000]
cut30_tai100b_gen_0585|cut30_sko81
0|0|[0.967418,0.000000,0.999994,0.000000,0.983717,0.000000,0.000000,0.007402,0.000000,0.992592,0.000000]
cut30_tai100b_gen_0585|cut30_sko90
0|0|[0.967618,0.000000,0.999994,0.000000,0.983818,0.000000,0.000000,0.007129,0.000000,0.992866,0.000000]
cut30_tai100b_gen_0585|cut30_tai100a
0|0|[0.935413,0.000000,0.999984,0.000000,0.967732,0.000000,0.000000,0.012699,0.000000,0.987285,0.000000]
cut30_tai100b_gen_0585|cut30_tai100b
0|0|[0.963518,0.000000,0.999997,0.000000,0.981763,0.000000,0.000000,0.007456,0.000000,0.992541,0.000000]
cut30_tai100b_gen_0585|cut30_tai60a
0|0|[0.937830,0.000000,0.999984,0.000000,0.968939,0.000000,0.000000,0.012464,0.000000,0.987521,0.000000]
cut30_tai100b_gen_0585|cut30_tai60b
0|0|[0.962636,0.000000,0.999996,0.000000,0.981323,0.000000,0.000000,0.007171,0.000000,0.992825,0.000000]
cut30_tai100b_gen_0585|cut30_tai80a
0|0|[0.937164,0.000000,0.999983,0.000000,0.968607,0.000000,0.000000,0.012802,0.000000,0.987181,0.000000]
cut30_tai100b_gen_0585|cut30_tai80b
0|0|[0.969564,0.000000,0.999997,0.000000,0.984787,0.000000,0.000000,0.006168,0.000000,0.993830,0.000000]
cut30_tai100b_gen_0585|cut60_sko72
0|0|[-0.545034,0.000000,0.999867,0.000000,0.227721,0.000000,0.000000,0.264246,0.000000,0.735622,0.000000]
cut30_tai100b_gen_0585|cut60_sko81
0|0|[-0.545035,0.000000,0.999870,0.000000,0.227717,0.000000,0.000000,0.274196,0.000000,0.725674,0.000000]
cut30_tai100b_gen_0585|cut60_sko90
0|0|[-0.542016,0.000000,0.999867,0.000000,0.229229,0.000000,0.000000,0.277061,0.000000,0.722806,0.000000]
cut30_tai100b_gen_0585|cut60_tai100a
0|0|[-0.518494,0.000000,0.999875,0.000000,0.241048,0.000000,0.000000,0.252138,0.000000,0.747737,0.000000]
cut30_tai100b_gen_0585|cut60_tai100b
0|0|[-0.394908,0.000000,0.999908,0.000000,0.302713,0.000000,0.000000,0.254781,0.000000,0.745126,0.000000]
cut30_tai100b_gen_0585|cut60_tai60a
0|0|[-0.518214,0.000000,0.999874,0.000000,0.241196,0.000000,0.000000,0.252465,0.000000,0.747409,0.000000]
cut30_tai100b_gen_0585|cut60_tai60b
0|0|[-0.207645,0.000000,0.999914,0.000000,0.396338,0.000000,0.000000,0.216130,0.000000,0.783785,0.000000]
cut30_tai100b_gen_0585|cut60_tai80a
0|0|[-0.518712,0.000000,0.999882,0.000000,0.240926,0.000000,0.000000,0.252204,0.000000,0.747678,0.000000]
cut30_tai100b_gen_0585|cut60_tai80b
0|0|[-0.522964,0.000000,0.999901,0.000000,0.238704,0.000000,0.000000,0.270254,0.000000,0.729647,0.000000]
cut30_tai60a_gen_0223|cut30_sko72
0|0|[-0.797923,0.000000,0.991669,0.000000,0.077459,0.000000,0.000000,0.000000,0.991669,0.000000,0.000000]
cut30_tai60a_gen_0223|cut30_sko81
0|0|[-0.788347,0.000000,0.990857,0.000000,0.077956,0.000000,0.000000,0.000000,0.990857,0.000000,0.000000]
cut30_tai60a_gen_0223|cut30_sko90
0|0|[-0.789485,0.000000,0.990838,0.000000,0.077534,0.000000,0.000000,0.000000,0.990838,0.000000,0.000000]
cut30_tai60a_gen_0223|cut30_tai100a
0|0|[-0.881920,0.000000,0.990707,0.000000,0.029974,0.000000,0.000000,0.000000,0.990707,0.000000,0.000000]
cut30_tai60a_gen_0223|cut30_tai100b
0|0|[-0.808936,0.000000,0.993110,0.000000,0.076785,0.000000,0.000000,0.000000,0.993110,0.000000,0.000000]
cut30_tai60a_gen_0223|cut30_tai60a
0|0|[-0.877238,0.000000,0.991313,0.000000,0.034644,0.000000,0.000000,0.000000,0.991313,0.000000,0.000000]
cut30_tai60a_gen_0223|cut30_tai60b
0|0|[-0.840494,0.000000,0.991443,0.000000,0.059779,0.000000,0.000000,0.000000,0.991443,0.000000,0.000000]
cut30_tai60a_gen_0223|cut30_tai80a
0|0|[-0.868637,0.000000,0.991231,0.000000,0.036582,0.000000,0.000000,0.000000,0.991231,0.000000,0.000000]
cut30_tai60a_gen_0223|cut30_tai80b
0|0|[-0.814461,0.000000,0.990490,0.000000,0.069502,0.000000,0.000000,0.000000,0.990490,0.000000,0.000000]
cut30_tai60a_gen_0223|cut60_sko72
0|0|[-0.893676,0.000000,0.995101,0.000000,0.030909,0.000000,0.000000,0.000000,0.995101,0.000000,0.000000]
cut30_tai60a_gen_0223|cut60_sko81
0|0|[-0.889182,0.000000,0.995120,0.000000,0.033621,0.000000,0.000000,0.000000,0.995120,0.000000,0.000000]
cut30_tai60a_gen_0223|cut60_sko90
0|0|[-0.893902,0.000000,0.995345,0.000000,0.032320,0.000000,0.000000,0.000000,0.995345,0.000000,0.000000]
cut30_tai60a_gen_0223|cut60_tai100a
0|0|[-0.875347,0.000000,0.993825,0.000000,0.037086,0.000000,0.000000,0.000000,0.993825,0.000000,0.000000]
cut30_tai60a_gen_0223|cut60_tai100b
0|0|[-0.898134,0.000000,0.992442,0.000000,0.025429,0.000000,0.000000,0.000000,0.992442,0.000000,0.000000]
cut30_tai60a_gen_0223|cut60_tai60a
0|0|[-0.874887,0.000000,0.993919,0.000000,0.037201,0.000000,0.000000,0.000000,0.993919,0.000000,0.000000]
cut30_tai60a_gen_0223|cut60_tai60b
0|0|[-0.904795,0.000000,0.994110,0.000000,0.026100,0.000000,0.000000,0.000000,0.994110,0.000000,0.000000]
cut30_tai60a_gen_0223|cut60_tai80a
0|0|[-0.875470,0.000000,0.993827,0.000000,0.037037,0.000000,0.000000,0.000000,0.993827,0.000000,0.000000]
cut30_tai60a_gen_0223|cut60_tai80b
0|0|[-0.921989,0.000000,0.995295,0.000000,0.019651,0.000000,0.000000,0.000000,0.995295,0.000000,0.000000]
cut30_tai60b_gen_0480|cut30_sko72
0|0|[0.965898,0.000534,0.999457,0.000000,0.983034,0.999991,0.000229,0.982622,0.000000,0.017140,0.000000]
cut30_tai60b_gen_0480|cut30_sko81
0|0|[0.965182,0.000544,0.999447,0.000000,0.982679,0.999991,0.000233,0.982280,0.000000,0.017477,0.000000]
cut30_tai60b_gen_0480|cut30_sko90
0|0|[0.965477,0.000546,0.999444,0.000000,0.982828,0.999990,0.000278,0.982378,0.000000,0.017334,0.000000]
cut30_tai60b_gen_0480|cut30_tai100a
0|0|[0.936198,0.000620,0.999362,0.000000,0.968272,0.999982,0.000286,0.967220,0.000000,0.032477,0.000000]
cut30_tai60b_gen_0480|cut30_tai100b
0|0|[0.953691,0.000872,0.999121,0.000000,0.976987,0.999993,0.000222,0.976576,0.000000,0.023195,0.000000]
cut30_tai60b_gen_0480|cut30_tai60a
0|0|[0.930765,0.000699,0.999281,0.000000,0.965576,0.999980,0.000316,0.964565,0.000000,0.035099,0.000000]
cut30_tai60b_gen_0480|cut30_tai60b
0|0|[0.956137,0.000861,0.999134,0.000000,0.978206,0.999995,0.000129,0.977857,0.000000,0.022009,0.000000]
cut30_tai60b_gen_0480|cut30_tai80a
0|0|[0.933257,0.000674,0.999306,0.000000,0.966817,0.999980,0.000278,0.965828,0.000000,0.033874,0.000000]
cut30_tai60b_gen_0480|cut30_tai80b
0|0|[0.956663,0.000807,0.999187,0.000000,0.978467,0.999994,0.000268,0.978086,0.000000,0.021640,0.000000]
cut30_tai60b_gen_0480|cut60_sko72
0|0|[-0.194920,0.008461,0.991367,0.000000,0.405099,0.999828,0.002101,0.396000,0.000000,0.601726,0.000000]
cut30_tai60b_gen_0480|cut60_sko81
0|0|[-0.186943,0.008314,0.991532,0.000000,0.409099,0.999846,0.001666,0.399719,0.000000,0.598461,0.000000]
cut30_tai60b_gen_0480|cut60_sko90
0|0|[-0.196823,0.008485,0.991343,0.000000,0.404153,0.999827,0.001793,0.394718,0.000000,0.603317,0.000000]
cut30_tai60b_gen_0480|cut60_tai100a
0|0|[-0.019448,0.003843,0.996025,0.000000,0.492476,0.999868,0.001055,0.483768,0.000000,0.515045,0.000000]
cut30_tai60b_gen_0480|cut60_tai100b
0|0|[-0.350671,0.010607,0.989290,0.000000,0.327549,0.999898,0.001485,0.320203,0.000000,0.678209,0.000000]
cut30_tai60b_gen_0480|cut60_tai60a
0|0|[-0.023220,0.003917,0.995959,0.000000,0.490591,0.999876,0.001072,0.481778,0.000000,0.517026,0.000000]
cut30_tai60b_gen_0480|cut60_tai60b
0|0|[-0.403352,0.011103,0.988815,0.000000,0.301234,0.999918,0.001708,0.294501,0.000000,0.703709,0.000000]
cut30_tai60b_gen_0480|cut60_tai80a
0|0|[-0.017820,0.003662,0.996211,0.000000,0.493289,0.999873,0.001083,0.484397,0.000000,0.514392,0.000000]
cut30_tai60b_gen_0480|cut60_tai80b
0|0|[-0.323726,0.008424,0.991486,0.000000,0.340893,0.999910,0.001652,0.333798,0.000000,0.664460,0.000000]
cut30_tai80a_gen_0416|cut30_sko72
0|0|[0.947463,0.025780,0.971924,0.000000,0.997692,0.000000,0.000000,0.000000,0.147903,0.849801,0.000000]
cut30_tai80a_gen_0416|cut30_sko81
0|0|[0.952227,0.025248,0.972595,0.000000,0.997831,0.000000,0.000000,0.000000,0.175738,0.822106,0.000000]
cut30_tai80a_gen_0416|cut30_sko90
0|0|[0.950757,0.025270,0.972513,0.000000,0.997770,0.000000,0.000000,0.000000,0.166365,0.831418,0.000000]
cut30_tai80a_gen_0416|cut30_tai100a
0|0|[0.963453,0.024585,0.973707,0.000000,0.998279,0.000000,0.000000,0.000000,0.217985,0.780307,0.000000]
cut30_tai80a_gen_0416|cut30_tai100b
0|0|[0.937163,0.024105,0.973225,0.000000,0.997318,0.000000,0.000000,0.000000,0.151778,0.845552,0.000000]
cut30_tai80a_gen_0416|cut30_tai60a
0|0|[0.962502,0.024693,0.973612,0.000000,0.998292,0.000000,0.000000,0.000000,0.215764,0.782542,0.000000]
cut30_tai80a_gen_0416|cut30_tai60b
0|0|[0.931284,0.023592,0.973571,0.000000,0.997151,0.000000,0.000000,0.000000,0.143330,0.853832,0.000000]
cut30_tai80a_gen_0416|cut30_tai80a
0|0|[0.963319,0.024893,0.973444,0.000000,0.998324,0.000000,0.000000,0.000000,0.216237,0.782100,0.000000]
cut30_tai80a_gen_0416|cut30_tai80b
0|0|[0.925101,0.024750,0.972194,0.000000,0.996933,0.000000,0.000000,0.000000,0.110362,0.886582,0.000000]
cut30_tai80a_gen_0416|cut60_sko72
0|0|[0.348143,0.047153,0.926423,0.000000,0.973560,0.000000,0.000000,0.000000,0.000000,0.973576,0.000000]
cut30_tai80a_gen_0416|cut60_sko81
0|0|[0.346284,0.046719,0.927184,0.000000,0.973887,0.000000,0.000000,0.000000,0.000000,0.973903,0.000000]
cut30_tai80a_gen_0416|cut60_sko90
0|0|[0.347198,0.047115,0.926918,0.000000,0.974018,0.000000,0.000000,0.000000,0.000000,0.974033,0.000000]
cut30_tai80a_gen_0416|cut60_tai100a
0|0|[0.364140,0.053898,0.918063,0.000000,0.971944,0.000000,0.000000,0.000000,0.000000,0.971961,0.000000]
cut30_tai80a_gen_0416|cut60_tai100b
0|0|[0.304909,0.045225,0.930198,0.000000,0.975409,0.000000,0.000000,0.000000,0.000000,0.975423,0.000000]
cut30_tai80a_gen_0416|cut60_tai60a
0|0|[0.364098,0.052870,0.919467,0.000000,0.972320,0.000000,0.000000,0.000000,0.000000,0.972337,0.000000]
cut30_tai80a_gen_0416|cut60_tai60b
0|0|[0.302781,0.049230,0.925866,0.000000,0.975083,0.000000,0.000000,0.000000,0.000000,0.975096,0.000000]
cut30_tai80a_gen_0416|cut60_tai80a
0|0|[0.365836,0.053757,0.918899,0.000000,0.972639,0.000000,0.000000,0.000000,0.000000,0.972657,0.000000]
cut30_tai80a_gen_0416|cut60_tai80b
0|0|[0.304948,0.042326,0.932846,0.000000,0.975159,0.000000,0.000000,0.000000,0.000000,0.975172,0.000000]
cut30_tai80b_gen_0498|cut30_sko72
0|0|[-0.905741,0.016930,0.981137,0.000000,0.036264,0.000000,0.000000,0.998067,0.000000,0.000000,0.000000]
cut30_tai80b_gen_0498|cut30_sko81
0|0|[-0.899277,0.018066,0.979911,0.000000,0.038893,0.000000,0.000000,0.997977,0.000000,0.000000,0.000000]
cut30_tai80b_gen_0498|cut30_sko90
0|0|[-0.898996,0.017769,0.980184,0.000000,0.038288,0.000000,0.000000,0.997953,0.000000,0.000000,0.000000]
cut30_tai80b_gen_0498|cut30_tai100a
0|0|[-0.916376,0.014083,0.983554,0.000000,0.028780,0.000000,0.000000,0.997637,0.000000,0.000000,0.000000]
cut30_tai80b_gen_0498|cut30_tai100b
0|0|[-0.926952,0.012994,0.985228,0.000000,0.028315,0.000000,0.000000,0.998222,0.000000,0.000000,0.000000]
cut30_tai80b_gen_0498|cut30_tai60a
0|0|[-0.918013,0.013953,0.983352,0.000000,0.028113,0.000000,0.000000,0.997305,0.000000,0.000000,0.000000]
cut30_tai80b_gen_0498|cut30_tai60b
0|0|[-0.942939,0.009399,0.989197,0.000000,0.021681,0.000000,0.000000,0.998597,0.000000,0.000000,0.000000]
cut30_tai80b_gen_0498|cut30_tai80a
0|0|[-0.915949,0.013906,0.983910,0.000000,0.029161,0.000000,0.000000,0.997816,0.000000,0.000000,0.000000]
cut30_tai80b_gen_0498|cut30_tai80b
0|0|[-0.938771,0.010819,0.988013,0.000000,0.024385,0.000000,0.000000,0.998832,0.000000,0.000000,0.000000]
cut30_tai80b_gen_0498|cut60_sko72
0|0|[-0.929208,0.011380,0.987020,0.000000,0.025336,0.000000,0.000000,0.998400,0.000000,0.000000,0.000000]
cut30_tai80b_gen_0498|cut60_sko81
0|0|[-0.926174,0.011611,0.986731,0.000000,0.026453,0.000000,0.000000,0.998342,0.000000,0.000000,0.000000]
cut30_tai80b_gen_0498|cut60_sko90
0|0|[-0.928945,0.011779,0.986683,0.000000,0.026020,0.000000,0.000000,0.998461,0.000000,0.000000,0.000000]
cut30_tai80b_gen_0498|cut60_tai100a
0|0|[-0.933061,0.010010,0.988315,0.000000,0.023219,0.000000,0.000000,0.998325,0.000000,0.000000,0.000000]
cut30_tai80b_gen_0498|cut60_tai100b
0|0|[-0.959010,0.006122,0.992752,0.000000,0.015083,0.000000,0.000000,0.998874,0.000000,0.000000,0.000000]
cut30_tai80b_gen_0498|cut60_tai60a
0|0|[-0.932701,0.010015,0.988331,0.000000,0.023355,0.000000,0.000000,0.998346,0.000000,0.000000,0.000000]
cut30_tai80b_gen_0498|cut60_tai60b
0|0|[-0.959801,0.005080,0.993668,0.000000,0.013494,0.000000,0.000000,0.998748,0.000000,0.000000,0.000000]
cut30_tai80b_gen_0498|cut60_tai80a
0|0|[-0.932382,0.009902,0.988414,0.000000,0.023314,0.000000,0.000000,0.998316,0.000000,0.000000,0.000000]
cut30_tai80b_gen_0498|cut60_tai80b
0|0|[-0.958646,0.005008,0.993693,0.000000,0.013564,0.000000,0.000000,0.998701,0.000000,0.000000,0.000000]
cut60_sko72_gen_0209|cut30_sko72
0|0|[0.984172,0.000000,0.999936,0.000000,0.944427,0.050804,0.000000,0.000000,0.007789,0.088997,0.903150]
cut60_sko72_gen_0209|cut30_sko81
0|0|[0.986654,0.000000,0.999938,0.000000,0.942899,0.040217,0.000000,0.000000,0.006548,0.067004,0.926385]
cut60_sko72_gen_0209|cut30_sko90
0|0|[0.985216,0.000000,0.999932,0.000000,0.944856,0.045368,0.000000,0.000000,0.007268,0.086709,0.905955]
cut60_sko72_gen_0209|cut30_tai100a
0|0|[0.984834,0.000000,0.999936,0.000000,0.943049,0.051848,0.000000,0.000000,0.007455,0.085540,0.906941]
cut60_sko72_gen_0209|cut30_tai100b
0|0|[0.978670,0.000000,0.999937,0.000000,0.943924,0.060485,0.000000,0.000000,0.010495,0.095841,0.893601]
cut60_sko72_gen_0209|cut30_tai60a
0|0|[0.985485,0.000000,0.999934,0.000000,0.943625,0.048849,0.000000,0.000000,0.007133,0.077887,0.914914]
cut60_sko72_gen_0209|cut30_tai60b
0|0|[0.976884,0.000000,0.999949,0.000000,0.943809,0.064081,0.000000,0.000000,0.011369,0.102473,0.886106]
cut60_sko72_gen_0209|cut30_tai80a
0|0|[0.985091,0.000000,0.999937,0.000000,0.943817,0.050289,0.000000,0.000000,0.007322,0.081324,0.911290]
cut60_sko72_gen_0209|cut30_tai80b
0|0|[0.976894,0.000000,0.999940,0.000000,0.943621,0.061321,0.000000,0.000000,0.011369,0.099263,0.889309]
cut60_sko72_gen_0209|cut60_sko72
0|0|[0.824735,0.000000,0.999808,0.000000,0.947923,0.886656,0.000000,0.000000,0.085023,0.643110,0.271676]
cut60_sko72_gen_0209|cut60_sko81
0|0|[0.826205,0.000000,0.999812,0.000000,0.948047,0.883640,0.000000,0.000000,0.084193,0.640518,0.275101]
cut60_sko72_gen_0209|cut60_sko90
0|0|[0.826000,0.000000,0.999800,0.000000,0.947944,0.887746,0.000000,0.000000,0.084171,0.638998,0.276632]
cut60_sko72_gen_0209|cut60_tai100a
0|0|[0.815965,0.000000,0.999750,0.000000,0.947452,0.892464,0.000000,0.000000,0.090510,0.681333,0.227907]
cut60_sko72_gen_0209|cut60_tai100b
0|0|[0.823285,0.000000,0.999903,0.000000,0.946647,0.878106,0.000000,0.000000,0.083854,0.605690,0.310359]
cut60_sko72_gen_0209|cut60_tai60a
0|0|[0.810081,0.000000,0.999756,0.000000,0.947093,0.889819,0.000000,0.000000,0.093505,0.688922,0.217329]
cut60_sko72_gen_0209|cut60_tai60b
0|0|[0.807498,0.000000,0.999894,0.000000,0.947727,0.867615,0.000000,0.000000,0.090032,0.594960,0.314902]
cut60_sko72_gen_0209|cut60_tai80a
0|0|[0.803408,0.000000,0.999753,0.000000,0.946146,0.891078,0.000000,0.000000,0.097035,0.700466,0.202253]
cut60_sko72_gen_0209|cut60_tai80b
0|0|[0.821506,0.000000,0.999918,0.000000,0.946027,0.896017,0.000000,0.000000,0.085302,0.612395,0.302221]
cut60_sko81_gen_0204|cut30_sko72
0|0|[0.788897,0.000006,0.999563,0.000124,0.830373,0.999647,0.063513,0.000120,0.000069,0.934075,0.001916]
cut60_sko81_gen_0204|cut30_sko81
0|0|[0.795765,0.000005,0.999613,0.000089,0.832598,0.999681,0.060282,0.000115,0.000072,0.937181,0.002056]
cut60_sko81_gen_0204|cut30_sko90
0|0|[0.790660,0.000007,0.999588,0.000115,0.833439,0.999669,0.062173,0.000122,0.000067,0.935391,0.001958]
cut60_sko81_gen_0204|cut30_tai100a
0|0|[0.809806,0.000007,0.999627,0.000102,0.833064,0.999699,0.055723,0.000185,0.000083,0.938703,0.005042]
cut60_sko81_gen_0204|cut30_tai100b
0|0|[0.755079,0.000003,0.999445,0.000164,0.824030,0.999549,0.079016,0.000070,0.000082,0.918376,0.002068]
cut60_sko81_gen_0204|cut30_tai60a
0|0|[0.810725,0.000009,0.999616,0.000106,0.833667,0.999692,0.055516,0.000175,0.000093,0.939220,0.004727]
cut60_sko81_gen_0204|cut30_tai60b
0|0|[0.741033,0.000003,0.999363,0.000176,0.806750,0.999458,0.085317,0.000029,0.000091,0.911763,0.002342]
cut60_sko81_gen_0204|cut30_tai80a
0|0|[0.809817,0.000009,0.999610,0.000114,0.833153,0.999691,0.056442,0.000175,0.000106,0.937805,0.005205]
cut60_sko81_gen_0204|cut30_tai80b
0|0|[0.751444,0.000003,0.999388,0.000196,0.810234,0.999486,0.080177,0.000027,0.000110,0.916633,0.002640]
cut60_sko81_gen_0204|cut60_sko72
0|0|[0.742456,0.000000,0.999841,0.000000,0.820702,0.999841,0.070988,0.000029,0.000053,0.923998,0.004774]
cut60_sko81_gen_0204|cut60_sko81
0|0|[0.743067,0.000000,0.999833,0.000000,0.819979,0.999833,0.071949,0.000030,0.000052,0.923116,0.004686]
cut60_sko81_gen_0204|cut60_sko90
0|0|[0.739331,0.000000,0.999831,0.000000,0.818842,0.999831,0.073852,0.000033,0.000051,0.921289,0.004606]
cut60_sko81_gen_0204|cut60_tai100a
0|0|[0.781175,0.000000,0.999833,0.000000,0.814266,0.999833,0.058844,0.000059,0.000053,0.935441,0.005436]
cut60_sko81_gen_0204|cut60_tai100b
0|0|[0.697496,0.000000,0.999811,0.000000,0.817372,0.999811,0.091150,0.000011,0.000048,0.904542,0.004060]
cut60_sko81_gen_0204|cut60_tai60a
0|0|[0.781633,0.000000,0.999841,0.000000,0.813581,0.999841,0.058351,0.000057,0.000066,0.935929,0.005438]
cut60_sko81_gen_0204|cut60_tai60b
0|0|[0.688528,0.000000,0.999814,0.000000,0.819583,0.999814,0.096011,0.000005,0.000045,0.899820,0.003932]
cut60_sko81_gen_0204|cut60_tai80a
0|0|[0.781395,0.000000,0.999848,0.000000,0.811050,0.999848,0.058247,0.000052,0.000063,0.935995,0.005490]
cut60_sko81_gen_0204|cut60_tai80b
0|0|[0.694244,0.000000,0.999814,0.000000,0.815754,0.999814,0.095764,0.000007,0.000049,0.900054,0.003941]
cut60_sko90_gen_0187|cut30_sko72
0|0|[0.863925,0.000000,0.974946,0.000000,0.124874,0.000000,0.539311,0.000000,0.426312,0.000000,0.009323]
cut60_sko90_gen_0187|cut30_sko81
0|0|[0.874985,0.000000,0.974932,0.000000,0.147227,0.000000,0.552659,0.000000,0.412334,0.000000,0.009938]
cut60_sko90_gen_0187|cut30_sko90
0|0|[0.860463,0.000000,0.974026,0.000000,0.106445,0.000000,0.541478,0.000000,0.423844,0.000000,0.008703]
cut60_sko90_gen_0187|cut30_tai100a
0|0|[0.708702,0.000000,0.977426,0.000000,0.073209,0.000000,0.431554,0.000000,0.542761,0.000000,0.003112]
cut60_sko90_gen_0187|cut30_tai100b
0|0|[0.867113,0.000000,0.980260,0.000000,0.135373,0.000000,0.556941,0.000000,0.410842,0.000000,0.012477]
cut60_sko90_gen_0187|cut30_tai60a
0|0|[0.708591,0.000000,0.977151,0.000000,0.075707,0.000000,0.432279,0.000000,0.540521,0.000000,0.004351]
cut60_sko90_gen_0187|cut30_tai60b
0|0|[0.862716,0.000000,0.978882,0.000000,0.131885,0.000000,0.562052,0.000000,0.406393,0.000000,0.010437]
cut60_sko90_gen_0187|cut30_tai80a
0|0|[0.695518,0.000000,0.977068,0.000000,0.076804,0.000000,0.423020,0.000000,0.550084,0.000000,0.003964]
cut60_sko90_gen_0187|cut30_tai80b
0|0|[0.858828,0.000000,0.980472,0.000000,0.084101,0.000000,0.560132,0.000000,0.409629,0.000000,0.010711]
cut60_sko90_gen_0187|cut60_sko72
0|0|[0.773882,0.000000,0.978965,0.000000,0.020485,0.000000,0.447866,0.000000,0.531099,0.000000,0.000000]
cut60_sko90_gen_0187|cut60_sko81
0|0|[0.760597,0.000000,0.979470,0.000000,0.020276,0.000000,0.431290,0.000000,0.548180,0.000000,0.000000]
cut60_sko90_gen_0187|cut60_sko90
0|0|[0.755322,0.000000,0.978947,0.000000,0.020075,0.000000,0.429093,0.000000,0.549851,0.000000,0.000002]
cut60_sko90_gen_0187|cut60_tai100a
0|0|[0.806785,0.000000,0.981206,0.000000,0.023820,0.000000,0.449755,0.000000,0.531451,0.000000,0.000000]
cut60_sko90_gen_0187|cut60_tai100b
0|0|[0.715590,0.000000,0.978517,0.000000,0.014368,0.000000,0.476853,0.000000,0.501664,0.000000,0.000000]
cut60_sko90_gen_0187|cut60_tai60a
0|0|[0.806625,0.000000,0.980901,0.000000,0.024124,0.000000,0.448536,0.000000,0.532366,0.000000,0.000000]
cut60_sko90_gen_0187|cut60_tai60b
0|0|[0.691501,0.000000,0.978876,0.000000,0.012911,0.000000,0.427484,0.000000,0.551375,0.000000,0.000017]
cut60_sko90_gen_0187|cut60_tai80a
0|0|[0.807878,0.000000,0.980880,0.000000,0.023635,0.000000,0.451437,0.000000,0.529443,0.000000,0.000000]
cut60_sko90_gen_0187|cut60_tai80b
0|0|[0.677786,0.000000,0.978848,0.000000,0.013113,0.000000,0.392466,0.000000,0.586382,0.000000,0.000000]
cut60_tai100a_gen_0104|cut30_sko72
0|0|[0.948039,0.000000,0.996295,0.000000,0.651710,0.983088,0.000592,0.000000,0.374323,0.000000,0.621380]
cut60_tai100a_gen_0104|cut30_sko81
0|0|[0.953430,0.000000,0.996853,0.000000,0.647927,0.983717,0.000565,0.000000,0.381496,0.000000,0.614792]
cut60_tai100a_gen_0104|cut30_sko90
0|0|[0.943414,0.000000,0.996092,0.000000,0.655599,0.981012,0.000382,0.000000,0.368964,0.000000,0.626746]
cut60_tai100a_gen_0104|cut30_tai100a
0|0|[0.777844,0.000000,0.986002,0.000000,0.704180,0.972134,0.000391,0.000000,0.276859,0.000000,0.708752]
cut60_tai100a_gen_0104|cut30_tai100b
0|0|[0.911216,0.000000,0.993769,0.000000,0.666776,0.978564,0.000240,0.000000,0.344720,0.000000,0.648808]
cut60_tai100a_gen_0104|cut30_tai60a
0|0|[0.778879,0.000000,0.986342,0.000000,0.705822,0.971651,0.000426,0.000000,0.275658,0.000000,0.710258]
cut60_tai100a_gen_0104|cut30_tai60b
0|0|[0.906259,0.000000,0.992502,0.000000,0.668572,0.977281,0.000240,0.000000,0.342453,0.000000,0.649809]
cut60_tai100a_gen_0104|cut30_tai80a
0|0|[0.780603,0.000000,0.986259,0.000000,0.706257,0.971396,0.000327,0.000000,0.274000,0.000000,0.711931]
cut60_tai100a_gen_0104|cut30_tai80b
0|0|[0.909466,0.000000,0.992983,0.000000,0.669244,0.976446,0.000229,0.000000,0.342336,0.000000,0.650417]
cut60_tai100a_gen_0104|cut60_sko72
0|0|[0.746488,0.000000,0.968979,0.000000,0.922366,0.853537,0.000110,0.000000,0.014762,0.000000,0.954107]
cut60_tai100a_gen_0104|cut60_sko81
0|0|[0.747874,0.000000,0.968074,0.000000,0.925654,0.846936,0.000110,0.000000,0.011740,0.000000,0.956223]
cut60_tai100a_gen_0104|cut60_sko90
0|0|[0.739801,0.000000,0.970228,0.000000,0.914240,0.860832,0.000087,0.000000,0.022231,0.000000,0.947911]
cut60_tai100a_gen_0104|cut60_tai100a
0|0|[0.737948,0.000000,0.966139,0.000000,0.899093,0.851382,0.000131,0.000000,0.030681,0.000000,0.935326]
cut60_tai100a_gen_0104|cut60_tai100b
0|0|[0.723564,0.000000,0.972628,0.000000,0.930771,0.868284,0.000039,0.000000,0.019608,0.000000,0.952981]
cut60_tai100a_gen_0104|cut60_tai60a
0|0|[0.735492,0.000000,0.967399,0.000000,0.895166,0.848502,0.000153,0.000000,0.033432,0.000000,0.933814]
cut60_tai100a_gen_0104|cut60_tai60b
0|0|[0.723744,0.000000,0.971213,0.000000,0.939876,0.869274,0.000046,0.000000,0.013686,0.000000,0.957481]
cut60_tai100a_gen_0104|cut60_tai80a
0|0|[0.737440,0.000000,0.966650,0.000000,0.904383,0.847746,0.000119,0.000000,0.027731,0.000000,0.938800]
cut60_tai100a_gen_0104|cut60_tai80b
0|0|[0.729859,0.000000,0.969014,0.000000,0.944799,0.867385,0.000037,0.000000,0.008134,0.000000,0.960843]
cut60_tai100b_gen_0187|cut30_sko72
0|0|[-0.988582,0.000000,0.999942,0.000000,0.796986,0.000000,0.006056,0.000000,0.977481,0.016405,0.000000]
cut60_tai100b_gen_0187|cut30_sko81
0|0|[-0.989065,0.000000,0.999947,0.000000,0.796706,0.000000,0.005891,0.000000,0.977976,0.016080,0.000000]
cut60_tai100b_gen_0187|cut30_sko90
0|0|[-0.988611,0.000000,0.999938,0.000000,0.796439,0.000000,0.006112,0.000000,0.978011,0.015815,0.000000]
cut60_tai100b_gen_0187|cut30_tai100a
0|0|[-0.989460,0.000000,0.999946,0.000000,0.798368,0.000000,0.005399,0.000000,0.978202,0.016344,0.000000]
cut60_tai100b_gen_0187|cut30_tai100b
0|0|[-0.987614,0.000000,0.999927,0.000000,0.796997,0.000000,0.006830,0.000000,0.976292,0.016805,0.000000]
cut60_tai100b_gen_0187|cut30_tai60a
0|0|[-0.989539,0.000000,0.999945,0.000000,0.798333,0.000000,0.005355,0.000000,0.978530,0.016059,0.000000]
cut60_tai100b_gen_0187|cut30_tai60b
0|0|[-0.984185,0.000000,0.999917,0.000000,0.796259,0.000000,0.008674,0.000000,0.975445,0.015797,0.000000]
cut60_tai100b_gen_0187|cut30_tai80a
0|0|[-0.989701,0.000000,0.999941,0.000000,0.798444,0.000000,0.005282,0.000000,0.978134,0.016525,0.000000]
cut60_tai100b_gen_0187|cut30_tai80b
0|0|[-0.984745,0.000000,0.999929,0.000000,0.795586,0.000000,0.008457,0.000000,0.977316,0.014156,0.000000]
cut60_tai100b_gen_0187|cut60_sko72
0|0|[-0.936016,0.000000,0.999222,0.000000,0.815693,0.000000,0.031370,0.000002,0.907888,0.059961,0.000002]
cut60_tai100b_gen_0187|cut60_sko81
0|0|[-0.936247,0.000000,0.999100,0.000000,0.816012,0.000000,0.030774,0.000001,0.908135,0.060189,0.000001]
cut60_tai100b_gen_0187|cut60_sko90
0|0|[-0.936889,0.000000,0.999191,0.000000,0.815511,0.000000,0.030760,0.000002,0.907153,0.061275,0.000002]
cut60_tai100b_gen_0187|cut60_tai100a
0|0|[-0.938545,0.000000,0.998081,0.000000,0.816151,0.000000,0.026845,0.000002,0.920420,0.050814,0.000001]
cut60_tai100b_gen_0187|cut60_tai100b
0|0|[-0.924431,0.000000,0.999264,0.000000,0.813691,0.000000,0.041035,0.000002,0.902192,0.056033,0.000002]
cut60_tai100b_gen_0187|cut60_tai60a
0|0|[-0.937206,0.000000,0.997991,0.000000,0.816724,0.000000,0.027324,0.000002,0.917473,0.053191,0.000001]
cut60_tai100b_gen_0187|cut60_tai60b
0|0|[-0.925005,0.000000,0.999177,0.000000,0.813469,0.000000,0.040668,0.000002,0.899526,0.058978,0.000002]
cut60_tai100b_gen_0187|cut60_tai80a
0|0|[-0.937184,0.000000,0.998231,0.000000,0.817051,0.000000,0.027676,0.000002,0.916605,0.053946,0.000002]
cut60_tai100b_gen_0187|cut60_tai80b
0|0|[-0.923837,0.000000,0.998969,0.000000,0.818597,0.000000,0.039506,0.000002,0.891253,0.068206,0.000002]
cut60_tai60a_gen_0205|cut30_sko72
0|0|[0.865300,0.674590,0.300574,0.000000,0.865349,0.975164,0.000000,0.061870,0.000000,0.913294,0.000000]
cut60_tai60a_gen_0205|cut30_sko81
0|0|[0.865664,0.676157,0.299437,0.000000,0.865765,0.975594,0.000000,0.062810,0.000000,0.912784,0.000000]
cut60_tai60a_gen_0205|cut30_sko90
0|0|[0.865581,0.671618,0.303353,0.000000,0.865439,0.974970,0.000000,0.062817,0.000000,0.912153,0.000000]
cut60_tai60a_gen_0205|cut30_tai100a
0|0|[0.848244,0.674516,0.309609,0.000000,0.886483,0.984125,0.000000,0.062901,0.000000,0.921224,0.000000]
cut60_tai60a_gen_0205|cut30_tai100b
0|0|[0.870858,0.669338,0.308169,0.000000,0.861651,0.977507,0.000000,0.056830,0.000000,0.920678,0.000000]
cut60_tai60a_gen_0205|cut30_tai60a
0|0|[0.847003,0.675111,0.309297,0.000000,0.885947,0.984408,0.000000,0.062397,0.000000,0.922011,0.000000]
cut60_tai60a_gen_0205|cut30_tai60b
0|0|[0.873361,0.675166,0.303712,0.000000,0.868185,0.978878,0.000000,0.053959,0.000000,0.924920,0.000000]
cut60_tai60a_gen_0205|cut30_tai80a
0|0|[0.846662,0.675267,0.309137,0.000000,0.886192,0.984404,0.000000,0.062649,0.000000,0.921754,0.000000]
cut60_tai60a_gen_0205|cut30_tai80b
0|0|[0.871474,0.675469,0.305531,0.000000,0.868984,0.981000,0.000000,0.054224,0.000000,0.926776,0.000000]
cut60_tai60a_gen_0205|cut60_sko72
0|0|[0.838635,0.331551,0.643211,0.000000,0.905987,0.974762,0.000000,0.051437,0.000000,0.923325,0.000000]
cut60_tai60a_gen_0205|cut60_sko81
0|0|[0.839928,0.330824,0.644172,0.000000,0.906186,0.974996,0.000000,0.051919,0.000000,0.923077,0.000000]
cut60_tai60a_gen_0205|cut60_sko90
0|0|[0.839854,0.335226,0.639958,0.000000,0.906215,0.975184,0.000000,0.052090,0.000000,0.923094,0.000000]
cut60_tai60a_gen_0205|cut60_tai100a
0|0|[0.842757,0.291653,0.681354,0.000000,0.902267,0.973007,0.000000,0.050201,0.000000,0.922806,0.000000]
cut60_tai60a_gen_0205|cut60_tai100b
0|0|[0.837909,0.392026,0.585286,0.000000,0.904482,0.977312,0.000000,0.050111,0.000000,0.927201,0.000000]
cut60_tai60a_gen_0205|cut60_tai60a
0|0|[0.843603,0.292728,0.680843,0.000000,0.902550,0.973572,0.000000,0.049854,0.000000,0.923717,0.000000]
cut60_tai60a_gen_0205|cut60_tai60b
0|0|[0.838117,0.402534,0.574593,0.000000,0.903366,0.977127,0.000000,0.049635,0.000000,0.927493,0.000000]
cut60_tai60a_gen_0205|cut60_tai80a
0|0|[0.839926,0.291991,0.681329,0.000000,0.903248,0.973320,0.000000,0.050261,0.000000,0.923059,0.000000]
cut60_tai60a_gen_0205|cut60_tai80b
0|0|[0.840270,0.393964,0.582941,0.000000,0.904067,0.976905,0.000000,0.050279,0.000000,0.926626,0.000000]
cut60_tai60b_gen_0135|cut30_sko72
0|0|[-0.970610,0.809507,0.184172,0.005763,0.929388,0.034509,0.000000,0.873194,0.025339,0.061228,0.039680]
cut60_tai60b_gen_0135|cut30_sko81
0|0|[-0.970663,0.814127,0.179260,0.006081,0.929835,0.031878,0.000000,0.870427,0.026518,0.057956,0.044568]
cut60_tai60b_gen_0135|cut30_sko90
0|0|[-0.970277,0.811094,0.183092,0.005276,0.929400,0.030725,0.000000,0.877600,0.024398,0.060052,0.037411]
cut60_tai60b_gen_0135|cut30_tai100a
0|0|[-0.970670,0.805275,0.183793,0.010375,0.932791,0.007886,0.000000,0.875020,0.036611,0.040742,0.047069]
cut60_tai60b_gen_0135|cut30_tai100b
0|0|[-0.982381,0.815968,0.170550,0.013141,0.917644,0.009950,0.000000,0.866892,0.038618,0.047170,0.046979]
cut60_tai60b_gen_0135|cut30_tai60a
0|0|[-0.971643,0.806856,0.180911,0.011705,0.933255,0.007954,0.000000,0.875620,0.039295,0.038186,0.046370]
cut60_tai60b_gen_0135|cut30_tai60b
0|0|[-0.988151,0.811937,0.172302,0.015558,0.920099,0.015028,0.000000,0.846111,0.044458,0.057363,0.051864]
cut60_tai60b_gen_0135|cut30_tai80a
0|0|[-0.977014,0.818705,0.169215,0.011646,0.943276,0.006097,0.000000,0.872582,0.041699,0.042564,0.042721]
cut60_tai60b_gen_0135|cut30_tai80b
0|0|[-0.989780,0.827089,0.149296,0.023435,0.928397,0.011123,0.000000,0.848050,0.053708,0.051342,0.046720]
cut60_tai60b_gen_0135|cut60_sko72
0|0|[-0.972276,0.776220,0.223260,0.000000,0.848839,0.027601,0.000000,0.923981,0.000001,0.019447,0.056050]
cut60_tai60b_gen_0135|cut60_sko81
0|0|[-0.972762,0.782304,0.217012,0.000000,0.853771,0.029473,0.000000,0.922148,0.000002,0.023565,0.053601]
cut60_tai60b_gen_0135|cut60_sko90
0|0|[-0.974150,0.785272,0.214104,0.000000,0.856023,0.027617,0.000000,0.923736,0.000004,0.021665,0.053971]
cut60_tai60b_gen_0135|cut60_tai100a
0|0|[-0.966499,0.817549,0.181858,0.000000,0.892283,0.018119,0.000000,0.927706,0.000000,0.006267,0.065434]
cut60_tai60b_gen_0135|cut60_tai100b
0|0|[-0.985222,0.796020,0.203707,0.000000,0.851642,0.029512,0.000000,0.929982,0.000069,0.031642,0.038034]
cut60_tai60b_gen_0135|cut60_tai60a
0|0|[-0.966490,0.818607,0.180810,0.000000,0.892595,0.014778,0.000000,0.932926,0.000000,0.006620,0.059871]
cut60_tai60b_gen_0135|cut60_tai60b
0|0|[-0.987637,0.792720,0.206992,0.000003,0.843878,0.027196,0.000000,0.928497,0.000102,0.036588,0.034528]
cut60_tai60b_gen_0135|cut60_tai80a
0|0|[-0.966482,0.818568,0.180836,0.000000,0.892139,0.015190,0.000000,0.926820,0.000000,0.005241,0.067344]
cut60_tai60b_gen_0135|cut60_tai80b
0|0|[-0.986613,0.789011,0.210691,0.000000,0.837936,0.022049,0.000000,0.930471,0.000026,0.029370,0.039836]
cut60_tai80a_gen_0197|cut30_sko72
0|0|[-0.317911,0.001887,0.257604,0.414627,0.665081,0.426197,0.276360,0.005869,0.000000,0.389077,0.002814]
cut60_tai80a_gen_0197|cut30_sko81
0|0|[-0.464291,0.001376,0.278390,0.535950,0.807066,0.648021,0.231245,0.007447,0.000000,0.574391,0.002633]
cut60_tai80a_gen_0197|cut30_sko90
0|0|[-0.344763,0.002172,0.260358,0.440372,0.693852,0.458721,0.283354,0.006465,0.000000,0.409094,0.003990]
cut60_tai80a_gen_0197|cut30_tai100a
0|0|[-0.166172,0.002307,0.327811,0.308790,0.628281,0.438274,0.265448,0.005901,0.000000,0.366278,0.001282]
cut60_tai80a_gen_0197|cut30_tai100b
0|0|[-0.175416,0.001117,0.366061,0.305995,0.659737,0.435418,0.324818,0.005442,0.000000,0.342345,0.000568]
cut60_tai80a_gen_0197|cut30_tai60a
0|0|[-0.202271,0.001728,0.306087,0.331033,0.629029,0.438674,0.256330,0.005408,0.000000,0.375699,0.001411]
cut60_tai80a_gen_0197|cut30_tai60b
0|0|[-0.090197,0.003584,0.383814,0.242416,0.615675,0.411890,0.329611,0.007593,0.000000,0.292547,0.000064]
cut60_tai80a_gen_0197|cut30_tai80a
0|0|[-0.190191,0.001283,0.322211,0.326229,0.639124,0.451270,0.264153,0.005228,0.000000,0.378897,0.001444]
cut60_tai80a_gen_0197|cut30_tai80b
0|0|[-0.144673,0.004357,0.351781,0.277428,0.620590,0.386636,0.328372,0.007263,0.000000,0.297709,0.000222]
cut60_tai80a_gen_0197|cut60_sko72
0|0|[0.413616,0.000000,0.674769,0.006964,0.657200,0.672780,0.485509,0.001279,0.000000,0.194945,0.000000]
cut60_tai80a_gen_0197|cut60_sko81
0|0|[0.413193,0.000000,0.672922,0.007405,0.655968,0.671318,0.485849,0.001361,0.000000,0.193117,0.000000]
cut60_tai80a_gen_0197|cut60_sko90
0|0|[0.411116,0.000000,0.671961,0.007912,0.655412,0.671116,0.482250,0.001285,0.000000,0.196338,0.000000]
cut60_tai80a_gen_0197|cut60_tai100a
0|0|[0.419267,0.000000,0.661650,0.005182,0.643246,0.660089,0.488920,0.000571,0.000000,0.177341,0.000000]
cut60_tai80a_gen_0197|cut60_tai100b
0|0|[0.391102,0.000000,0.674532,0.008883,0.658288,0.677293,0.455353,0.000842,0.000000,0.227220,0.000000]
cut60_tai80a_gen_0197|cut60_tai60a
0|0|[0.420272,0.000000,0.663945,0.004985,0.645318,0.661977,0.492852,0.000675,0.000000,0.175402,0.000000]
cut60_tai80a_gen_0197|cut60_tai60b
0|0|[0.385570,0.000000,0.668937,0.009292,0.653175,0.672850,0.436801,0.000663,0.000000,0.240765,0.000000]
cut60_tai80a_gen_0197|cut60_tai80a
0|0|[0.418654,0.000000,0.663104,0.005735,0.645264,0.661906,0.490667,0.000601,0.000000,0.177571,0.000000]
cut60_tai80a_gen_0197|cut60_tai80b
0|0|[0.389452,0.000000,0.673159,0.007124,0.655006,0.675024,0.444584,0.000692,0.000000,0.235007,0.000000]
cut60_tai80b_gen_0193|cut30_sko72
0|0|[-0.902059,0.229492,0.770458,0.000008,0.166785,0.958738,0.011190,0.938727,0.049052,0.000000,0.000988]
cut60_tai80b_gen_0193|cut30_sko81
0|0|[-0.903756,0.231999,0.767960,0.000001,0.166424,0.959232,0.009317,0.941048,0.048687,0.000000,0.000908]
cut60_tai80b_gen_0193|cut30_sko90
0|0|[-0.904688,0.231748,0.768214,0.000002,0.165019,0.959360,0.008388,0.941897,0.048836,0.000000,0.000842]
cut60_tai80b_gen_0193|cut30_tai100a
0|0|[-0.883755,0.231744,0.768160,0.000006,0.172396,0.954817,0.019977,0.927227,0.050787,0.000000,0.001918]
cut60_tai80b_gen_0193|cut30_tai100b
0|0|[-0.911629,0.230000,0.769984,0.000000,0.165879,0.960407,0.008098,0.943636,0.047529,0.000000,0.000720]
cut60_tai80b_gen_0193|cut30_tai60a
0|0|[-0.882449,0.231996,0.767908,0.000004,0.173761,0.954428,0.020638,0.926552,0.050780,0.000000,0.001937]
cut60_tai80b_gen_0193|cut30_tai60b
0|0|[-0.906725,0.228499,0.771482,0.000000,0.163542,0.959196,0.009484,0.937745,0.051892,0.000000,0.000862]
cut60_tai80b_gen_0193|cut30_tai80a
0|0|[-0.883282,0.228747,0.771161,0.000003,0.170921,0.954423,0.019667,0.927728,0.050635,0.000000,0.001881]
cut60_tai80b_gen_0193|cut30_tai80b
0|0|[-0.908839,0.230749,0.769233,0.000001,0.162323,0.959783,0.008540,0.939948,0.050900,0.000000,0.000595]
cut60_tai80b_gen_0193|cut60_sko72
0|0|[-0.940264,0.219750,0.780181,0.000000,0.156082,0.997190,0.053705,0.872464,0.067356,0.000000,0.006406]
cut60_tai80b_gen_0193|cut60_sko81
0|0|[-0.939522,0.220500,0.779433,0.000000,0.152271,0.996952,0.053544,0.871504,0.068066,0.000000,0.006819]
cut60_tai80b_gen_0193|cut60_sko90
0|0|[-0.941454,0.224000,0.775937,0.000000,0.152773,0.997493,0.055092,0.867955,0.070310,0.000000,0.006580]
cut60_tai80b_gen_0193|cut60_tai100a
0|0|[-0.919708,0.220000,0.779862,0.000000,0.159094,0.998586,0.052243,0.889875,0.051234,0.000000,0.006510]
cut60_tai80b_gen_0193|cut60_tai100b
0|0|[-0.958087,0.220000,0.779955,0.000000,0.151488,0.995106,0.056492,0.861975,0.075991,0.000000,0.005497]
cut60_tai80b_gen_0193|cut60_tai60a
0|0|[-0.919424,0.220000,0.779862,0.000000,0.158974,0.998153,0.049830,0.892421,0.051198,0.000000,0.006412]
cut60_tai80b_gen_0193|cut60_tai60b
0|0|[-0.955035,0.218750,0.781211,0.000000,0.148772,0.992235,0.051115,0.866325,0.077786,0.000000,0.004735]
cut60_tai80b_gen_0193|cut60_tai80a
0|0|[-0.919472,0.217500,0.782372,0.000000,0.158881,0.997796,0.050825,0.890627,0.052116,0.000000,0.006303]
cut60_tai80b_gen_0193|cut60_tai80b
0|0|[-0.949734,0.222500,0.777460,0.000000,0.146629,0.992439,0.048064,0.868788,0.077501,0.000000,0.005607]
