/* Organism #488 Fitness: 1.005 Error: 0.995 */
genomestart 488
trait 1 0.510962 0.520487 0.233727 0 0.29294 0.242143 0.834989 0.193517 
node 1 1 0
node 2 1 1
node 3 1 1
node 4 1 1
node 5 1 1
node 6 1 1
node 7 1 1
node 8 1 1
node 9 1 1
node 10 1 2
node 11 1 2
node 12 1 2
node 13 1 2
node 14 1 2
node 15 1 2
node 16 1 2
node 17 1 2
node 18 1 2
node 19 1 2
node 20 1 2
node 21 1 3
node 23 1 3
node 24 1 3
node 26 1 3
node 27 1 3
node 28 1 3
gene 1 1 21 4.10391 0 1 4.10391 1
gene 1 1 23 -0.904659 0 3 -0.904659 1
gene 1 1 24 0.235487 0 4 0.235487 1
gene 1 1 26 -0.0296695 0 6 -0.0296695 1
gene 1 1 27 0.111555 0 7 0.111555 1
gene 1 1 28 -1.37318 0 8 -1.37318 1
gene 1 2 21 3.40851 0 9 3.40851 1
gene 1 2 23 -4.3643 0 11 -4.3643 1
gene 1 2 24 2.36341 0 12 2.36341 1
gene 1 2 26 1.10474 0 14 1.10474 1
gene 1 2 27 -4.13973 0 15 -4.13973 1
gene 1 2 28 0.0768661 0 16 0.0768661 1
gene 1 3 21 3.79719 0 17 3.79719 1
gene 1 3 23 -1.13225 0 19 -1.13225 1
gene 1 3 24 0.264495 0 20 0.264495 1
gene 1 3 26 2.18328 0 22 2.18328 1
gene 1 3 27 -3.35603 0 23 -3.35603 1
gene 1 3 28 -1.26542 0 24 -1.26542 1
gene 1 4 21 1.83048 0 25 1.83048 1
gene 1 4 23 -1.92914 0 27 -1.92914 1
gene 1 4 24 0.656202 0 28 0.656202 1
gene 1 4 26 2.59207 0 30 2.59207 1
gene 1 4 27 2.5334 0 31 2.5334 1
gene 1 4 28 2.89375 0 32 2.89375 1
gene 1 5 21 1.98593 0 33 1.98593 1
gene 1 5 23 -3.64214 0 35 -3.64214 1
gene 1 5 24 2.62379 0 36 2.62379 1
gene 1 5 26 1.26185 0 38 1.26185 1
gene 1 5 27 2.4665 0 39 2.4665 1
gene 1 5 28 1.31946 0 40 1.31946 1
gene 1 6 21 -1.7156 0 41 -1.7156 1
gene 1 6 23 -0.946315 0 43 -0.946315 1
gene 1 6 24 0.416097 0 44 0.416097 1
gene 1 6 26 -1.31603 0 46 -1.31603 1
gene 1 6 27 -3.44589 0 47 -3.44589 1
gene 1 6 28 -0.734301 0 48 -0.734301 1
gene 1 7 21 0.60322 0 49 0.60322 1
gene 1 7 23 1.81229 0 51 1.81229 1
gene 1 7 24 2.42869 0 52 2.42869 1
gene 1 7 26 1.47663 0 54 1.47663 1
gene 1 7 27 0.26396 0 55 0.26396 1
gene 1 7 28 2.0351 0 56 2.0351 1
gene 1 8 21 -1.75645 0 57 -1.75645 1
gene 1 8 23 1.9726 0 59 1.9726 1
gene 1 8 24 3.60895 0 60 3.60895 1
gene 1 8 26 0.824591 0 62 0.824591 1
gene 1 8 27 -0.927648 0 63 -0.927648 1
gene 1 8 28 1.21526 0 64 1.21526 1
gene 1 9 21 -0.2799 0 65 -0.2799 1
gene 1 9 23 2.29501 0 67 2.29501 1
gene 1 9 24 1.5578 0 68 1.5578 1
gene 1 9 26 -6.1673 0 70 -6.1673 1
gene 1 9 27 -0.162366 0 71 -0.162366 1
gene 1 9 28 -3.18467 0 72 -3.18467 1
gene 1 21 10 1.50555 0 73 1.50555 1
gene 1 21 11 -1.12102 0 74 -1.12102 1
gene 1 21 12 0.570754 0 75 0.570754 1
gene 1 21 13 1.80057 0 76 1.80057 1
gene 1 21 14 4.14116 0 77 4.14116 1
gene 1 21 15 2.0698 0 78 2.0698 1
gene 1 21 16 0.876635 0 79 0.876635 1
gene 1 21 17 0.168854 0 80 0.168854 1
gene 1 21 18 -4.72904 0 81 -4.72904 1
gene 1 21 19 2.62005 0 82 2.62005 1
gene 1 21 20 7.55859 0 83 7.55859 1
gene 1 23 10 -7.49769 0 95 -7.49769 1
gene 1 23 11 -1.0483 0 96 -1.0483 1
gene 1 23 12 2.63453 0 97 2.63453 1
gene 1 23 13 4.50607 0 98 4.50607 1
gene 1 23 14 -3.60599 0 99 -3.60599 1
gene 1 23 15 0.212882 0 100 0.212882 1
gene 1 23 16 0.193453 0 101 0.193453 1
gene 1 23 17 1.24758 0 102 1.24758 1
gene 1 23 18 6.98785 0 103 6.98785 1
gene 1 23 19 -4.86172 0 104 -4.86172 1
gene 1 23 20 -1.4937 0 105 -1.4937 1
gene 1 24 10 -4.72669 0 106 -4.72669 1
gene 1 24 11 -0.446467 0 107 -0.446467 1
gene 1 24 12 0.99813 0 108 0.99813 1
gene 1 24 13 -2.70157 0 109 -2.70157 1
gene 1 24 14 2.15767 0 110 2.15767 1
gene 1 24 15 -1.9713 0 111 -1.9713 1
gene 1 24 16 2.64481 0 112 2.64481 1
gene 1 24 17 1.23746 0 113 1.23746 1
gene 1 24 18 -1.65105 0 114 -1.65105 1
gene 1 24 19 -0.787688 0 115 -0.787688 1
gene 1 24 20 -0.318531 0 116 -0.318531 1
gene 1 26 10 2.10704 0 128 2.10704 1
gene 1 26 11 3.00111 0 129 3.00111 1
gene 1 26 12 -2.65695 0 130 -2.65695 1
gene 1 26 13 -0.803549 0 131 -0.803549 1
gene 1 26 14 1.71956 0 132 1.71956 1
gene 1 26 15 -1.35224 0 133 -1.35224 1
gene 1 26 16 -2.27592 0 134 -2.27592 1
gene 1 26 17 3.89194 0 135 3.89194 1
gene 1 26 18 3.78614 0 136 3.78614 1
gene 1 26 19 -1.12573 0 137 -1.12573 1
gene 1 26 20 2.25498 0 138 2.25498 1
gene 1 27 10 0.700261 0 139 0.700261 1
gene 1 27 11 -2.17705 0 140 -2.17705 1
gene 1 27 12 -2.09413 0 141 -2.09413 1
gene 1 27 13 -1.4545 0 142 -1.4545 1
gene 1 27 14 -1.09317 0 143 -1.09317 1
gene 1 27 15 -1.20434 0 144 -1.20434 1
gene 1 27 16 -1.90716 0 145 -1.90716 1
gene 1 27 17 -1.12684 0 146 -1.12684 1
gene 1 27 18 -0.553613 0 147 -0.553613 1
gene 1 27 19 4.21075 0 148 4.21075 1
gene 1 27 20 0.445596 0 149 0.445596 1
gene 1 28 10 -3.07954 0 150 -3.07954 1
gene 1 28 11 0.469327 0 151 0.469327 1
gene 1 28 12 -1.90706 0 152 -1.90706 1
gene 1 28 13 0.879079 0 153 0.879079 1
gene 1 28 14 -1.55875 0 154 -1.55875 1
gene 1 28 15 -0.205726 0 155 -0.205726 1
gene 1 28 16 -2.49995 0 156 -2.49995 1
gene 1 28 17 -1.17818 0 157 -1.17818 1
gene 1 28 18 4.30844 0 158 4.30844 1
gene 1 28 19 -1.26004 0 159 -1.26004 1
gene 1 28 20 0.488537 0 160 0.488537 1
gene 1 15 19 0.752553 0 259 0.752553 1
gene 1 2 12 -1.77467 0 515 -1.77467 1
gene 1 1 20 -0.711146 0 1510 -0.711146 1
gene 1 19 19 1.15825 1 2143 1.15825 1
gene 1 4 19 0.590232 0 2259 0.590232 1
gene 1 23 28 -1.47491 0 3192 -1.47491 1
genomeend 488
