/* Organism #113 Fitness: 1.007 Error: 0.993 */
genomestart 113
trait 1 0.510962 0.520487 0.233727 0 0.227365 0.368305 0.834989 0.193517 
node 1 1 0
node 2 1 1
node 3 1 1
node 4 1 1
node 5 1 1
node 6 1 1
node 7 1 1
node 8 1 1
node 9 1 1
node 10 1 2
node 11 1 2
node 12 1 2
node 13 1 2
node 14 1 2
node 15 1 2
node 16 1 2
node 17 1 2
node 18 1 2
node 19 1 2
node 20 1 2
node 21 1 3
node 23 1 3
node 24 1 3
gene 1 1 21 4.93953 0 1 4.93953 1
gene 1 1 23 -0.0765975 0 3 -0.0765975 1
gene 1 1 24 1.26107 0 4 1.26107 1
gene 1 2 21 3.09492 0 9 3.09492 1
gene 1 2 23 -2.20947 0 11 -2.20947 1
gene 1 2 24 3.16124 0 12 3.16124 1
gene 1 3 21 0.13958 0 17 0.13958 1
gene 1 3 23 -2.32852 0 19 -2.32852 1
gene 1 3 24 2.4493 0 20 2.4493 1
gene 1 4 21 4.60867 0 25 4.60867 1
gene 1 4 23 -0.193309 0 27 -0.193309 1
gene 1 4 24 0.819871 0 28 0.819871 1
gene 1 5 21 0.496155 0 33 0.496155 1
gene 1 5 23 -2.45412 0 35 -2.45412 1
gene 1 5 24 1.44479 0 36 1.44479 1
gene 1 6 21 -0.430159 0 41 -0.430159 1
gene 1 6 23 -1.00302 0 43 -1.00302 1
gene 1 6 24 0.0822259 0 44 0.0822259 1
gene 1 7 21 0.315948 0 49 0.315948 1
gene 1 7 23 -0.339997 0 51 -0.339997 1
gene 1 7 24 1.03698 0 52 1.03698 1
gene 1 8 21 -2.44697 0 57 -2.44697 1
gene 1 8 23 2.04929 0 59 2.04929 1
gene 1 8 24 0.759418 0 60 0.759418 1
gene 1 9 21 7.05278 0 65 7.05278 1
gene 1 9 23 1.38146 0 67 1.38146 1
gene 1 9 24 3.52637 0 68 3.52637 1
gene 1 21 10 -0.480918 0 73 -0.480918 1
gene 1 21 11 -1.94708 0 74 -1.94708 1
gene 1 21 12 4.78418 0 75 4.78418 1
gene 1 21 13 1.1649 0 76 1.1649 1
gene 1 21 14 1.55976 0 77 1.55976 1
gene 1 21 15 -0.0377714 0 78 -0.0377714 1
gene 1 21 16 -2.52222 0 79 -2.52222 1
gene 1 21 17 1.06475 0 80 1.06475 1
gene 1 21 18 -3.65625 0 81 -3.65625 1
gene 1 21 19 3.43589 0 82 3.43589 1
gene 1 21 20 3.24458 0 83 3.24458 1
gene 1 23 10 -4.87202 0 95 -4.87202 1
gene 1 23 11 -0.32434 0 96 -0.32434 1
gene 1 23 12 3.54475 0 97 3.54475 1
gene 1 23 13 4.66425 0 98 4.66425 1
gene 1 23 14 -1.91529 0 99 -1.91529 1
gene 1 23 15 -0.492214 0 100 -0.492214 1
gene 1 23 16 -0.317138 0 101 -0.317138 1
gene 1 23 17 0.388988 0 102 0.388988 1
gene 1 23 18 5.72664 0 103 5.72664 1
gene 1 23 19 -8 0 104 -8 1
gene 1 23 20 -1.55631 0 105 -1.55631 1
gene 1 24 11 -0.373557 0 107 -0.373557 1
gene 1 24 12 0.657905 0 108 0.657905 1
gene 1 24 13 -0.786173 0 109 -0.786173 1
gene 1 24 14 3.634 0 110 3.634 1
gene 1 24 15 0.61526 0 111 0.61526 1
gene 1 24 16 0.68545 0 112 0.68545 1
gene 1 24 17 0.0526516 0 113 0.0526516 1
gene 1 24 18 -1.38019 0 114 -1.38019 1
gene 1 24 19 0.296359 0 115 0.296359 1
gene 1 24 20 -1.94141 0 116 -1.94141 1
gene 1 15 19 0.877504 0 259 0.877504 1
gene 1 2 12 0.444311 0 515 0.444311 1
gene 1 1 20 -1.22824 0 1510 -1.22824 1
gene 1 19 19 1.20443 1 2143 1.20443 1
gene 1 4 19 2.03243 0 2259 2.03243 1
gene 1 13 10 -0.137877 0 3304 -0.137877 1
gene 1 15 18 -0.644454 0 3661 -0.644454 1
gene 1 10 20 -0.997268 0 3860 -0.997268 1
gene 1 17 10 -0.250374 0 4086 -0.250374 1
genomeend 113
