[[-1140.62,-1135.76,-1130.456,-1137.148,-1135.776,-1139.716,-1140.336,-1138.824,-1139.444,-1141.276,-1138.712,-1135.208,-1136.512,-1138.056,-1133.016,-1138.212,-1132.976,-1139.372,-1136.504,-1134.208],instances/qap/dre42.dat.dat,experiments/transfer_qap/top_controllers/dre42_gen_0011,qap,500]
[[-1921.824,-1923.832,-1924.236,-1920.292,-1917.032,-1920.648,-1921.9,-1915.192,-1913.28,-1914.228,-1916.38,-1917.064,-1917.984,-1914.78,-1912.124,-1910.396,-1920.94,-1919.484,-1917.76,-1920.612],instances/qap/dre56.dat.dat,experiments/transfer_qap/top_controllers/dre42_gen_0011,qap,500]
[[-2713.764,-2714.924,-2704.42,-2715.684,-2715.404,-2710.272,-2716.332,-2716.804,-2713.656,-2712.16,-2707.564,-2714.648,-2714.032,-2711.712,-2712.74,-2709.768,-2710.532,-2708.44,-2711.712,-2719.588],instances/qap/dre72.dat.dat,experiments/transfer_qap/top_controllers/dre42_gen_0011,qap,500]
[[-62621.528,-62612.944,-62600.642,-62605.25,-62605.35,-62621.008,-62607.002,-62618.318,-62607.194,-62622.918,-62616.746,-62609.124,-62606.666,-62610.212,-62611.656,-62605.13,-62613.54,-62595.682,-62615.742,-62604.346],instances/qap/lipa50a.dat.dat,experiments/transfer_qap/top_controllers/dre42_gen_0011,qap,500]
[[-1257841.126,-1257341.878,-1256658.414,-1253832.848,-1255972.422,-1262285.7,-1251798,-1262032.996,-1249453.852,-1267305.904,-1264989.07,-1255813.602,-1251552.534,-1250120.562,-1254211.592,-1262234.67,-1251491.674,-1250673.052,-1250606.884,-1250501.34],instances/qap/lipa50b.dat.dat,experiments/transfer_qap/top_controllers/dre42_gen_0011,qap,500]
[[-108094.526,-108094.458,-108087.916,-108088.84,-108098.134,-108094.458,-108092.866,-108094.91,-108089.266,-108090.094,-108093.272,-108098.314,-108091.462,-108096.124,-108097.73,-108098.734,-108093.376,-108090.71,-108091.97,-108092.834],instances/qap/lipa60a.dat.dat,experiments/transfer_qap/top_controllers/dre42_gen_0011,qap,500]
[[-2816359.538,-2838230.188,-2836072.016,-2838946.224,-2822148.98,-2831993.178,-2821450.996,-2817826.922,-2838239.064,-2830405.746,-2830741.392,-2829496.312,-2845123.616,-2847043.41,-2818133.64,-2825050.49,-2835836.006,-2832077.244,-2831542.568,-2846379.492],instances/qap/lipa60b.dat.dat,experiments/transfer_qap/top_controllers/dre42_gen_0011,qap,500]
[[-170988.378,-170989.22,-170988.572,-170994.7,-170995.466,-170998.67,-170991.738,-170987.442,-170990.918,-170993.054,-170994.63,-170995.904,-170990.094,-170991.804,-170994.472,-170990.914,-170995.646,-170990.566,-170985.738,-170990.116],instances/qap/lipa70a.dat.dat,experiments/transfer_qap/top_controllers/dre42_gen_0011,qap,500]
[[-5326355.858,-5297986.802,-5292836.99,-5311164.524,-5297597.744,-5297303.196,-5317382.308,-5286344.172,-5265916.048,-5289385.774,-5289372.854,-5289629.278,-5300726.81,-5283422.318,-5292314.848,-5288946.382,-5299936.682,-5272306.186,-5303971.494,-5305149.71],instances/qap/lipa70b.dat.dat,experiments/transfer_qap/top_controllers/dre42_gen_0011,qap,500]
[[-3186741.856,-3186763.164,-3187159.896,-3187136.864,-3187677.6,-3187056.868,-3187776.652,-3186388.284,-3187163.012,-3186659.352,-3185518.744,-3186796.592,-3186374.568,-3187210.912,-3186757.2,-3186838.144,-3187330.12,-3187218.956,-3187257.32,-3187401.932],instances/qap/tai40a.dat.dat,experiments/transfer_qap/top_controllers/dre42_gen_0011,qap,500]
[[-654365166.716,-654176516.552,-654572713.254,-654272705.868,-654895615.66,-654865972.666,-654047560.588,-654980996.436,-654492764.608,-654798549.378,-654006669.676,-654169314.504,-655237782.564,-655085444.67,-653761756.944,-654122692.844,-654055812.806,-654468919.392,-654638831.352,-653811929.822],instances/qap/tai40b.dat.dat,experiments/transfer_qap/top_controllers/dre42_gen_0011,qap,500]
[[-5030941.836,-5031415.576,-5031825.352,-5032022.644,-5032065.848,-5030889.12,-5030182.496,-5030202.54,-5030516.384,-5031443.464,-5029547.352,-5030414.704,-5031600.324,-5032056.672,-5030703.332,-5031187.984,-5030824.036,-5030729.132,-5030880.82,-5030956.492],instances/qap/tai50a.dat.dat,experiments/transfer_qap/top_controllers/dre42_gen_0011,qap,500]
[[-464098320.412,-464189909.194,-464303911.98,-464424793.132,-464187552.336,-464156222.708,-464112856.066,-464374940.892,-464207968.95,-464056478.538,-464369791.642,-463946082.246,-464045136.724,-464138617.982,-464124626.914,-464250361.66,-464613112.356,-463720273.162,-464227353.124,-464336322.926],instances/qap/tai50b.dat.dat,experiments/transfer_qap/top_controllers/dre42_gen_0011,qap,500]
[[-7353851.004,-7353011.172,-7353690.076,-7351789.824,-7352538.452,-7351927.98,-7350679.5,-7350707.444,-7351226.728,-7353177.248,-7352886.984,-7353384.244,-7350142.456,-7352173.44,-7352467.288,-7352384.092,-7353423.152,-7353464.528,-7352405.872,-7352816.872],instances/qap/tai60a.dat.dat,experiments/transfer_qap/top_controllers/dre42_gen_0011,qap,500]
[[-616410716.56,-616530453.348,-616292604.292,-615913420.944,-616568925.052,-616206368.05,-616783578.248,-615939533.002,-616766467.972,-616810558.058,-616442885,-616337806.536,-616332243.096,-616474635.324,-616356967.788,-615722449.958,-616264927.528,-615794738.396,-615925438.398,-616097675.094],instances/qap/tai60b.dat.dat,experiments/transfer_qap/top_controllers/dre42_gen_0011,qap,500]
[[-1190.924,-1193.212,-1187.868,-1187.08,-1198.612,-1189.968,-1192.6,-1191.432,-1189.436,-1189.824,-1188.572,-1187.868,-1189.372,-1188.4,-1186.964,-1189.208,-1188.612,-1193.716,-1190.04,-1196.02],instances/qap/dre42.dat.dat,experiments/transfer_qap/top_controllers/dre56_gen_0012,qap,500]
[[-1843.148,-1841.076,-1845.004,-1840.996,-1839.716,-1839.136,-1846.488,-1839.352,-1842.988,-1836.88,-1841.68,-1841.608,-1842.392,-1842.096,-1844.16,-1841.896,-1839.724,-1842.732,-1839.288,-1839.992],instances/qap/dre56.dat.dat,experiments/transfer_qap/top_controllers/dre56_gen_0012,qap,500]
[[-2687.516,-2695.272,-2693.192,-2696.796,-2694.372,-2689.056,-2692.384,-2692.3,-2695.052,-2698.164,-2691.084,-2682.424,-2689.704,-2686.568,-2694.076,-2689.664,-2690.56,-2688.912,-2690.688,-2696.604],instances/qap/dre72.dat.dat,experiments/transfer_qap/top_controllers/dre56_gen_0012,qap,500]
[[-62644.608,-62645.47,-62648.712,-62648.494,-62652.244,-62636.478,-62641.104,-62646.1,-62639.102,-62643.97,-62649.314,-62656.218,-62642.518,-62649.924,-62642.676,-62648.128,-62637.422,-62643.14,-62648.464,-62647.712],instances/qap/lipa50a.dat.dat,experiments/transfer_qap/top_controllers/dre56_gen_0012,qap,500]
[[-1291562.088,-1286429.87,-1286816.65,-1282026.772,-1281569.952,-1291583.238,-1285697.554,-1284944.008,-1283441.428,-1288805.564,-1293864.484,-1288579.946,-1290368.526,-1288730.244,-1289071.994,-1281311.684,-1287782.128,-1292652.686,-1290301.81,-1290283.596],instances/qap/lipa50b.dat.dat,experiments/transfer_qap/top_controllers/dre56_gen_0012,qap,500]
[[-108089.252,-108083.426,-108083.788,-108083.826,-108085.93,-108086.416,-108087.694,-108089.906,-108085.846,-108085.884,-108084.766,-108084.808,-108084.18,-108084.44,-108081.186,-108083.182,-108083.256,-108081.134,-108080.594,-108085.282],instances/qap/lipa60a.dat.dat,experiments/transfer_qap/top_controllers/dre56_gen_0012,qap,500]
[[-2885728.672,-2876967.798,-2861791.298,-2879357.116,-2869093.412,-2884737.41,-2890348.878,-2880289.276,-2885688.398,-2888930.67,-2872477.028,-2887945.686,-2892490.004,-2881926.528,-2863487.264,-2891721.26,-2876547.24,-2889134.626,-2883642.8,-2876477.16],instances/qap/lipa60b.dat.dat,experiments/transfer_qap/top_controllers/dre56_gen_0012,qap,500]
[[-170992.776,-170990.726,-170993.506,-170987.806,-170993.094,-170989.472,-170991.97,-170990.688,-170988.696,-170989.994,-170991.358,-170991.222,-170991.92,-170993.086,-170992.904,-170991.632,-170987.568,-170989.846,-170987.928,-170988.864],instances/qap/lipa70a.dat.dat,experiments/transfer_qap/top_controllers/dre56_gen_0012,qap,500]
[[-5347307.316,-5316762.942,-5336023.788,-5309632.312,-5329841.756,-5321736.284,-5304379.556,-5306347.84,-5318199.726,-5307951.214,-5328067.452,-5325248.696,-5325900.046,-5334691.818,-5333605.48,-5319780.642,-5337133.192,-5332682.042,-5324637.384,-5327935.104],instances/qap/lipa70b.dat.dat,experiments/transfer_qap/top_controllers/dre56_gen_0012,qap,500]
[[-3199640.996,-3199016.22,-3200915.316,-3199953.812,-3200118.808,-3199172.54,-3200009.948,-3198954.588,-3199358.932,-3199662.936,-3199881.348,-3199916.152,-3199669.432,-3199702.608,-3200115.12,-3199601.988,-3199410.724,-3200277.004,-3200448.696,-3201444.908],instances/qap/tai40a.dat.dat,experiments/transfer_qap/top_controllers/dre56_gen_0012,qap,500]
[[-653956544.832,-651840926.05,-653683455.882,-653259780.4,-654332299.664,-654172731.684,-653122026.594,-653456289.454,-652986278.608,-653145960.956,-652893534.998,-652796898.38,-654328295.576,-653279302.028,-653448261.658,-654173176.516,-653415100.472,-653984094.256,-652940961.388,-653619778.486],instances/qap/tai40b.dat.dat,experiments/transfer_qap/top_controllers/dre56_gen_0012,qap,500]
[[-5040956.736,-5042154.572,-5041933.316,-5041995.788,-5041701.96,-5043667.576,-5041507.556,-5043922.264,-5043026.656,-5041642.936,-5041796.104,-5043155.852,-5041606.032,-5041725.052,-5042365.704,-5041384.636,-5043866.488,-5043052.632,-5041338.12,-5041514.076],instances/qap/tai50a.dat.dat,experiments/transfer_qap/top_controllers/dre56_gen_0012,qap,500]
[[-463551287.104,-463767114.564,-463306588.96,-464078524.272,-464093204.564,-463996863.956,-464074839.474,-464238623.128,-464045429.868,-464287641.78,-463875110.612,-463815632.66,-463622148.806,-463893551.918,-463598286.79,-463462814.066,-463762418.438,-463462680.554,-464055826.816,-463770652.95],instances/qap/tai50b.dat.dat,experiments/transfer_qap/top_controllers/dre56_gen_0012,qap,500]
[[-7355364.56,-7354613.876,-7356400.064,-7357286.996,-7359228.372,-7355578.152,-7354946.536,-7355662.016,-7356132.224,-7356782.268,-7354026.996,-7356453.208,-7356225.752,-7354533.088,-7355969.416,-7357448.388,-7354207.3,-7354903.508,-7356315.972,-7354852.592],instances/qap/tai60a.dat.dat,experiments/transfer_qap/top_controllers/dre56_gen_0012,qap,500]
[[-614787372.6,-614981464.048,-614932466.836,-615024781.974,-614515941.132,-614824606.606,-615194770.388,-615044861.98,-615143762.122,-615246608.898,-615427224.52,-614747007.062,-614622397.956,-614519754.032,-614566202.548,-614360940.966,-614984174.388,-614786358.482,-615147208.472,-614902760.41],instances/qap/tai60b.dat.dat,experiments/transfer_qap/top_controllers/dre56_gen_0012,qap,500]
[[-1283.688,-1285.512,-1282.436,-1284.624,-1280.3,-1277.448,-1288.94,-1286.308,-1285.776,-1282.264,-1283.344,-1289.592,-1281.136,-1280.932,-1282.356,-1279.672,-1279.932,-1282.088,-1276.14,-1279.608],instances/qap/dre42.dat.dat,experiments/transfer_qap/top_controllers/dre72_gen_0038,qap,500]
[[-1920.172,-1915.252,-1918.296,-1918.632,-1911.768,-1922.42,-1915.664,-1916.264,-1919.748,-1917.056,-1916.704,-1922.032,-1915.588,-1912.548,-1921.356,-1922.812,-1915.172,-1915.896,-1916.104,-1920.316],instances/qap/dre56.dat.dat,experiments/transfer_qap/top_controllers/dre72_gen_0038,qap,500]
[[-2628.296,-2623.476,-2614.436,-2615.236,-2622.104,-2614.668,-2608.436,-2613.224,-2624.108,-2620.928,-2615.132,-2617.728,-2616.512,-2628.524,-2619.58,-2610.648,-2616.712,-2615.684,-2620.832,-2619.648],instances/qap/dre72.dat.dat,experiments/transfer_qap/top_controllers/dre72_gen_0038,qap,500]
[[-62719.576,-62716.584,-62715.374,-62716.864,-62714.254,-62712.172,-62711.52,-62711.886,-62714.422,-62714.97,-62718.318,-62707.254,-62714.118,-62716.654,-62716.624,-62715.03,-62711.306,-62717.896,-62716.162,-62715.406],instances/qap/lipa50a.dat.dat,experiments/transfer_qap/top_controllers/dre72_gen_0038,qap,500]
[[-1371281.184,-1373267.668,-1368788.364,-1371616.558,-1369104.516,-1370695.382,-1372201.268,-1372872.848,-1369207.738,-1375169.224,-1381833.708,-1375508.036,-1364110.866,-1374714.74,-1375853.836,-1368333.802,-1371652.776,-1376276.23,-1373899.702,-1372085.774],instances/qap/lipa50b.dat.dat,experiments/transfer_qap/top_controllers/dre72_gen_0038,qap,500]
[[-108123.608,-108125.338,-108120.806,-108125.87,-108125.264,-108121.012,-108120.752,-108120.882,-108121.1,-108119.334,-108118.634,-108117.974,-108125.024,-108123.186,-108123.316,-108120.706,-108121.902,-108119.9,-108122.19,-108125.918],instances/qap/lipa60a.dat.dat,experiments/transfer_qap/top_controllers/dre72_gen_0038,qap,500]
[[-2955042.878,-2955327.958,-2949233.036,-2939231.148,-2945700.672,-2951196.636,-2954001.562,-2956367.948,-2954394.782,-2948435.498,-2949938.486,-2946862.698,-2948496.65,-2944627.468,-2961783.928,-2955457.482,-2949582.9,-2955563.85,-2952089.468,-2952798.418],instances/qap/lipa60b.dat.dat,experiments/transfer_qap/top_controllers/dre72_gen_0038,qap,500]
[[-170990.272,-170989.898,-170988.322,-170987.982,-170989.118,-170984.868,-170986.636,-170986.886,-170987.636,-170990.884,-170982.224,-170983.47,-170991.892,-170982.76,-170986.266,-170986.998,-170983.704,-170990.662,-170987.544,-170988.938],instances/qap/lipa70a.dat.dat,experiments/transfer_qap/top_controllers/dre72_gen_0038,qap,500]
[[-5417019.94,-5422251.924,-5408843.712,-5409116.896,-5415488.526,-5408570.98,-5428376.516,-5396473.328,-5414420.756,-5422535.486,-5420988.056,-5429408.032,-5422430.444,-5403372.916,-5426320.568,-5420884.838,-5417105.61,-5414800.368,-5423369.516,-5406805.376],instances/qap/lipa70b.dat.dat,experiments/transfer_qap/top_controllers/dre72_gen_0038,qap,500]
[[-3219326.54,-3219365.852,-3219339.924,-3218877.9,-3219336.42,-3218845.72,-3219415.844,-3220477.592,-3219472.172,-3218761.716,-3219012.988,-3218865.492,-3218812.056,-3220680.864,-3218847.5,-3218236.132,-3220517.324,-3218157.224,-3218788.908,-3219574.26],instances/qap/tai40a.dat.dat,experiments/transfer_qap/top_controllers/dre72_gen_0038,qap,500]
[[-679562083.454,-679078707.648,-678902179.488,-680909546.806,-678688288.476,-679088151.244,-677946531.13,-680791418.308,-677556482.626,-679802473.98,-679521568.986,-680509390.752,-678100925.928,-678275144.688,-678906309.354,-679094344.606,-680370471.458,-680459692.944,-678421727.548,-678644640.682],instances/qap/tai40b.dat.dat,experiments/transfer_qap/top_controllers/dre72_gen_0038,qap,500]
[[-477827079.214,-476659441.954,-475470694.396,-477014790.188,-476949191.43,-477007896.886,-477932825.996,-477427884.804,-476540624.488,-477222256.958,-476082674.308,-477052716.318,-477085485.84,-477002668.54,-477890095.928,-476470703.114,-475968181.362,-476323140.168,-477028124.922,-476883608.74],instances/qap/tai50b.dat.dat,experiments/transfer_qap/top_controllers/dre72_gen_0038,qap,500]
[[-7381096.576,-7385376.08,-7382466.08,-7383035.212,-7383511.576,-7384016.4,-7384779.196,-7380760.552,-7383952.016,-7382954.268,-7380522.62,-7382010.872,-7384313.048,-7382408.844,-7383672.524,-7382584.42,-7382544.424,-7382633.296,-7385157.024,-7382512.072],instances/qap/tai60a.dat.dat,experiments/transfer_qap/top_controllers/dre72_gen_0038,qap,500]
[[-5066528.172,-5067837.324,-5067169.712,-5065829.1,-5068771.14,-5065761.58,-5068582.868,-5068781.772,-5070952.78,-5070395.68,-5068948.592,-5068088.916,-5066341.396,-5068614.32,-5068912.8,-5066471.208,-5068168.068,-5068773.38,-5067693.84,-5069758.912],instances/qap/tai50a.dat.dat,experiments/transfer_qap/top_controllers/dre72_gen_0038,qap,500]
[[-633575992.424,-634683798.212,-634137005.072,-634166862.67,-632683614.72,-633883574.65,-633923457.164,-632670981.416,-633689052.024,-635041018.544,-633005886.268,-633332794.75,-632349620.42,-635810281.752,-632904362.516,-635207895.084,-635093948.412,-634681114.26,-634014418.468,-633991984.6],instances/qap/tai60b.dat.dat,experiments/transfer_qap/top_controllers/dre72_gen_0038,qap,500]
[[-1220.424,-1215.848,-1220.66,-1219.16,-1221.616,-1219.284,-1216.444,-1214.896,-1216.088,-1215.984,-1217.428,-1215.096,-1217.672,-1213.56,-1214.108,-1215.212,-1214.504,-1216.904,-1221.944,-1215.336],instances/qap/dre42.dat.dat,experiments/transfer_qap/top_controllers/lipa50a_gen_0016,qap,500]
[[-1953.528,-1948.204,-1950.252,-1949.76,-1949.516,-1945.832,-1953.504,-1947.704,-1951.528,-1948.176,-1951.54,-1947.668,-1951.26,-1946.152,-1950.496,-1947.476,-1945.536,-1949.808,-1953.512,-1947.716],instances/qap/dre56.dat.dat,experiments/transfer_qap/top_controllers/lipa50a_gen_0016,qap,500]
[[-2754.472,-2755,-2753.316,-2758.076,-2753.9,-2754.14,-2748.992,-2752.944,-2753.044,-2756.536,-2752.576,-2755.108,-2756.308,-2755.228,-2755.112,-2753.416,-2754.856,-2761.228,-2757.652,-2755.364],instances/qap/dre72.dat.dat,experiments/transfer_qap/top_controllers/lipa50a_gen_0016,qap,500]
[[-62543.996,-62558.142,-62563.024,-62556.822,-62554.534,-62561.06,-62562.744,-62554.94,-62559.562,-62548.03,-62548.446,-62538.298,-62557.12,-62566.896,-62546.334,-62555.468,-62557.91,-62541.07,-62560.382,-62542.66],instances/qap/lipa50a.dat.dat,experiments/transfer_qap/top_controllers/lipa50a_gen_0016,qap,500]
[[-1210244,-1211054.694,-1210646.562,-1211044.56,-1211042.648,-1211454.246,-1210244,-1210244,-1210647.674,-1210635.53,-1211451.27,-1211448.356,-1211030.62,-1210244,-1210637.284,-1210633.186,-1211016.818,-1210649.684,-1210430.066,-1210244],instances/qap/lipa50b.dat.dat,experiments/transfer_qap/top_controllers/lipa50a_gen_0016,qap,500]
[[-108113.25,-108112.82,-108111,-108116.992,-108114.296,-108118.706,-108114.1,-108118.406,-108116.966,-108114.802,-108116.136,-108113.212,-108116.968,-108113.806,-108114.94,-108117.23,-108116.468,-108114.426,-108114.7,-108114.56],instances/qap/lipa60a.dat.dat,experiments/transfer_qap/top_controllers/lipa50a_gen_0016,qap,500]
[[-2769636.668,-2760222.106,-2763454.034,-2785741.96,-2794058.418,-2782958.272,-2782959.69,-2771561.3,-2782561.55,-2794414.084,-2791850.886,-2781175.268,-2792935.426,-2793492.986,-2786610.412,-2770423.316,-2783691.768,-2783964.392,-2758228,-2788236.338],instances/qap/lipa60b.dat.dat,experiments/transfer_qap/top_controllers/lipa50a_gen_0016,qap,500]
[[-171054.258,-171053.056,-171056.938,-171053.454,-171053.24,-171046.962,-171051.868,-171055.308,-171054.302,-171060.03,-171053.568,-171051.484,-171054.042,-171051.99,-171054.346,-171059.182,-171050.594,-171051.512,-171051.344,-171052.86],instances/qap/lipa70a.dat.dat,experiments/transfer_qap/top_controllers/lipa50a_gen_0016,qap,500]
[[-5161952.238,-5172547.414,-5175696.07,-5179840.724,-5181971.932,-5193276.492,-5190485.604,-5200571.932,-5166431.888,-5205381.026,-5211347.616,-5175105.538,-5187529.794,-5193915.022,-5205934.064,-5174020.114,-5194539.108,-5199959.786,-5172238.888,-5196790.33],instances/qap/lipa70b.dat.dat,experiments/transfer_qap/top_controllers/lipa50a_gen_0016,qap,500]
[[-3185405.304,-3184603.644,-3183897.28,-3184763.572,-3184835.16,-3184009.416,-3185187.752,-3184739.044,-3185317.728,-3184487.552,-3185566.384,-3185111.42,-3184686.52,-3184259.2,-3184844.504,-3185005.364,-3184632.436,-3184224.656,-3185383.708,-3184923.732],instances/qap/tai40a.dat.dat,experiments/transfer_qap/top_controllers/lipa50a_gen_0016,qap,500]
[[-640741021.486,-640438125.57,-640823104.046,-640656835.002,-640313848.504,-640537754.74,-640537659.436,-640860256.668,-640188971.358,-640149095.51,-640324402.594,-640357312.756,-640517994.258,-640056071.932,-640751236.61,-641078140.248,-640493795.622,-640193499.628,-640620555.83,-641067179.466],instances/qap/tai40b.dat.dat,experiments/transfer_qap/top_controllers/lipa50a_gen_0016,qap,500]
[[-5041707.072,-5039163.004,-5039396.088,-5039932.508,-5040132.072,-5039413.308,-5040890.844,-5040259.336,-5040256.116,-5040471.452,-5040340.796,-5041860.524,-5041246.1,-5040489.564,-5039733.796,-5039915.432,-5040502.996,-5040051.744,-5040625.588,-5040062.812],instances/qap/tai50a.dat.dat,experiments/transfer_qap/top_controllers/lipa50a_gen_0016,qap,500]
[[-460074248.228,-460108249.038,-459989434.318,-460070332.696,-460073887.742,-460147583.16,-460051194.048,-460076754.144,-460150767.338,-459978202.37,-459975149.36,-459994630.304,-460053021.728,-460088655.07,-459998324.504,-460103176.352,-460187336.4,-460108240.874,-460189202.676,-460054317.664],instances/qap/tai50b.dat.dat,experiments/transfer_qap/top_controllers/lipa50a_gen_0016,qap,500]
[[-7375421.188,-7375027.336,-7376003.748,-7373736.48,-7376595.632,-7374634.148,-7374358.016,-7374426.348,-7373287.172,-7372547.356,-7375315.76,-7372968.476,-7373663.892,-7373309.476,-7374279.16,-7373278.504,-7374040.304,-7372886.428,-7372937.196,-7374267.66],instances/qap/tai60a.dat.dat,experiments/transfer_qap/top_controllers/lipa50a_gen_0016,qap,500]
[[-611315899.322,-611033432.112,-611025605.526,-611225569.474,-611257126.038,-611214473.552,-611216763.236,-611048952.326,-610934091.66,-611133598.388,-611051753.544,-611367679.64,-611236852.762,-611143432.988,-611173333.1,-611070758.452,-611106810.386,-611181381.588,-611310744.214,-611094917.138],instances/qap/tai60b.dat.dat,experiments/transfer_qap/top_controllers/lipa50a_gen_0016,qap,500]
[[-1265.24,-1265.948,-1264.576,-1264.936,-1264.388,-1263.508,-1262.6,-1264.004,-1260.776,-1266.736,-1264.952,-1265.872,-1261.588,-1264.852,-1265.164,-1266.516,-1265.688,-1264.048,-1262.16,-1265.088],instances/qap/dre42.dat.dat,experiments/transfer_qap/top_controllers/lipa50b_gen_0001,qap,500]
[[-2050.852,-2048.592,-2050.152,-2051.308,-2049.032,-2049.604,-2051.22,-2048.62,-2051.92,-2049.6,-2047.436,-2049.176,-2049.016,-2051.204,-2049.032,-2048.244,-2048.316,-2051.944,-2048.724,-2048.084],instances/qap/dre56.dat.dat,experiments/transfer_qap/top_controllers/lipa50b_gen_0001,qap,500]
[[-2922.836,-2926.304,-2925.656,-2927.056,-2926.308,-2925.764,-2921.752,-2924.312,-2925.316,-2923.092,-2925.42,-2924.204,-2925.624,-2924.596,-2925.532,-2928.292,-2926.504,-2924.236,-2924.544,-2925.352],instances/qap/dre72.dat.dat,experiments/transfer_qap/top_controllers/lipa50b_gen_0001,qap,500]
[[-62724.016,-62725.056,-62724.65,-62726.68,-62726.114,-62725.646,-62728.026,-62725.286,-62724.428,-62724.312,-62725.824,-62722.706,-62728.882,-62724.088,-62726.036,-62726.224,-62725.252,-62728.518,-62727.156,-62725.516],instances/qap/lipa50a.dat.dat,experiments/transfer_qap/top_controllers/lipa50b_gen_0001,qap,500]
[[-1218065.928,-1213083.506,-1213799.56,-1215098.264,-1213571.782,-1215760.93,-1216270.864,-1215270.798,-1215339.852,-1212606.344,-1218730.434,-1216884.376,-1216742.632,-1215558.094,-1213196.158,-1214347.41,-1216329.178,-1218583.23,-1218477.974,-1215619.114],instances/qap/lipa50b.dat.dat,experiments/transfer_qap/top_controllers/lipa50b_gen_0001,qap,500]
[[-108206.832,-108208.168,-108206.422,-108205.55,-108206.348,-108203.37,-108203.532,-108205.796,-108204.256,-108203.276,-108204.344,-108205.244,-108205.806,-108206.346,-108204.476,-108205.506,-108204.976,-108205.434,-108205.05,-108205.216],instances/qap/lipa60a.dat.dat,experiments/transfer_qap/top_controllers/lipa50b_gen_0001,qap,500]
[[-2977793.562,-2976024.92,-2978812.516,-2980343.91,-2977145.954,-2973351.322,-2973602.436,-2982274.592,-2975751.16,-2979592.792,-2976905.264,-2981651.776,-2970440.458,-2974878.71,-2975093.872,-2976459.79,-2979692.604,-2981196.58,-2971820.604,-2974616.784],instances/qap/lipa60b.dat.dat,experiments/transfer_qap/top_controllers/lipa50b_gen_0001,qap,500]
[[-171147.176,-171145.344,-171145.792,-171145.158,-171146.886,-171148.09,-171148.726,-171146.976,-171146.498,-171147.45,-171146.998,-171146.278,-171146.216,-171147.57,-171147.036,-171145.418,-171144.81,-171144.64,-171145.356,-171145.93],instances/qap/lipa70a.dat.dat,experiments/transfer_qap/top_controllers/lipa50b_gen_0001,qap,500]
[[-5507860.504,-5507498.528,-5503871.058,-5508402.688,-5504938.056,-5511019.798,-5505511.03,-5508136.16,-5507513.802,-5500839.076,-5501680.148,-5504566.174,-5502408.432,-5506113.252,-5504645.482,-5510710.198,-5506744.872,-5506993.232,-5503751.602,-5508418.28],instances/qap/lipa70b.dat.dat,experiments/transfer_qap/top_controllers/lipa50b_gen_0001,qap,500]
[[-3200768.564,-3201081.516,-3200247.744,-3200666.644,-3201134.056,-3201260.46,-3200620.66,-3200660.196,-3200256.256,-3200907.76,-3200854.364,-3200675.436,-3201170.432,-3200663.9,-3200942.052,-3200335.456,-3200868.124,-3200533.952,-3200873.772,-3201603.06],instances/qap/tai40a.dat.dat,experiments/transfer_qap/top_controllers/lipa50b_gen_0001,qap,500]
[[-647369448.032,-646555739.158,-647519392.316,-647037171.556,-647565752.306,-647518448.826,-646427302.564,-647477330.982,-647660644.434,-647136562.618,-648218002.498,-646582171.43,-647571032.572,-646864857.284,-646481103.346,-647694058.364,-646856795.786,-647116686.834,-647972821.614,-647985666.684],instances/qap/tai40b.dat.dat,experiments/transfer_qap/top_controllers/lipa50b_gen_0001,qap,500]
[[-5066610.388,-5067267.368,-5067842.988,-5067094.516,-5066887.3,-5066466.768,-5066464.996,-5066854.544,-5065806.672,-5066585.44,-5066291.612,-5066562.992,-5066043.124,-5066299.944,-5066689.948,-5066399.84,-5066382.092,-5066204.288,-5066369.676,-5066896.764],instances/qap/tai50a.dat.dat,experiments/transfer_qap/top_controllers/lipa50b_gen_0001,qap,500]
[[-467390501.12,-467545346.222,-467288728.782,-467802829.068,-467717346.08,-467243674.89,-467610685.314,-467337679.862,-467415562.782,-467559029.612,-467412854.81,-467402743.936,-467518772.044,-467136135.048,-467639964.022,-467560807.376,-467394751.144,-467401464.972,-467300589.236,-467564926.858],instances/qap/tai50b.dat.dat,experiments/transfer_qap/top_controllers/lipa50b_gen_0001,qap,500]
[[-7418766.432,-7418488.732,-7419402.452,-7418025.828,-7418989.048,-7419802.18,-7419224.676,-7419392.776,-7418030.068,-7418539.504,-7419002.012,-7420705.916,-7418712.408,-7419605.708,-7419271.264,-7418385.552,-7419342.316,-7418956.34,-7418720.352,-7418656.88],instances/qap/tai60a.dat.dat,experiments/transfer_qap/top_controllers/lipa50b_gen_0001,qap,500]
[[-626459959.128,-626270153.742,-626513620.73,-626366432.928,-626339322.22,-626151885.44,-626433597.702,-625703556.656,-626441215.324,-627087201.13,-626104448.34,-626241625.536,-626130212.162,-626293387.796,-626515869.772,-626256088.448,-626137651.846,-626261451.444,-625966560.878,-626185228.818],instances/qap/tai60b.dat.dat,experiments/transfer_qap/top_controllers/lipa50b_gen_0001,qap,500]
[[-1187.808,-1189.644,-1183.528,-1185.064,-1188.4,-1185.304,-1184.692,-1185.184,-1184.928,-1178.296,-1188.216,-1187.016,-1187.932,-1184.608,-1191.3,-1184.06,-1189.972,-1186.216,-1186.336,-1189.964],instances/qap/dre42.dat.dat,experiments/transfer_qap/top_controllers/lipa60a_gen_0080,qap,500]
[[-1810.172,-1805.528,-1805.2,-1809.068,-1810.672,-1815.804,-1812.736,-1808.044,-1815.988,-1809.068,-1813.532,-1813.28,-1809.04,-1810.348,-1806.376,-1812.512,-1808.892,-1812.492,-1804.396,-1809.64],instances/qap/dre56.dat.dat,experiments/transfer_qap/top_controllers/lipa60a_gen_0080,qap,500]
[[-2663.956,-2670.752,-2674.364,-2673.04,-2668.292,-2672.696,-2663.3,-2674.008,-2664.328,-2669.2,-2670.788,-2665.888,-2671.324,-2669.184,-2672.12,-2665.772,-2667.292,-2666.428,-2669.564,-2667.048],instances/qap/dre72.dat.dat,experiments/transfer_qap/top_controllers/lipa60a_gen_0080,qap,500]
[[-62659.122,-62656.294,-62660.45,-62654.752,-62646.162,-62649.438,-62647.888,-62659.844,-62651.158,-62662.942,-62659.858,-62657.148,-62657.952,-62653.036,-62659.632,-62649.784,-62656.804,-62658.976,-62649.994,-62654.156],instances/qap/lipa50a.dat.dat,experiments/transfer_qap/top_controllers/lipa60a_gen_0080,qap,500]
[[-1338564.008,-1336855.81,-1330874.182,-1342624.446,-1336665.864,-1342602.772,-1338855.61,-1331566.372,-1336488.658,-1330158.564,-1331907.146,-1337178.062,-1340563.792,-1341431.478,-1338216.656,-1333747.348,-1332619.152,-1342059.348,-1337729.912,-1337744.93],instances/qap/lipa50b.dat.dat,experiments/transfer_qap/top_controllers/lipa60a_gen_0080,qap,500]
[[-108073.592,-108069.9,-108072.292,-108071.656,-108073.486,-108066.722,-108064.942,-108072.458,-108074.668,-108071.798,-108068.982,-108068.564,-108068.204,-108073.884,-108068.65,-108069.198,-108072.428,-108064.998,-108072.472,-108074.464],instances/qap/lipa60a.dat.dat,experiments/transfer_qap/top_controllers/lipa60a_gen_0080,qap,500]
[[-2909439.406,-2911846.234,-2909738.78,-2900372.052,-2906907.978,-2915731.62,-2902053.532,-2915704.83,-2903323.334,-2907186.084,-2910074.922,-2912541.396,-2906590.146,-2911117.51,-2914332.966,-2893199.694,-2916001.116,-2921846.934,-2920349.906,-2915446.86],instances/qap/lipa60b.dat.dat,experiments/transfer_qap/top_controllers/lipa60a_gen_0080,qap,500]
[[-170967.148,-170968.366,-170973.908,-170966.622,-170972.312,-170970.592,-170968.202,-170970.028,-170970.206,-170969.01,-170967.186,-170968.338,-170967.846,-170966.87,-170965.776,-170971.292,-170972.906,-170971.434,-170970.786,-170967.222],instances/qap/lipa70a.dat.dat,experiments/transfer_qap/top_controllers/lipa60a_gen_0080,qap,500]
[[-5363097.556,-5370556.84,-5363497.154,-5360754.19,-5371863.948,-5352362.87,-5360392.75,-5343094.722,-5370810.13,-5338374.836,-5356665.176,-5351447.258,-5365672.116,-5341970.23,-5347042.31,-5367193.678,-5362572.24,-5371859.68,-5376149.864,-5366143.506],instances/qap/lipa70b.dat.dat,experiments/transfer_qap/top_controllers/lipa60a_gen_0080,qap,500]
[[-3202246.392,-3203163.492,-3203413.728,-3203214.724,-3203251.716,-3202545.788,-3202389.052,-3202561.74,-3202446.816,-3203000.468,-3203066.224,-3202940.564,-3201825.72,-3202684.048,-3202204.228,-3203321.544,-3202683.404,-3202161.32,-3203111.424,-3203251.124],instances/qap/tai40a.dat.dat,experiments/transfer_qap/top_controllers/lipa60a_gen_0080,qap,500]
[[-668276522.2,-667706862.698,-668995932.16,-668723516.076,-668609835.118,-668305926.154,-667803825.482,-668395250.496,-668976338.174,-668100088.958,-668583084.576,-668520717.204,-666584348.894,-668160446.248,-668016195.958,-668392145.612,-668360209.838,-667986756.424,-667527671.088,-667380251.268],instances/qap/tai40b.dat.dat,experiments/transfer_qap/top_controllers/lipa60a_gen_0080,qap,500]
[[-5041848.684,-5042921.32,-5041284.472,-5043676.492,-5041489.808,-5041702.332,-5042482.892,-5042739.72,-5042010.116,-5041548.5,-5041330.468,-5041811.72,-5042718.816,-5042446.96,-5042297.252,-5042883.436,-5042816.476,-5043941.944,-5042176.624,-5041874.732],instances/qap/tai50a.dat.dat,experiments/transfer_qap/top_controllers/lipa60a_gen_0080,qap,500]
[[-471699226.796,-470993245.374,-471057872.546,-471020661.782,-470477205.634,-470435422.066,-471174280.892,-471362837.316,-470919696.454,-470608422.36,-470378525.872,-470172003.804,-471092983.508,-470866708.168,-470522576.406,-470834947.07,-470751301.468,-470744794.1,-470690241.342,-470228183.48],instances/qap/tai50b.dat.dat,experiments/transfer_qap/top_controllers/lipa60a_gen_0080,qap,500]
[[-7346964.572,-7349625.404,-7347926.148,-7349255.372,-7347700.008,-7349238.388,-7348964.292,-7346738.792,-7346678.676,-7347138.204,-7349272.148,-7348212.168,-7349380.068,-7348126.704,-7350112.256,-7350925.444,-7348610.988,-7349031.94,-7349278.064,-7349061.084],instances/qap/tai60a.dat.dat,experiments/transfer_qap/top_controllers/lipa60a_gen_0080,qap,500]
[[-625083672.35,-625800381.938,-624256370.086,-626312782.484,-625439109.532,-624616611.288,-624706456.43,-624928160.474,-624977416.096,-624993494.47,-625821985.158,-624554035.082,-625880370.14,-625354623.662,-624247530.432,-624574486.774,-625032388.33,-624121655.84,-625850276.348,-625064763.498],instances/qap/tai60b.dat.dat,experiments/transfer_qap/top_controllers/lipa60a_gen_0080,qap,500]
[[-1253.524,-1256.352,-1254.572,-1255.776,-1254.668,-1257.748,-1257.772,-1253.6,-1257.82,-1253.68,-1252.776,-1257.12,-1253.596,-1253.448,-1253.544,-1257.364,-1254.936,-1258.124,-1255.812,-1256.484],instances/qap/dre42.dat.dat,experiments/transfer_qap/top_controllers/lipa60b_gen_0005,qap,500]
[[-1998.44,-1995.628,-1995.824,-2001.348,-1998.764,-2001.196,-1998.508,-1997.852,-1998.504,-1998.004,-1997.264,-1992.556,-1995.392,-1996.196,-1998.924,-1996.028,-2000.444,-1998.516,-1998.596,-2004.4],instances/qap/dre56.dat.dat,experiments/transfer_qap/top_controllers/lipa60b_gen_0005,qap,500]
[[-2793.52,-2786.888,-2786.86,-2786.168,-2789.628,-2783.42,-2791.448,-2787.688,-2785.956,-2785.504,-2787.704,-2783.464,-2791.596,-2791.948,-2782.616,-2786.632,-2783.256,-2789.02,-2787.412,-2795.8],instances/qap/dre72.dat.dat,experiments/transfer_qap/top_controllers/lipa60b_gen_0005,qap,500]
[[-62660.42,-62641.914,-62646.192,-62650.704,-62652.956,-62648.522,-62643.658,-62665.164,-62636.334,-62638.47,-62644.694,-62655.804,-62640.526,-62656.256,-62647.848,-62645.632,-62648.198,-62653.528,-62651.56,-62641.414],instances/qap/lipa50a.dat.dat,experiments/transfer_qap/top_controllers/lipa60b_gen_0005,qap,500]
[[-1214545.004,-1214452.304,-1215684.8,-1213532.672,-1214964.074,-1215711.342,-1213692.032,-1213896.482,-1215800.304,-1215119.75,-1214373.87,-1214156.028,-1213334.656,-1215381.296,-1214218.834,-1214836.09,-1213753.334,-1215954.66,-1215920.642,-1215562.988],instances/qap/lipa50b.dat.dat,experiments/transfer_qap/top_controllers/lipa60b_gen_0005,qap,500]
[[-108133.938,-108134.564,-108131.314,-108136.818,-108132.87,-108136.518,-108131.508,-108128.914,-108130.848,-108133.894,-108131.952,-108137.642,-108136.614,-108135.586,-108134.01,-108134.554,-108128.64,-108132.434,-108132.006,-108135.81],instances/qap/lipa60a.dat.dat,experiments/transfer_qap/top_controllers/lipa60b_gen_0005,qap,500]
[[-2666267.358,-2671703.904,-2650999.086,-2664470.312,-2639363.832,-2647739.248,-2650462.352,-2660099.434,-2650245.74,-2676365.326,-2666486.66,-2651578.296,-2660503.982,-2653048.766,-2631469.496,-2653398.564,-2667859.878,-2652348.572,-2646855.488,-2645405.068],instances/qap/lipa60b.dat.dat,experiments/transfer_qap/top_controllers/lipa60b_gen_0005,qap,500]
[[-171057.036,-171054.53,-171056.736,-171058.022,-171057.7,-171054.754,-171055.95,-171060.732,-171055.718,-171053.09,-171054.408,-171056.308,-171054.872,-171057.672,-171057.15,-171055.516,-171058.162,-171059.122,-171056.68,-171056.716],instances/qap/lipa70a.dat.dat,experiments/transfer_qap/top_controllers/lipa60b_gen_0005,qap,500]
[[-5127648.706,-5144477.67,-5122351.016,-5150194.512,-5130444.22,-5154060.318,-5139802.248,-5153522.578,-5176423.434,-5141309.214,-5144044.492,-5118236.564,-5155020.422,-5169524.394,-5113934.248,-5160647.54,-5132530.854,-5128809.096,-5150273.768,-5148944.538],instances/qap/lipa70b.dat.dat,experiments/transfer_qap/top_controllers/lipa60b_gen_0005,qap,500]
[[-3199539.292,-3199434.988,-3199836.232,-3200049.604,-3200188.932,-3200558.972,-3200000.716,-3199489.324,-3199994.328,-3201214.512,-3200067.316,-3199773.924,-3199935.196,-3199932.24,-3199651.82,-3199945.08,-3199275.288,-3200365.244,-3199031.316,-3200147.432],instances/qap/tai40a.dat.dat,experiments/transfer_qap/top_controllers/lipa60b_gen_0005,qap,500]
[[-638575964.89,-638854685.124,-639104350.458,-639178105.914,-639275243.22,-638844616.64,-638774424.076,-638655948.834,-639290612.85,-638851384.146,-639031590.046,-638990716.662,-638932520.06,-638593343.416,-638754163.936,-638910423.362,-639113737.408,-639065796.418,-639080988.272,-639181610.266],instances/qap/tai40b.dat.dat,experiments/transfer_qap/top_controllers/lipa60b_gen_0005,qap,500]
[[-5055922.528,-5056244.32,-5056332.736,-5057463.044,-5056248.972,-5058684.076,-5056802.312,-5056881.976,-5057119.612,-5057919.932,-5056832.64,-5058307.328,-5056308.164,-5056284.536,-5056814.528,-5056222.156,-5057365.48,-5056746.14,-5057689.768,-5056553.776],instances/qap/tai50a.dat.dat,experiments/transfer_qap/top_controllers/lipa60b_gen_0005,qap,500]
[[-461154127.594,-461244871.508,-461259632.538,-461192675.364,-461235839.01,-461169092.978,-461048715.394,-461140541.394,-461159161.744,-461186260.58,-461362548.406,-461117213.588,-461272548.752,-461249974.608,-461148098.03,-461191716.618,-461235169.364,-461222336.406,-461319799.408,-461097754.88],instances/qap/tai50b.dat.dat,experiments/transfer_qap/top_controllers/lipa60b_gen_0005,qap,500]
[[-7384768.568,-7384802,-7386098.532,-7383009.532,-7385217.068,-7383624.924,-7384281.592,-7385856.936,-7385272.496,-7385991.572,-7385501.48,-7385412.568,-7384593.112,-7385446.76,-7387058.188,-7385957.608,-7386774.048,-7385731.004,-7385189.544,-7384662.16],instances/qap/tai60a.dat.dat,experiments/transfer_qap/top_controllers/lipa60b_gen_0005,qap,500]
[[-614064163.622,-614104214.43,-614027336.472,-614228187.606,-614019268.904,-614282880.436,-614161830.962,-613899425.252,-614324246.524,-614555122.254,-614352665.056,-614233684.084,-614211128.228,-613996992.916,-614458329.192,-614413626.864,-614540376.814,-614168495.896,-614196235.686,-614690144.382],instances/qap/tai60b.dat.dat,experiments/transfer_qap/top_controllers/lipa60b_gen_0005,qap,500]
[[-1211.96,-1218.572,-1217.396,-1215.284,-1219.4,-1210.068,-1216.172,-1216.088,-1215.116,-1212.704,-1211.448,-1218.828,-1214.028,-1216.012,-1210.7,-1213.644,-1210.764,-1216.98,-1220.716,-1217.116],instances/qap/dre42.dat.dat,experiments/transfer_qap/top_controllers/lipa70a_gen_0013,qap,500]
[[-1835.548,-1823.66,-1830.588,-1830.612,-1824.656,-1836.052,-1828.22,-1829.22,-1835.096,-1830.172,-1833.228,-1829.528,-1829.004,-1834.668,-1831.484,-1828.996,-1830.032,-1827.7,-1829.764,-1834.9],instances/qap/dre56.dat.dat,experiments/transfer_qap/top_controllers/lipa70a_gen_0013,qap,500]
[[-2641.744,-2643.916,-2633.132,-2640.184,-2639.012,-2641.644,-2637.744,-2639.144,-2631.336,-2632.608,-2634.484,-2631.952,-2638.548,-2640.208,-2636.176,-2637.808,-2637.748,-2632.956,-2645.816,-2636.076],instances/qap/dre72.dat.dat,experiments/transfer_qap/top_controllers/lipa70a_gen_0013,qap,500]
[[-62667.796,-62677.418,-62680.42,-62675.456,-62674.504,-62670.204,-62674.982,-62670.726,-62670.666,-62676.274,-62670.7,-62673.528,-62658.934,-62666.676,-62670.358,-62671.442,-62672.15,-62673.504,-62673.082,-62673.08],instances/qap/lipa50a.dat.dat,experiments/transfer_qap/top_controllers/lipa70a_gen_0013,qap,500]
[[-1327750.224,-1325426.318,-1334049.628,-1324296.134,-1338027.178,-1323580.954,-1329747.67,-1324100.808,-1318677.724,-1324628.968,-1322467.756,-1317470.926,-1325753.924,-1336623.638,-1335088.002,-1326317.81,-1327484.496,-1328218.73,-1326871.888,-1319034.242],instances/qap/lipa50b.dat.dat,experiments/transfer_qap/top_controllers/lipa70a_gen_0013,qap,500]
[[-108074.11,-108069.726,-108078.284,-108072.608,-108076.758,-108077.618,-108081.668,-108076.212,-108072.448,-108072.936,-108075.384,-108078.792,-108076.808,-108075.568,-108077.598,-108074.258,-108080.424,-108074.36,-108075.12,-108073.226],instances/qap/lipa60a.dat.dat,experiments/transfer_qap/top_controllers/lipa70a_gen_0013,qap,500]
[[-2907797.176,-2913951.898,-2911471.246,-2919650.53,-2917093.696,-2899933.698,-2910279.384,-2909957.53,-2911991.594,-2901902.428,-2915545.814,-2911840.52,-2909593.126,-2928632.526,-2910280.032,-2908514.252,-2921793.326,-2911567.64,-2913107.022,-2911037.178],instances/qap/lipa60b.dat.dat,experiments/transfer_qap/top_controllers/lipa70a_gen_0013,qap,500]
[[-170984.5,-170979.766,-170979.748,-170978.796,-170978.662,-170981.084,-170976.008,-170979.312,-170977.498,-170977.162,-170982.592,-170975.736,-170978.386,-170981.62,-170981.168,-170979.376,-170977.752,-170977.418,-170976.326,-170979.336],instances/qap/lipa70a.dat.dat,experiments/transfer_qap/top_controllers/lipa70a_gen_0013,qap,500]
[[-5353927.316,-5347115.886,-5325859.464,-5350220.654,-5335408.394,-5348299.786,-5349594.308,-5350540.158,-5356264.022,-5345602.536,-5341285.406,-5312820.596,-5344627.416,-5350917.242,-5336083.556,-5341005.04,-5354653.14,-5350233.812,-5337987.14,-5334492.102],instances/qap/lipa70b.dat.dat,experiments/transfer_qap/top_controllers/lipa70a_gen_0013,qap,500]
[[-3207476.552,-3205418.536,-3206010.748,-3206759.884,-3208039.408,-3206965.232,-3207189.58,-3206673,-3207030.184,-3206456.056,-3205705.992,-3206210.9,-3205822.076,-3205858.232,-3206162.008,-3206756.484,-3205925.536,-3206437.548,-3206830.812,-3207183.988],instances/qap/tai40a.dat.dat,experiments/transfer_qap/top_controllers/lipa70a_gen_0013,qap,500]
[[-654953075.388,-656013699.352,-655665119.36,-655524626.798,-655966103.342,-654672794.556,-654408541.656,-655697334.598,-655989355.754,-656221061.17,-656183281.664,-657025571.032,-654493380.414,-655640755.862,-656339764.334,-655477058.174,-656281564.148,-656738005.076,-655171595.9,-654969673.172],instances/qap/tai40b.dat.dat,experiments/transfer_qap/top_controllers/lipa70a_gen_0013,qap,500]
[[-5048544.324,-5048759.236,-5046946.728,-5049411.456,-5049661.456,-5048546.42,-5050429.448,-5047687.92,-5048485.192,-5049659.536,-5048070.256,-5049710.928,-5048397.676,-5048071.984,-5047286.836,-5048538.636,-5048205.3,-5049193.904,-5046116.28,-5048372.624],instances/qap/tai50a.dat.dat,experiments/transfer_qap/top_controllers/lipa70a_gen_0013,qap,500]
[[-464658135.642,-464108647.926,-464770823.2,-464323518.22,-464400944.174,-464165504.862,-464046847.068,-464615815.696,-464371506.02,-464624303.144,-464428028.878,-464618419.738,-464738455.982,-464595260.486,-464591883.802,-464560132.266,-464492253.932,-464427795.288,-464179063.37,-464398697.43],instances/qap/tai50b.dat.dat,experiments/transfer_qap/top_controllers/lipa70a_gen_0013,qap,500]
[[-7354749.492,-7354965.54,-7353098.708,-7355867.724,-7353124.676,-7356243.672,-7353501.788,-7354752.532,-7352512.04,-7355596.608,-7355609.788,-7357099.128,-7353562.708,-7355393.816,-7353709.284,-7356548.512,-7353979.284,-7356711.696,-7354260.256,-7355016.308],instances/qap/tai60a.dat.dat,experiments/transfer_qap/top_controllers/lipa70a_gen_0013,qap,500]
[[-614604717.374,-614368303.878,-614745586.576,-615271770.056,-614460856.458,-614911348.532,-614889487.27,-614364409.832,-614858843.726,-614399725.7,-614023088.758,-614838112.042,-614557344.746,-613931739.878,-614132522.856,-614195693.39,-614731902.906,-613996531.612,-614789163.126,-614742648.296],instances/qap/tai60b.dat.dat,experiments/transfer_qap/top_controllers/lipa70a_gen_0013,qap,500]
[[-1242.284,-1240.86,-1243.336,-1243.32,-1242.628,-1242.724,-1241.7,-1243.672,-1241.648,-1238.228,-1240.216,-1238.896,-1244.26,-1239.7,-1242.704,-1240.952,-1241.732,-1241.68,-1238.464,-1243.876],instances/qap/dre42.dat.dat,experiments/transfer_qap/top_controllers/lipa70b_gen_0283,qap,500]
[[-2007.152,-2014.46,-2016.04,-2011.04,-1998.576,-2001.736,-1998.968,-2002.912,-1995.156,-1999.296,-1995.608,-1997.724,-2001.772,-1994.504,-2003.484,-1998.424,-1996.5,-2004.34,-1999.64,-1998.964],instances/qap/dre56.dat.dat,experiments/transfer_qap/top_controllers/lipa70b_gen_0283,qap,500]
[[-2807.352,-2812.692,-2814.544,-2810.324,-2806.144,-2816.308,-2809.932,-2811.288,-2811.096,-2813.624,-2804.808,-2809.244,-2816.044,-2810.784,-2810.704,-2802.348,-2810.548,-2811.3,-2811.66,-2812.556],instances/qap/dre72.dat.dat,experiments/transfer_qap/top_controllers/lipa70b_gen_0283,qap,500]
[[-62625.946,-62610.38,-62623.928,-62603.35,-62627,-62620.482,-62623.672,-62628.326,-62610.526,-62610.318,-62635.756,-62619.026,-62611.672,-62599.328,-62613.094,-62614.838,-62610.514,-62603.116,-62610.46,-62615.132],instances/qap/lipa50a.dat.dat,experiments/transfer_qap/top_controllers/lipa70b_gen_0283,qap,500]
[[-1210650.008,-1210633.97,-1211014.376,-1211457.534,-1210658.074,-1211459.332,-1211106.118,-1210640.656,-1211460.402,-1211061.254,-1211889.956,-1211062.332,-1211327.42,-1211440.226,-1210644.264,-1211037.738,-1210654.512,-1211457.802,-1210654.836,-1210244],instances/qap/lipa50b.dat.dat,experiments/transfer_qap/top_controllers/lipa70b_gen_0283,qap,500]
[[-108121.524,-108133.428,-108127.508,-108130.34,-108132.356,-108124.092,-108125.884,-108131.536,-108131.692,-108128.77,-108129.55,-108131.542,-108133.594,-108127.362,-108130.456,-108128.136,-108126.166,-108123.36,-108124.892,-108111.65],instances/qap/lipa60a.dat.dat,experiments/transfer_qap/top_controllers/lipa70b_gen_0283,qap,500]
[[-2666111.562,-2685410.336,-2695916.228,-2684535.198,-2688908.704,-2685937.104,-2687637.072,-2668290.772,-2675883.598,-2681725.504,-2690518.422,-2685691.84,-2684076.094,-2678286.778,-2674729.562,-2681492.524,-2678158.808,-2666894.372,-2705369.348,-2691517.382],instances/qap/lipa60b.dat.dat,experiments/transfer_qap/top_controllers/lipa70b_gen_0283,qap,500]
[[-171063.384,-171065.75,-171065.898,-171061.456,-171067.766,-171065.334,-171066.524,-171065.302,-171061.94,-171067.91,-171063.508,-171060.82,-171066.776,-171065.17,-171065.314,-171064.518,-171064.934,-171060.774,-171065.812,-171064.104],instances/qap/lipa70a.dat.dat,experiments/transfer_qap/top_controllers/lipa70b_gen_0283,qap,500]
[[-4935983.194,-4982458.076,-4977051.436,-4969473.112,-4939851.512,-4954289.804,-4948126.872,-4964334.506,-4948834.646,-4928839.416,-4963979.354,-4933099.902,-4972648.474,-4940862.632,-4966666.148,-4947306.848,-4950037.44,-4958243.926,-4979021.606,-4971719.232],instances/qap/lipa70b.dat.dat,experiments/transfer_qap/top_controllers/lipa70b_gen_0283,qap,500]
[[-3194464.608,-3195120.132,-3194420.844,-3194635.812,-3195059.456,-3195580.172,-3195210.496,-3195537.296,-3195010.432,-3194933.52,-3195700.88,-3195667.948,-3194366.1,-3194435.972,-3194794.564,-3195504.12,-3195690.784,-3194366.048,-3195653.252,-3194723.896],instances/qap/tai40a.dat.dat,experiments/transfer_qap/top_controllers/lipa70b_gen_0283,qap,500]
[[-637511722.882,-637514911.638,-637486874.824,-637528998.292,-637492866.014,-637703702.216,-637577480.562,-637557511.112,-637619105.294,-637476722.27,-637619778.326,-637763197.836,-637602595.27,-637594954.334,-637603254.99,-637585033.656,-637672234.094,-637535274.41,-637556101.008,-637629991.98],instances/qap/tai40b.dat.dat,experiments/transfer_qap/top_controllers/lipa70b_gen_0283,qap,500]
[[-5050933.616,-5049287.788,-5050048.488,-5050015.26,-5051865.12,-5051986.644,-5049653.144,-5051569.176,-5051626.8,-5050412.712,-5051394.204,-5052445.244,-5050208.344,-5049971.092,-5051011.324,-5050977.212,-5050364.284,-5050540.432,-5050671.024,-5050595.46],instances/qap/tai50a.dat.dat,experiments/transfer_qap/top_controllers/lipa70b_gen_0283,qap,500]
[[-7380874.2,-7380277.276,-7381530.96,-7379727,-7378939.952,-7380048.088,-7380022.768,-7379970.596,-7379471.128,-7380068.824,-7382428.676,-7380613.408,-7381648.2,-7380618.492,-7380297.424,-7376750.308,-7381296.44,-7380341.704,-7380383.448,-7379779.212],instances/qap/tai60a.dat.dat,experiments/transfer_qap/top_controllers/lipa70b_gen_0283,qap,500]
[[-460078276.16,-460081623.51,-460069561.488,-460171933.376,-460124769.108,-460050667.362,-460125145.176,-460132715.164,-460171853.398,-460134890.052,-460080329.002,-460118401.006,-460083787.002,-460140890.576,-460095549.344,-460154587.56,-460153207.382,-460166228.286,-460077141.222,-460074982.57],instances/qap/tai50b.dat.dat,experiments/transfer_qap/top_controllers/lipa70b_gen_0283,qap,500]
[[-610406363.47,-610289427.444,-610282460.962,-610169845.504,-610163774.46,-610440200.312,-610294111.362,-610192691.412,-610239606.076,-610495403.246,-610373087.636,-610474230.94,-610463697.924,-610250636.782,-610188476.1,-610230835.466,-610415537.474,-610434970.386,-610241796.6,-610382951.326],instances/qap/tai60b.dat.dat,experiments/transfer_qap/top_controllers/lipa70b_gen_0283,qap,500]
[[-1123.452,-1121.612,-1125.672,-1121.116,-1124.772,-1121.916,-1121.544,-1124.764,-1125.816,-1123.064,-1118.36,-1122.608,-1120.668,-1122.452,-1121.828,-1128.712,-1124.116,-1123.56,-1117.292,-1122.408],instances/qap/dre42.dat.dat,experiments/transfer_qap/top_controllers/tai40a_gen_0799,qap,500]
[[-1902.928,-1897.672,-1901.272,-1897.68,-1897.6,-1898.7,-1897.096,-1902.624,-1904.536,-1902.916,-1893.536,-1901.428,-1893.708,-1898.74,-1900.112,-1900.476,-1898.344,-1900.152,-1905.488,-1897.476],instances/qap/dre56.dat.dat,experiments/transfer_qap/top_controllers/tai40a_gen_0799,qap,500]
[[-2739.904,-2740.232,-2741.696,-2743.488,-2739.108,-2738.6,-2741.764,-2742.804,-2741.496,-2738.924,-2743.344,-2742.148,-2743.232,-2736.856,-2739.48,-2739.716,-2743.584,-2738.004,-2738.452,-2743.752],instances/qap/dre72.dat.dat,experiments/transfer_qap/top_controllers/tai40a_gen_0799,qap,500]
[[-62556.126,-62560.538,-62579.432,-62572.076,-62572.798,-62546.142,-62554.702,-62540.96,-62565.308,-62566.896,-62564.962,-62551.422,-62565.684,-62567.954,-62567.604,-62564.392,-62571.392,-62559.62,-62567.034,-62563.812],instances/qap/lipa50a.dat.dat,experiments/transfer_qap/top_controllers/tai40a_gen_0799,qap,500]
[[-1212257.542,-1213468.504,-1213025.062,-1213850.638,-1211451.438,-1210807.114,-1215060.942,-1212646.388,-1211835.508,-1213445.544,-1211851.25,-1211816.762,-1212217.54,-1211437.58,-1213434.454,-1212988.478,-1213668.05,-1211481.768,-1214651.074,-1211415.332],instances/qap/lipa50b.dat.dat,experiments/transfer_qap/top_controllers/tai40a_gen_0799,qap,500]
[[-2738406.53,-2739882.91,-2742859.148,-2738247.796,-2749916.18,-2742258.81,-2741014.572,-2735829.374,-2757679.274,-2746041.382,-2740028.458,-2744178.134,-2725571.744,-2749185.962,-2752022.41,-2742442.744,-2742740.552,-2724933.226,-2732960.284,-2742670.65],instances/qap/lipa60b.dat.dat,experiments/transfer_qap/top_controllers/tai40a_gen_0799,qap,500]
[[-108100.88,-108103.024,-108103.17,-108100.016,-108100.968,-108100.036,-108103.674,-108104.464,-108105.67,-108101.842,-108103.02,-108104.88,-108101.396,-108101.884,-108100.31,-108099.692,-108097.742,-108099.108,-108102.922,-108103.05],instances/qap/lipa60a.dat.dat,experiments/transfer_qap/top_controllers/tai40a_gen_0799,qap,500]
[[-171021.956,-171022.116,-171023.758,-171022.874,-171023.224,-171025.578,-171022.132,-171022.538,-171022.792,-171026.904,-171023.278,-171022.1,-171022.888,-171021.658,-171025.78,-171024.646,-171025.236,-171021.738,-171021.324,-171022.758],instances/qap/lipa70a.dat.dat,experiments/transfer_qap/top_controllers/tai40a_gen_0799,qap,500]
[[-5256609.294,-5201946.764,-5217964.51,-5238286.422,-5258657.69,-5258679.142,-5259616.49,-5238390.12,-5201037.278,-5249811.728,-5232291.364,-5254186.732,-5253756.166,-5248743.976,-5248227.548,-5275595.776,-5254483.76,-5226248.234,-5222079.74,-5260065.722],instances/qap/lipa70b.dat.dat,experiments/transfer_qap/top_controllers/tai40a_gen_0799,qap,500]
[[-3174629.568,-3173816.92,-3174257.772,-3173541.84,-3173270.548,-3173790.912,-3173594.704,-3173705.736,-3173464.644,-3173283.388,-3173894.5,-3174073.488,-3172790.116,-3173808.54,-3174934.012,-3173786.616,-3173193.088,-3173935.716,-3173642.08,-3173679.188],instances/qap/tai40a.dat.dat,experiments/transfer_qap/top_controllers/tai40a_gen_0799,qap,500]
[[-643846467.668,-643410532.798,-643700064.228,-643224998.374,-643320591.044,-643628860.6,-643106346.36,-643809667.642,-643727181.78,-644458071.544,-644273265.28,-643662236.14,-643293670.308,-644147380.368,-643911416.654,-643641075.456,-643528398.36,-643220386.986,-643123061.436,-644320562.132],instances/qap/tai40b.dat.dat,experiments/transfer_qap/top_controllers/tai40a_gen_0799,qap,500]
[[-5031448.428,-5032293.296,-5030743.124,-5032384.28,-5032602.788,-5032805.652,-5032463.552,-5032745.54,-5031842.076,-5032998.748,-5032293.756,-5032668.276,-5031445.124,-5033099.072,-5031453.976,-5031031.488,-5031417.996,-5030787.04,-5032029.804,-5031248.992],instances/qap/tai50a.dat.dat,experiments/transfer_qap/top_controllers/tai40a_gen_0799,qap,500]
[[-460393366.912,-460304639.244,-460408771.416,-460623094.628,-460454936.808,-460367294.298,-460406461.202,-460533161.566,-460646346.964,-460545697.022,-460434111.868,-460401199.934,-460487019.538,-460439135.744,-460478903.182,-460532198.302,-460524376.206,-460585434.876,-460438524.162,-460550509.168],instances/qap/tai50b.dat.dat,experiments/transfer_qap/top_controllers/tai40a_gen_0799,qap,500]
[[-610664076.596,-610549018.91,-610864409.65,-610713246.12,-610452985.788,-610779930.2,-610710453.238,-610675712.682,-610570822.466,-610627158.718,-610928144.812,-610745399.312,-610692652.296,-610699138.798,-610630906,-610579757.492,-610459138.63,-610542768.496,-610546976.462,-610609530.574],instances/qap/tai60b.dat.dat,experiments/transfer_qap/top_controllers/tai40a_gen_0799,qap,500]
[[-7361757.58,-7362761.528,-7361678.884,-7361906.248,-7362761.168,-7361878.244,-7363892.884,-7363067.076,-7363034.188,-7361742.844,-7361744.208,-7360807.552,-7362692.94,-7361375.288,-7362226.148,-7361920.984,-7361957.012,-7361345.868,-7361666.66,-7363737.812],instances/qap/tai60a.dat.dat,experiments/transfer_qap/top_controllers/tai40a_gen_0799,qap,500]
[[-1229.772,-1229.18,-1232.596,-1228.216,-1229.736,-1229.54,-1228.468,-1232.304,-1227.528,-1230.696,-1230.788,-1226.968,-1229.468,-1229.684,-1231.776,-1229.888,-1228.096,-1229.684,-1229.684,-1228.256],instances/qap/dre42.dat.dat,experiments/transfer_qap/top_controllers/tai40b_gen_0008,qap,500]
[[-1971.888,-1972.14,-1972.524,-1976.392,-1977.532,-1967.456,-1972.708,-1971.552,-1974.54,-1972.168,-1977.788,-1972.348,-1973.712,-1970.044,-1974.804,-1972.324,-1971.564,-1975.564,-1972.112,-1975.84],instances/qap/dre56.dat.dat,experiments/transfer_qap/top_controllers/tai40b_gen_0008,qap,500]
[[-2760.436,-2754.032,-2758.288,-2755.112,-2756.456,-2757.096,-2760.46,-2753.588,-2756.072,-2754.248,-2755.156,-2750.272,-2754.148,-2757.064,-2759.516,-2755.4,-2757.42,-2757.548,-2755.164,-2763.076],instances/qap/dre72.dat.dat,experiments/transfer_qap/top_controllers/tai40b_gen_0008,qap,500]
[[-62606.08,-62602.04,-62607.288,-62592.52,-62615.138,-62613.684,-62602.71,-62595.368,-62598.492,-62613.488,-62606.454,-62596.904,-62597.884,-62599.17,-62604.266,-62604.514,-62615.264,-62591.054,-62594.444,-62621.418],instances/qap/lipa50a.dat.dat,experiments/transfer_qap/top_controllers/tai40b_gen_0008,qap,500]
[[-1210289.08,-1210244,-1210244,-1210244,-1210244,-1210244,-1210244,-1210244,-1210644.576,-1210244,-1210244,-1210244,-1210244,-1210244,-1210244,-1210244,-1210244,-1210244,-1210244,-1210244],instances/qap/lipa50b.dat.dat,experiments/transfer_qap/top_controllers/tai40b_gen_0008,qap,500]
[[-108128.798,-108129.672,-108128.988,-108129.216,-108127.518,-108132.526,-108128.948,-108130.962,-108131.414,-108129.538,-108126.478,-108132.372,-108124.09,-108130.776,-108128.792,-108135.442,-108126.554,-108128.142,-108130.414,-108131.654],instances/qap/lipa60a.dat.dat,experiments/transfer_qap/top_controllers/tai40b_gen_0008,qap,500]
[[-2700596.456,-2708062.52,-2704870.55,-2705473.782,-2696596.342,-2691983.946,-2712912.082,-2723342.746,-2726721.428,-2727362.412,-2710254.164,-2711037.464,-2712215.684,-2707054.154,-2718217.502,-2687628.658,-2704058.328,-2700013.68,-2701165.292,-2701257.56],instances/qap/lipa60b.dat.dat,experiments/transfer_qap/top_controllers/tai40b_gen_0008,qap,500]
[[-171040.052,-171041.144,-171042.214,-171040.204,-171040.784,-171038.522,-171041.036,-171039.784,-171043.41,-171037.978,-171041.586,-171042.098,-171040.096,-171042.302,-171043.68,-171039.734,-171039.594,-171039.266,-171040.462,-171038.836],instances/qap/lipa70a.dat.dat,experiments/transfer_qap/top_controllers/tai40b_gen_0008,qap,500]
[[-5164346.882,-5179346.286,-5179469.566,-5164997.06,-5199197.108,-5153341.374,-5181674.876,-5167420.182,-5160908.076,-5164635.14,-5132331.264,-5153759.184,-5134561.964,-5129813.852,-5158039.858,-5167054.76,-5191189.258,-5154074.65,-5144829.212,-5158438.53],instances/qap/lipa70b.dat.dat,experiments/transfer_qap/top_controllers/tai40b_gen_0008,qap,500]
[[-3191631.732,-3189505.2,-3190563.044,-3190658.976,-3191597.144,-3191613.016,-3189746.936,-3190277.876,-3190856.296,-3190356.124,-3190433.084,-3190621.968,-3190423.136,-3191153.424,-3190709.04,-3190197.684,-3190653.232,-3190219.36,-3189936.552,-3190301.604],instances/qap/tai40a.dat.dat,experiments/transfer_qap/top_controllers/tai40b_gen_0008,qap,500]
[[-637530512.572,-637414046.428,-637502455.168,-637432399.7,-637476652.164,-637409474.308,-637466985.872,-637544131.38,-637467049.038,-637507016.048,-637364962.536,-637510401.524,-637524278.17,-637468189.726,-637409732.376,-637548018.654,-637514392.072,-637514571.536,-637501946.658,-637561923.062],instances/qap/tai40b.dat.dat,experiments/transfer_qap/top_controllers/tai40b_gen_0008,qap,500]
[[-5045551.264,-5044614.292,-5044140.536,-5044150.58,-5045401.22,-5045462.184,-5044140.74,-5044998.612,-5044795.24,-5044811.632,-5045411.72,-5044432.052,-5045178.656,-5044018.824,-5043406.916,-5044780.364,-5043938.372,-5044775.816,-5044593.164,-5045143.524],instances/qap/tai50a.dat.dat,experiments/transfer_qap/top_controllers/tai40b_gen_0008,qap,500]
[[-460037246.57,-460089281.226,-460103993.94,-460071380.414,-460032405.9,-459954722.498,-460029935.136,-460045969.586,-460033212.274,-460001092.022,-460012411.868,-459994272.926,-459981568.958,-460019243.042,-460055331.606,-459985887.252,-460056491.586,-460054190.734,-459993419.584,-460081016.362],instances/qap/tai50b.dat.dat,experiments/transfer_qap/top_controllers/tai40b_gen_0008,qap,500]
[[-7374613.592,-7373387.864,-7374709.804,-7376065.956,-7374921.768,-7375898.348,-7376027.268,-7374655.56,-7375305.368,-7375656.872,-7374786.94,-7374956.96,-7375542.144,-7374744.696,-7374931.784,-7375524.792,-7374384.856,-7374103.592,-7374055.612,-7375217.32],instances/qap/tai60a.dat.dat,experiments/transfer_qap/top_controllers/tai40b_gen_0008,qap,500]
[[-1112.864,-1116.148,-1111.748,-1111.192,-1116.456,-1114.088,-1115.408,-1117.388,-1113.664,-1117.136,-1112.12,-1111.588,-1112.708,-1109.232,-1113.388,-1113.256,-1118.148,-1116.44,-1117.764,-1112.66],instances/qap/dre42.dat.dat,experiments/transfer_qap/top_controllers/tai50a_gen_0457,qap,500]
[[-610358891.192,-610137383.892,-610114327.962,-610166252.434,-610118336.246,-610142919.444,-610199447.23,-610096615.4,-610112957.004,-610210094.84,-610240620.904,-610123448.876,-610004352.388,-610172640.424,-610216000.886,-610101707.736,-609968913.424,-610182111.448,-610263466.222,-610155095.82],instances/qap/tai60b.dat.dat,experiments/transfer_qap/top_controllers/tai40b_gen_0008,qap,500]
[[-1903.052,-1909.132,-1904.972,-1907.052,-1904.724,-1904.136,-1905.42,-1900.94,-1902.536,-1904.956,-1908.212,-1904.472,-1901.604,-1906.484,-1904.584,-1910.596,-1905.256,-1907.768,-1904.316,-1904.408],instances/qap/dre56.dat.dat,experiments/transfer_qap/top_controllers/tai50a_gen_0457,qap,500]
[[-2693.356,-2695.34,-2692.04,-2690.808,-2699.008,-2698.92,-2695.164,-2689.496,-2697.432,-2698.688,-2693.184,-2697.104,-2694.14,-2698.392,-2692.992,-2696.888,-2695.832,-2687.66,-2691.168,-2690.868],instances/qap/dre72.dat.dat,experiments/transfer_qap/top_controllers/tai50a_gen_0457,qap,500]
[[-62553.702,-62527.07,-62555.982,-62554.998,-62567.014,-62555.844,-62559.904,-62553.88,-62571.452,-62552.74,-62558.08,-62556.414,-62553.294,-62566.798,-62547.828,-62562.84,-62559.936,-62541.202,-62552.98,-62565.384],instances/qap/lipa50a.dat.dat,experiments/transfer_qap/top_controllers/tai50a_gen_0457,qap,500]
[[-1248116.57,-1249301.394,-1244041.028,-1250722.482,-1251102.276,-1255122.508,-1247591.164,-1253496.248,-1251290.336,-1255321.31,-1250320.184,-1251348.94,-1253069.57,-1253691.216,-1255632.68,-1260506.782,-1251062.048,-1248720.144,-1255941.572,-1249445.012],instances/qap/lipa50b.dat.dat,experiments/transfer_qap/top_controllers/tai50a_gen_0457,qap,500]
[[-108071.846,-108073.536,-108071.476,-108077.748,-108078.656,-108074.442,-108072.424,-108079.506,-108075.014,-108078.196,-108071.936,-108078.516,-108077.766,-108080.896,-108086.26,-108076.852,-108078.298,-108070.102,-108084.366,-108076.058],instances/qap/lipa60a.dat.dat,experiments/transfer_qap/top_controllers/tai50a_gen_0457,qap,500]
[[-2836886.314,-2818479.556,-2822020.794,-2836234.964,-2829661.956,-2828091.056,-2836788.514,-2822385.41,-2845290.276,-2827807.898,-2842506.436,-2830412.066,-2839684.182,-2830601.526,-2844250.254,-2825916.078,-2820984.814,-2837506.122,-2850958.2,-2846867.8],instances/qap/lipa60b.dat.dat,experiments/transfer_qap/top_controllers/tai50a_gen_0457,qap,500]
[[-5286435.406,-5231325.056,-5276603.718,-5273251.396,-5250684.924,-5259520.552,-5254898.518,-5256813.626,-5228218.558,-5272909.262,-5279418.124,-5274991.132,-5298745.446,-5283020.602,-5251949.688,-5241347.978,-5236183.672,-5264968.718,-5308704.19,-5311519.506],instances/qap/lipa70b.dat.dat,experiments/transfer_qap/top_controllers/tai50a_gen_0457,qap,500]
[[-170979.22,-170981.478,-170976.032,-170982.082,-170979.456,-170983.094,-170983.552,-170983.24,-170980.602,-170978.154,-170990.614,-170990.992,-170994.25,-170991.432,-170992.938,-170993.01,-170991.934,-170990.692,-170991.662,-170996.15],instances/qap/lipa70a.dat.dat,experiments/transfer_qap/top_controllers/tai50a_gen_0457,qap,500]
[[-3177197.932,-3177289.98,-3177105.204,-3177084.712,-3177215.952,-3177014.36,-3176593.084,-3176538.636,-3176274.456,-3176863.08,-3176189.06,-3176789.096,-3176923.772,-3176796.032,-3176429.696,-3176357.888,-3176676.608,-3176750.708,-3176594.952,-3176534.908],instances/qap/tai40a.dat.dat,experiments/transfer_qap/top_controllers/tai50a_gen_0457,qap,500]
[[-656672405.87,-655915221.058,-656161503.272,-655772451.7,-655220204.93,-656496211.206,-655894318.956,-656407984.824,-656367122.8,-655886428.156,-654995125.342,-655141365.126,-655824872.766,-654996148.262,-655546910.93,-655612944.39,-656953894.212,-654991779.108,-655269455.106,-657662471.986],instances/qap/tai40b.dat.dat,experiments/transfer_qap/top_controllers/tai50a_gen_0457,qap,500]
[[-5021005.64,-5022026.696,-5022870.468,-5022226.412,-5022534.316,-5021591.672,-5022609.716,-5021905.26,-5021296.972,-5021519.924,-5021262.236,-5021606.52,-5022477.752,-5021290.076,-5022710.456,-5022595.912,-5022096.488,-5022372.68,-5022631.556,-5022305.248],instances/qap/tai50a.dat.dat,experiments/transfer_qap/top_controllers/tai50a_gen_0457,qap,500]
[[-465041591.54,-464327846.81,-464985569.032,-465302965.866,-464877990.66,-465149292.356,-465148984.398,-465141507.308,-465181239.368,-465019464.572,-464773480.104,-465352551.22,-465252665.622,-464766610.98,-465223580.562,-464964161.754,-465271156.746,-464347237.662,-464897554.022,-464885139.942],instances/qap/tai50b.dat.dat,experiments/transfer_qap/top_controllers/tai50a_gen_0457,qap,500]
[[-7352858.46,-7351067.82,-7353060.716,-7354208.344,-7352398.868,-7353872.784,-7353303.44,-7351445.932,-7354686.08,-7353269.536,-7352885.1,-7354121.62,-7353454.292,-7355728.124,-7352081.052,-7352872.84,-7353386.448,-7356460.56,-7353532.068,-7355546.032],instances/qap/tai60a.dat.dat,experiments/transfer_qap/top_controllers/tai50a_gen_0457,qap,500]
[[-1252.316,-1252.764,-1249.652,-1248.464,-1247.276,-1251.436,-1249.612,-1250.756,-1251.2,-1252.444,-1251.044,-1251.3,-1250.788,-1249.444,-1252.948,-1252.512,-1250.748,-1253.008,-1252.608,-1250.156],instances/qap/dre42.dat.dat,experiments/transfer_qap/top_controllers/tai50b_gen_0015,qap,500]
[[-1993.524,-1997.136,-1997.748,-1997.372,-1996.392,-1998.256,-1995.564,-2002.652,-1996.524,-1995.608,-1992.444,-1994.616,-1995.04,-1995.768,-1992.096,-1998.92,-1998.696,-2000.66,-2001.088,-1992.232],instances/qap/dre56.dat.dat,experiments/transfer_qap/top_controllers/tai50b_gen_0015,qap,500]
[[-618710587.246,-619529820.528,-619193113.806,-618353382.848,-619412297.472,-618983344.764,-618829545.844,-618892134.856,-618242034.856,-619443738.494,-618408110.992,-618568243.288,-618278396.73,-619793704.018,-618361178.888,-618942750.01,-618338933.5,-619000201.858,-619824062.418,-619434410.538],instances/qap/tai60b.dat.dat,experiments/transfer_qap/top_controllers/tai50a_gen_0457,qap,500]
[[-2797.608,-2794.896,-2799.092,-2797.692,-2800.816,-2797.032,-2801.692,-2800.032,-2795.112,-2799.672,-2797.272,-2796.66,-2794.216,-2802.984,-2800.6,-2801.144,-2797.356,-2800.032,-2798.408,-2796.096],instances/qap/dre72.dat.dat,experiments/transfer_qap/top_controllers/tai50b_gen_0015,qap,500]
[[-62672.414,-62668.052,-62667.788,-62661.654,-62659.47,-62663.762,-62669.618,-62661.634,-62641.374,-62647.196,-62660.888,-62665.404,-62667.982,-62670.692,-62673.97,-62668.14,-62666.584,-62660.04,-62669.04,-62666.254],instances/qap/lipa50a.dat.dat,experiments/transfer_qap/top_controllers/tai50b_gen_0015,qap,500]
[[-1210244,-1210244,-1210244,-1210244,-1210631.38,-1211038.594,-1211049.892,-1210647.698,-1210244,-1210244,-1210655.822,-1210244,-1210244,-1210244,-1210244,-1210383.072,-1210244,-1210639.324,-1211043.746,-1210244],instances/qap/lipa50b.dat.dat,experiments/transfer_qap/top_controllers/tai50b_gen_0015,qap,500]
[[-108137.566,-108136.73,-108137.526,-108141.06,-108136.038,-108139.6,-108138.496,-108139.392,-108138.032,-108139.274,-108137.398,-108137.056,-108139.278,-108141.22,-108138.836,-108139.05,-108139.398,-108141.942,-108141.678,-108136.096],instances/qap/lipa60a.dat.dat,experiments/transfer_qap/top_controllers/tai50b_gen_0015,qap,500]
[[-2756934.23,-2761687.222,-2759682.026,-2767904.708,-2777942.974,-2760098.518,-2776128.958,-2768553.36,-2746752.034,-2758905.492,-2762408.412,-2748497.506,-2770674.538,-2783024.244,-2737019.426,-2765315.97,-2755665.318,-2761020.138,-2758386.636,-2747209.078],instances/qap/lipa60b.dat.dat,experiments/transfer_qap/top_controllers/tai50b_gen_0015,qap,500]
[[-171069.592,-171064.704,-171071.414,-171069.09,-171069.84,-171067.928,-171062.126,-171065.056,-171066.132,-171061.86,-171052.714,-171061.97,-171065.516,-171066.128,-171071.484,-171069.852,-171065.746,-171068.28,-171069.398,-171067.506],instances/qap/lipa70a.dat.dat,experiments/transfer_qap/top_controllers/tai50b_gen_0015,qap,500]
[[-5245543.898,-5264131.276,-5242994.93,-5226247.842,-5229503.876,-5223512.064,-5217767.352,-5213135.03,-5201631.348,-5211539.47,-5234499.806,-5237262.824,-5201320.522,-5222925.228,-5246344.422,-5249460.348,-5239748.484,-5244843.908,-5256803.53,-5229403.002],instances/qap/lipa70b.dat.dat,experiments/transfer_qap/top_controllers/tai50b_gen_0015,qap,500]
[[-3199081.28,-3198691.96,-3198678.18,-3200083.992,-3198566.672,-3198649.456,-3199435.244,-3198476.92,-3198180.336,-3200325.392,-3199321.58,-3198874.972,-3198110.624,-3199402.348,-3199254.42,-3199397.052,-3199047.504,-3199195.2,-3197787.368,-3199798.76],instances/qap/tai40a.dat.dat,experiments/transfer_qap/top_controllers/tai50b_gen_0015,qap,500]
[[-5055174.008,-5055377.02,-5054004.048,-5055238.876,-5055736.888,-5055851.644,-5054714.196,-5054648.352,-5056611.948,-5055556.684,-5055841.384,-5055476.972,-5055325.64,-5055619.256,-5056074.088,-5055391.008,-5055488.128,-5054781.76,-5055145.108,-5055384.304],instances/qap/tai50a.dat.dat,experiments/transfer_qap/top_controllers/tai50b_gen_0015,qap,500]
[[-637957874.816,-637757100.676,-637983939.176,-637999590.042,-637854031.178,-637926099.314,-637966434.27,-638145934.784,-637881930.722,-637881012.58,-638061046.142,-637858522.794,-637815565.24,-637940351.322,-638111902.776,-637819046.54,-637936370.974,-637854211.998,-637820898.29,-638272113.272],instances/qap/tai40b.dat.dat,experiments/transfer_qap/top_controllers/tai50b_gen_0015,qap,500]
[[-459554838.222,-459569882.77,-459568259.75,-459534666.622,-459633905.18,-459478962.154,-459548772.44,-459631345.582,-459465704.588,-459579299.082,-459541897.668,-459582582.956,-459492706.47,-459672187.894,-459656589.6,-459509053.92,-459540446.088,-459565063.116,-459572756.832,-459573713.038],instances/qap/tai50b.dat.dat,experiments/transfer_qap/top_controllers/tai50b_gen_0015,qap,500]
[[-7388344.832,-7385541.788,-7389064.14,-7386523.912,-7387673.292,-7388060.212,-7387791.32,-7385469.808,-7386193.74,-7383419.8,-7387379.752,-7385407.628,-7387432.904,-7387460.664,-7388299.848,-7387034.888,-7388272.74,-7386844.82,-7386311.368,-7385314.46],instances/qap/tai60a.dat.dat,experiments/transfer_qap/top_controllers/tai50b_gen_0015,qap,500]
[[-609693377.42,-609754483.102,-609706362.97,-609635035.204,-609769278.53,-609589078.26,-609606322.208,-609727511.418,-609573680.118,-609746084.158,-609658915.192,-609700964.392,-609613584.398,-609710004.91,-609631116.954,-609757080.088,-609622841.22,-609676945.398,-609619591.124,-609718404.998],instances/qap/tai60b.dat.dat,experiments/transfer_qap/top_controllers/tai50b_gen_0015,qap,500]
[[-1108.924,-1110.628,-1107.852,-1107.4,-1105.204,-1100.34,-1106.348,-1106.104,-1103.888,-1102.604,-1107.084,-1106.82,-1109.508,-1103,-1101.064,-1108.196,-1123.796,-1123.24,-1121.844,-1120.388],instances/qap/dre42.dat.dat,experiments/transfer_qap/top_controllers/tai60a_gen_0356,qap,500]
[[-1897.4,-1888.368,-1888.984,-1892.488,-1897.68,-1894.42,-1897.216,-1897.704,-1895.736,-1890.884,-1894.084,-1893.308,-1900.98,-1897.032,-1896.404,-1892.18,-1893.86,-1895.74,-1895.768,-1898.256],instances/qap/dre56.dat.dat,experiments/transfer_qap/top_controllers/tai60a_gen_0356,qap,500]
[[-2705.108,-2700.468,-2692.776,-2700.816,-2704.468,-2698.88,-2701.036,-2703.38,-2703.684,-2692.78,-2676.32,-2688.924,-2695.58,-2697.156,-2696.54,-2697.972,-2699.452,-2689.228,-2702.024,-2699.376],instances/qap/dre72.dat.dat,experiments/transfer_qap/top_controllers/tai60a_gen_0356,qap,500]
[[-62582.806,-62591.05,-62581.042,-62591.76,-62593.97,-62566.544,-62577.726,-62583.578,-62581.992,-62582.084,-62577.376,-62577.554,-62589.93,-62555.322,-62573.888,-62569.168,-62579.352,-62569.038,-62586.57,-62581.51],instances/qap/lipa50a.dat.dat,experiments/transfer_qap/top_controllers/tai60a_gen_0356,qap,500]
[[-108068.658,-108064.82,-108070.34,-108069.562,-108056.592,-108070.262,-108069.754,-108067.724,-108068.084,-108070.276,-108073.496,-108073.146,-108066.892,-108068.994,-108069.558,-108064.532,-108070.244,-108060.666,-108071.426,-108063.326],instances/qap/lipa60a.dat.dat,experiments/transfer_qap/top_controllers/tai60a_gen_0356,qap,500]
[[-1281994.874,-1275841.638,-1281776.026,-1274587.042,-1280580.52,-1278320.148,-1285962.702,-1274798.112,-1274185.312,-1273794.338,-1275173.902,-1281792.616,-1282710.696,-1281427.046,-1274374.804,-1271386.228,-1277005.336,-1283006.744,-1273482.422,-1284939.532],instances/qap/lipa50b.dat.dat,experiments/transfer_qap/top_controllers/tai60a_gen_0356,qap,500]
[[-2871514.59,-2880932.652,-2865867.18,-2860857.902,-2877902.488,-2865929.71,-2856742.798,-2877047.922,-2867698.346,-2874619.626,-2855594.108,-2875670.326,-2871163.09,-2855542.754,-2861429.204,-2871358.182,-2871590.262,-2866408.962,-2868109.024,-2852262.9],instances/qap/lipa60b.dat.dat,experiments/transfer_qap/top_controllers/tai60a_gen_0356,qap,500]
[[-170984.85,-170989.388,-170988.686,-170989.472,-170986.292,-170988.898,-170983.236,-170992.13,-170989.314,-170987.224,-170991.256,-170997.186,-170987.8,-170989.586,-170991.732,-170986.31,-170983.46,-170993.532,-170992.726,-170992.918],instances/qap/lipa70a.dat.dat,experiments/transfer_qap/top_controllers/tai60a_gen_0356,qap,500]
[[-5281526.52,-5293734.284,-5283745.12,-5280749.358,-5271863.08,-5248138.532,-5309958.322,-5291242.338,-5317032.596,-5314676.286,-5317256.186,-5293379.214,-5296949.908,-5299533.244,-5291705.486,-5280399.606,-5278327.356,-5275972.268,-5307976.108,-5260442.002],instances/qap/lipa70b.dat.dat,experiments/transfer_qap/top_controllers/tai60a_gen_0356,qap,500]
[[-3182029.504,-3182121.384,-3182439.824,-3182260.736,-3182194.212,-3182687.336,-3182536.512,-3182557.152,-3182304.968,-3182142.612,-3182721.576,-3183342.092,-3181626.768,-3181579.604,-3182748.396,-3182308.972,-3182189.364,-3182382.652,-3181962.692,-3182158.568],instances/qap/tai40a.dat.dat,experiments/transfer_qap/top_controllers/tai60a_gen_0356,qap,500]
[[-662060122.74,-660741248.1,-661624154.282,-660954483.588,-660840474.872,-660491848.662,-660536024.164,-662611356.67,-661230248.622,-661222642.424,-661643944.796,-663225587.444,-662415722.802,-660384284.304,-660692773.624,-659791226.778,-661502624.112,-661347723.258,-660251161.904,-660939439.866],instances/qap/tai40b.dat.dat,experiments/transfer_qap/top_controllers/tai60a_gen_0356,qap,500]
[[-5020767.58,-5021576.94,-5021358.916,-5019407.348,-5020157.864,-5021605.948,-5020901.092,-5021887.952,-5019641.776,-5022173.196,-5019379.392,-5020888.224,-5021291.888,-5020670.108,-5021563.868,-5020293.288,-5020709.684,-5020841.312,-5018912.78,-5018520.784],instances/qap/tai50a.dat.dat,experiments/transfer_qap/top_controllers/tai60a_gen_0356,qap,500]
[[-7344369.5,-7343205.924,-7342380.212,-7344232.496,-7342674.556,-7342500.956,-7342992.736,-7344106.12,-7343049,-7342791.072,-7343316.612,-7341208.356,-7343365.176,-7341907.632,-7342440.372,-7342480.644,-7345186.232,-7342202.564,-7344568.148,-7342707.192],instances/qap/tai60a.dat.dat,experiments/transfer_qap/top_controllers/tai60a_gen_0356,qap,500]
[[-467139786.57,-467106036.246,-467234009.128,-468362081.986,-467332634.622,-467491929.418,-467704080.086,-467756842.952,-467692532.088,-467754281.348,-467203294.212,-467432646.746,-466975937.302,-467650453.15,-467830207.874,-467357781.612,-466835853.3,-467734577.326,-467203747.992,-468065023.274],instances/qap/tai50b.dat.dat,experiments/transfer_qap/top_controllers/tai60a_gen_0356,qap,500]
[[-621739953.624,-621382708.372,-622019996.606,-620606600.166,-620369723.04,-621424033.064,-621239524.2,-620258391.664,-621476168.584,-621388366.644,-621173742.124,-620167749.746,-622114051.564,-620820472.77,-621386732.914,-621111827.322,-620352319.956,-621690109.82,-620397271.056,-622055957.352],instances/qap/tai60b.dat.dat,experiments/transfer_qap/top_controllers/tai60a_gen_0356,qap,500]
[[-1160.892,-1163.172,-1162.184,-1160.024,-1159.06,-1164.112,-1159.04,-1157.656,-1163.516,-1161.112,-1161.692,-1156.748,-1163.732,-1158.824,-1153.828,-1162.636,-1159.984,-1161.756,-1155.568,-1158.284],instances/qap/dre42.dat.dat,experiments/transfer_qap/top_controllers/tai60b_gen_0319,qap,500]
[[-2835.46,-2843.88,-2837.944,-2832.308,-2834.436,-2839.72,-2839.288,-2836.348,-2837.956,-2836.7,-2832.292,-2836.352,-2835.204,-2838.688,-2836.556,-2835.88,-2836.808,-2834.288,-2839.536,-2838.284],instances/qap/dre72.dat.dat,experiments/transfer_qap/top_controllers/tai60b_gen_0319,qap,500]
[[-2019.172,-2017.872,-2017.156,-2023.676,-2021.956,-2020.664,-2018.168,-2015.476,-2016.3,-2017.652,-2020.372,-2016.596,-2015.988,-2019.292,-2020.328,-2018.084,-2021.756,-2015.564,-2010.272,-2010.76],instances/qap/dre56.dat.dat,experiments/transfer_qap/top_controllers/tai60b_gen_0319,qap,500]
[[-62605.75,-62591.506,-62603.954,-62573.318,-62581.76,-62581.354,-62567.688,-62593.724,-62595.248,-62583.852,-62596.688,-62581.684,-62582.7,-62578.886,-62590.216,-62602.44,-62586.612,-62584.36,-62586.742,-62582.916],instances/qap/lipa50a.dat.dat,experiments/transfer_qap/top_controllers/tai60b_gen_0319,qap,500]
[[-1211060.48,-1210644.746,-1213177.368,-1213535.664,-1213887.336,-1211072.846,-1212672.416,-1212674.024,-1212284.376,-1215090.692,-1214312.62,-1212279.92,-1213074.74,-1212278.162,-1211856.086,-1213059.954,-1213073.698,-1210634.464,-1212263.294,-1212266.178],instances/qap/lipa50b.dat.dat,experiments/transfer_qap/top_controllers/tai60b_gen_0319,qap,500]
[[-171080.942,-171087.392,-171092.412,-171090.586,-171093.568,-171092.244,-171092.484,-171091.042,-171091.398,-171094.626,-171089.748,-171092.392,-171093.082,-171094.07,-171091.51,-171090.052,-171092.078,-171090.4,-171091.306,-171095.49],instances/qap/lipa70a.dat.dat,experiments/transfer_qap/top_controllers/tai60b_gen_0319,qap,500]
[[-108144.772,-108147.006,-108144.658,-108151.37,-108130.46,-108132.206,-108149.094,-108149.352,-108146.268,-108149.178,-108144.978,-108151.392,-108145.718,-108148.328,-108145.202,-108145.05,-108146.572,-108151.562,-108144.276,-108142.264],instances/qap/lipa60a.dat.dat,experiments/transfer_qap/top_controllers/tai60b_gen_0319,qap,500]
[[-2705899.464,-2702638.848,-2699055.37,-2694164.812,-2708217.754,-2695837.794,-2721605.1,-2696817.46,-2700513.466,-2659534.606,-2703331.946,-2705115.962,-2721509.904,-2684600.968,-2713658.74,-2701689.78,-2702136.082,-2708673.602,-2707831.724,-2714785.798],instances/qap/lipa60b.dat.dat,experiments/transfer_qap/top_controllers/tai60b_gen_0319,qap,500]
[[-5150249.59,-5119734.052,-5103059.714,-5077013.714,-5148880.68,-5102746.124,-5100858.758,-5141743.718,-5154924.82,-5156956.538,-5136083.238,-5129162.09,-5106206.256,-5118438.81,-5088584.964,-5128802.624,-5147174.848,-5150263.794,-5093191.374,-5066252.86],instances/qap/lipa70b.dat.dat,experiments/transfer_qap/top_controllers/tai60b_gen_0319,qap,500]
[[-3184916.88,-3185332.588,-3185189.364,-3184460.58,-3185056.764,-3185920.232,-3185123.384,-3185022.468,-3184542.14,-3184382.6,-3185404.264,-3185069.268,-3185560.108,-3185342.104,-3184145,-3184592.896,-3185435.352,-3186497.332,-3184628.78,-3186590.6],instances/qap/tai40a.dat.dat,experiments/transfer_qap/top_controllers/tai60b_gen_0319,qap,500]
[[-640634786.944,-640538079.918,-640725956.822,-640743789.586,-640788491.832,-640382546.6,-640843540.734,-640661513.666,-640530376.708,-640322407.952,-640643434.768,-641011219.198,-640681007.034,-640325055.516,-640418629.006,-640192936.53,-640758944.392,-641020828.762,-640343506.776,-640727089.886],instances/qap/tai40b.dat.dat,experiments/transfer_qap/top_controllers/tai60b_gen_0319,qap,500]
[[-5051552.344,-5053248.412,-5054493.384,-5051305.072,-5053062.892,-5051321.432,-5051158.472,-5052426.224,-5050991.776,-5051936.964,-5047253.74,-5055491.492,-5053764.864,-5053091.12,-5054507.304,-5052315.276,-5053998.656,-5055188.212,-5053908.856,-5053887.636],instances/qap/tai50a.dat.dat,experiments/transfer_qap/top_controllers/tai60b_gen_0319,qap,500]
[[-460204565.1,-460103445.022,-460099434.224,-460108620.614,-460072565.154,-460123288.036,-460123625.672,-460182117.792,-460163237.9,-460029350.05,-460099989.094,-460090576.184,-460093021.142,-460026793.018,-460124014.9,-460169665.14,-460128478.39,-460116899.048,-460120070.096,-460126281.874],instances/qap/tai50b.dat.dat,experiments/transfer_qap/top_controllers/tai60b_gen_0319,qap,500]
[[-7398819.196,-7399339.676,-7400852.844,-7399852.776,-7399718.724,-7399587.58,-7398631.044,-7399675.24,-7400142.644,-7399480.064,-7401827.324,-7399940.016,-7400573.296,-7398005.588,-7400584.476,-7400113.572,-7401002.192,-7400683.4,-7399193.528,-7400742.92],instances/qap/tai60a.dat.dat,experiments/transfer_qap/top_controllers/tai60b_gen_0319,qap,500]
[[-609826795.434,-609553887.61,-609489821.158,-609669479.028,-609655257.698,-609536623.038,-609727040.218,-609588266.416,-609398445.69,-609376492.788,-609508639.19,-609664718.61,-609717253.34,-609497298.322,-609527480.288,-609436891.046,-609624483.134,-609456384.498,-609754544.536,-609603065.21],instances/qap/tai60b.dat.dat,experiments/transfer_qap/top_controllers/tai60b_gen_0319,qap,500]
