/* Organism #411 Fitness: 1.007 Error: 0.993 */
genomestart 411
trait 1 0.0167832 0.195324 0 0.0921957 0.448003 0.232839 0.801664 0.974879 
node 1 1 0
node 2 1 1
node 3 1 1
node 4 1 1
node 5 1 1
node 6 1 1
node 7 1 1
node 8 1 1
node 9 1 1
node 10 1 2
node 11 1 2
node 12 1 2
node 13 1 2
node 14 1 2
node 15 1 2
node 16 1 2
node 17 1 2
node 18 1 2
node 19 1 2
node 20 1 2
node 21 1 3
node 22 1 3
node 23 1 3
node 24 1 3
node 25 1 3
node 27 1 3
node 28 1 3
node 118 1 3
node 293 1 3
gene 1 1 21 -2.30167 0 1 -2.30167 1
gene 1 1 22 -0.5243 0 2 -0.5243 1
gene 1 1 23 5.84737 0 3 5.84737 1
gene 1 1 24 -2.17977 0 4 -2.17977 1
gene 1 1 25 1.36552 0 5 1.36552 1
gene 1 1 27 -2.67958 0 7 -2.67958 1
gene 1 1 28 1.3559 0 8 1.3559 1
gene 1 2 21 -2.13264 0 9 -2.13264 1
gene 1 2 22 0.774014 0 10 0.774014 1
gene 1 2 24 -0.314181 0 12 -0.314181 1
gene 1 2 25 5.2877 0 13 5.2877 1
gene 1 2 28 0.902197 0 16 0.902197 1
gene 1 3 21 0.428736 0 17 0.428736 1
gene 1 3 22 0.887816 0 18 0.887816 1
gene 1 3 23 -5.86532 0 19 -5.86532 1
gene 1 3 24 -3.9029 0 20 -3.9029 1
gene 1 3 25 0.208749 0 21 0.208749 1
gene 1 3 27 1.57527 0 23 1.57527 1
gene 1 3 28 0.824213 0 24 0.824213 1
gene 1 4 21 1.74278 0 25 1.74278 1
gene 1 4 22 -1.77607 0 26 -1.77607 1
gene 1 4 23 -3.29325 0 27 -3.29325 1
gene 1 4 24 6.78781 0 28 6.78781 1
gene 1 4 27 -3.2695 0 31 -3.2695 1
gene 1 4 28 3.56568 0 32 3.56568 1
gene 1 5 21 -0.643659 0 33 -0.643659 1
gene 1 5 22 2.69969 0 34 2.69969 1
gene 1 5 24 -2.26616 0 36 -2.26616 1
gene 1 5 25 5.38549 0 37 5.38549 1
gene 1 5 27 -0.782192 0 39 -0.782192 1
gene 1 5 28 0.293014 0 40 0.293014 1
gene 1 6 21 1.50997 0 41 1.50997 1
gene 1 6 22 -1.83539 0 42 -1.83539 1
gene 1 6 23 0.304235 0 43 0.304235 1
gene 1 6 25 -3.36501 0 45 -3.36501 1
gene 1 6 27 -0.716863 0 47 -0.716863 1
gene 1 6 28 -1.07223 0 48 -1.07223 1
gene 1 7 21 -3.58025 0 49 -3.58025 1
gene 1 7 22 -4.40484 0 50 -4.40484 1
gene 1 7 25 -2.73849 0 53 -2.73849 1
gene 1 7 27 5.4716 0 55 5.4716 1
gene 1 7 28 -0.0519158 0 56 -0.0519158 1
gene 1 8 21 -0.842199 0 57 -0.842199 1
gene 1 8 22 -6.03968 0 58 -6.03968 1
gene 1 8 23 -1.57302 0 59 -1.57302 1
gene 1 8 24 0.191399 0 60 0.191399 1
gene 1 8 25 8 0 61 8 1
gene 1 8 27 -1.63723 0 63 -1.63723 1
gene 1 8 28 4.81553 0 64 4.81553 1
gene 1 9 21 0.609473 0 65 0.609473 1
gene 1 9 22 6.3516 0 66 6.3516 1
gene 1 9 23 -2.84688 0 67 -2.84688 1
gene 1 9 24 -5.06748 0 68 -5.06748 1
gene 1 9 25 -3.48171 0 69 -3.48171 1
gene 1 9 27 -1.01379 0 71 -1.01379 1
gene 1 9 28 2.731 0 72 2.731 1
gene 1 21 10 -1.39424 0 73 -1.39424 1
gene 1 21 11 -2.21716 0 74 -2.21716 1
gene 1 21 12 -1.26074 0 75 -1.26074 1
gene 1 21 13 -1.85027 0 76 -1.85027 1
gene 1 21 14 -1.98082 0 77 -1.98082 1
gene 1 21 15 -2.27608 0 78 -2.27608 1
gene 1 21 16 -2.31994 0 79 -2.31994 1
gene 1 21 17 0.0043788 0 80 0.0043788 1
gene 1 21 18 -0.531956 0 81 -0.531956 1
gene 1 21 20 -2.0278 0 83 -2.0278 1
gene 1 22 10 1.48005 0 84 1.48005 1
gene 1 22 11 0.0388997 0 85 0.0388997 1
gene 1 22 12 -1.87222 0 86 -1.87222 1
gene 1 22 13 1.89962 0 87 1.89962 1
gene 1 22 14 1.61698 0 88 1.61698 1
gene 1 22 15 -1.64389 0 89 -1.64389 1
gene 1 22 17 3.35693 0 91 3.35693 1
gene 1 22 18 -2.86031 0 92 -2.86031 1
gene 1 22 19 -5.65455 0 93 -5.65455 1
gene 1 22 20 -1.19796 0 94 -1.19796 1
gene 1 23 10 0.465755 0 95 0.465755 1
gene 1 23 11 0.587227 0 96 0.587227 1
gene 1 23 12 1.64621 0 97 1.64621 1
gene 1 23 13 -2.94347 0 98 -2.94347 1
gene 1 23 15 -1.06612 0 100 -1.06612 1
gene 1 23 16 1.15926 0 101 1.15926 1
gene 1 23 17 3.48395 0 102 3.48395 1
gene 1 23 18 0.770483 0 103 0.770483 1
gene 1 23 19 -2.70547 0 104 -2.70547 1
gene 1 23 20 1.01716 0 105 1.01716 1
gene 1 24 10 3.44364 0 106 3.44364 1
gene 1 24 12 0.820994 0 108 0.820994 1
gene 1 24 13 1.27419 0 109 1.27419 1
gene 1 24 14 -3.12092 0 110 -3.12092 1
gene 1 24 15 -1.75535 0 111 -1.75535 1
gene 1 24 16 2.70902 0 112 2.70902 1
gene 1 24 17 -0.626951 0 113 -0.626951 1
gene 1 24 19 -2.02459 0 115 -2.02459 1
gene 1 24 20 -3.48321 0 116 -3.48321 1
gene 1 25 10 -0.0849017 0 117 -0.0849017 1
gene 1 25 11 0.592116 0 118 0.592116 1
gene 1 25 12 -3.07803 0 119 -3.07803 1
gene 1 25 13 0.943142 0 120 0.943142 1
gene 1 25 14 -1.78141 0 121 -1.78141 1
gene 1 25 15 0.594236 0 122 0.594236 1
gene 1 25 16 -0.814014 0 123 -0.814014 1
gene 1 25 17 7.34683 0 124 7.34683 1
gene 1 25 18 -1.31507 0 125 -1.31507 1
gene 1 25 19 0.908713 0 126 0.908713 1
gene 1 25 20 1.19526 0 127 1.19526 1
gene 1 27 10 -3.84313 0 139 -3.84313 1
gene 1 27 11 -3.11209 0 140 -3.11209 1
gene 1 27 12 7.72859 0 141 7.72859 1
gene 1 27 13 2.67927 0 142 2.67927 1
gene 1 27 14 -2.89157 0 143 -2.89157 1
gene 1 27 15 -1.07177 0 144 -1.07177 1
gene 1 27 16 -0.271203 0 145 -0.271203 1
gene 1 27 17 2.64812 0 146 2.64812 1
gene 1 27 18 3.36589 0 147 3.36589 1
gene 1 27 20 -1.0613 0 149 -1.0613 1
gene 1 28 10 3.24447 0 150 3.24447 1
gene 1 28 12 -0.865709 0 152 -0.865709 1
gene 1 28 13 1.46323 0 153 1.46323 1
gene 1 28 14 3.35484 0 154 3.35484 1
gene 1 28 15 0.496081 0 155 0.496081 1
gene 1 28 16 -0.315934 0 156 -0.315934 1
gene 1 28 17 0.126565 0 157 0.126565 1
gene 1 28 18 0.665175 0 158 0.665175 1
gene 1 28 19 -0.789771 0 159 -0.789771 1
gene 1 28 20 -1.49864 0 160 -1.49864 1
gene 1 12 11 -2.98387 0 474 -2.98387 1
gene 1 15 10 -1.94542 0 535 -1.94542 1
gene 1 19 13 0.26511 0 1172 0.26511 1
gene 1 18 12 2.18676 0 1350 2.18676 1
gene 1 7 16 0.465686 0 1471 0.465686 1
gene 1 27 24 -0.834615 0 1590 -0.834615 1
gene 1 22 24 -1.40638 0 1709 -1.40638 1
gene 1 20 18 -1.01209 0 1806 -1.01209 1
gene 1 9 11 -0.846668 0 1916 -0.846668 1
gene 1 17 20 2.93866 0 2003 2.93866 1
gene 1 20 16 0.0641307 0 2224 0.0641307 1
gene 1 9 10 0.408296 0 2563 0.408296 1
gene 1 21 118 0.941383 0 2661 0.941383 1
gene 1 118 19 1.54696 0 2662 1.54696 1
gene 1 9 19 1.57399 0 2761 1.57399 1
gene 1 8 20 -2.09594 0 3073 -2.09594 1
gene 1 6 18 -0.0713719 0 3171 -0.0713719 1
gene 1 7 12 -0.927835 0 3426 -0.927835 1
gene 1 12 12 -0.779263 1 3500 -0.779263 1
gene 1 16 16 -1.21482 1 3619 -1.21482 1
gene 1 24 24 0.41727 1 3830 0.41727 1
gene 1 23 118 1.51282 0 4037 1.51282 1
gene 1 15 18 -1.99167 0 5103 -1.99167 1
gene 1 2 20 -0.452638 0 5210 -0.452638 1
gene 1 17 17 0.114828 1 5518 0.114828 1
gene 1 15 15 -0.186478 1 5732 -0.186478 1
gene 1 27 25 -1.73434 0 5856 -1.73434 1
gene 1 28 11 0.142395 0 5970 0.142395 1
gene 1 22 22 1.19169 1 6114 1.19169 1
gene 1 23 21 -0.582541 0 6378 -0.582541 1
gene 1 22 118 -1.8287 0 6793 -1.8287 1
gene 1 20 118 -0.914209 0 6903 -0.914209 1
gene 1 6 12 -0.116265 0 7312 -0.116265 1
gene 1 4 293 -0.390143 0 7375 -0.390143 1
gene 1 293 25 0.470094 0 7376 0.470094 1
genomeend 411
