/* Organism #68 Fitness: 1.011 Error: 0.989 */
genomestart 68
trait 1 0.544197 0.774048 0.622305 0.226411 0.328619 0.808745 0.680816 0.954158 
node 1 1 0
node 2 1 1
node 3 1 1
node 4 1 1
node 5 1 1
node 6 1 1
node 7 1 1
node 8 1 1
node 9 1 1
node 10 1 2
node 11 1 2
node 12 1 2
node 13 1 2
node 14 1 2
node 15 1 2
node 16 1 2
node 17 1 2
node 18 1 2
node 19 1 2
node 20 1 2
node 21 1 3
node 23 1 3
node 25 1 3
gene 1 1 23 -0.191139 0 3 -0.191139 1
gene 1 1 25 2.83366 0 5 2.83366 1
gene 1 2 21 -0.150133 0 9 -0.150133 1
gene 1 2 23 -3.59277 0 11 -3.59277 1
gene 1 2 25 -7.07427 0 13 -7.07427 1
gene 1 3 21 0.318244 0 17 0.318244 1
gene 1 3 25 -1.77335 0 21 -1.77335 1
gene 1 4 21 -5.77378 0 25 -5.77378 1
gene 1 4 23 -1.93569 0 27 -1.93569 1
gene 1 4 25 1.48615 0 29 1.48615 1
gene 1 5 21 2.18175 0 33 2.18175 1
gene 1 5 23 -8 0 35 -8 1
gene 1 5 25 0.719333 0 37 0.719333 1
gene 1 6 21 0.34488 0 41 0.34488 1
gene 1 6 25 1.47379 0 45 1.47379 1
gene 1 7 23 0.168793 0 51 0.168793 1
gene 1 8 21 -2.64506 0 57 -2.64506 1
gene 1 8 23 1.94093 0 59 1.94093 1
gene 1 8 25 2.08647 0 61 2.08647 1
gene 1 9 21 -6.42908 0 65 -6.42908 1
gene 1 9 25 -0.347822 0 69 -0.347822 1
gene 1 21 10 1.49467 0 73 1.49467 1
gene 1 21 11 -1.94611 0 74 -1.94611 1
gene 1 21 12 -6.38024 0 75 -6.38024 1
gene 1 21 14 1.57411 0 77 1.57411 1
gene 1 21 15 3.45476 0 78 3.45476 1
gene 1 21 16 -4.0211 0 79 -4.0211 1
gene 1 21 17 4.69706 0 80 4.69706 1
gene 1 21 18 -7.59266 0 81 -7.59266 1
gene 1 21 19 0.0861462 0 82 0.0861462 1
gene 1 21 20 5.10143 0 83 5.10143 1
gene 1 23 10 -6.39285 0 95 -6.39285 1
gene 1 23 11 -0.396484 0 96 -0.396484 1
gene 1 23 12 1.04568 0 97 1.04568 1
gene 1 23 13 -2.62215 0 98 -2.62215 1
gene 1 23 14 0.720703 0 99 0.720703 1
gene 1 23 15 1.16571 0 100 1.16571 1
gene 1 23 17 1.61427 0 102 1.61427 1
gene 1 23 18 2.36378 0 103 2.36378 1
gene 1 23 19 4.7108 0 104 4.7108 1
gene 1 25 10 -1.56269 0 117 -1.56269 1
gene 1 25 11 -3.55433 0 118 -3.55433 1
gene 1 25 12 3.8386 0 119 3.8386 1
gene 1 25 13 0.713666 0 120 0.713666 1
gene 1 25 14 0.844151 0 121 0.844151 1
gene 1 25 15 0.926923 0 122 0.926923 1
gene 1 25 16 0.283148 0 123 0.283148 1
gene 1 25 17 6.87597 0 124 6.87597 1
gene 1 25 19 1.15317 0 126 1.15317 1
gene 1 25 20 -4.80441 0 127 -4.80441 1
gene 1 12 10 -0.191465 0 208 -0.191465 1
gene 1 11 19 -0.481102 0 270 -0.481102 1
gene 1 11 16 1.90617 0 515 1.90617 1
gene 1 1 10 1.48509 0 976 1.48509 1
gene 1 10 14 -0.995969 0 1093 -0.995969 1
gene 1 7 20 -2.26526 0 2423 -2.26526 1
gene 1 2 18 -1.46266 0 3483 -1.46266 1
gene 1 7 11 -1.72817 0 3893 -1.72817 1
gene 1 6 11 -0.100753 0 4517 -0.100753 1
gene 1 10 15 -0.0119527 0 4618 -0.0119527 1
gene 1 5 16 2.43796 0 4777 2.43796 1
gene 1 14 15 0.174398 0 5206 0.174398 1
gene 1 18 15 0.0318734 0 5696 0.0318734 1
gene 1 10 17 0.76273 0 7481 0.76273 1
genomeend 68
