/* Organism #134 Fitness: 1.008 Error: 0.992 */
genomestart 134
trait 1 0.385657 0.27596 0.228476 0.77435 0.942039 0.198726 0.938214 0.78125 
node 1 1 0
node 2 1 1
node 3 1 1
node 4 1 1
node 5 1 1
node 6 1 1
node 7 1 1
node 8 1 1
node 9 1 1
node 10 1 2
node 11 1 2
node 12 1 2
node 13 1 2
node 14 1 2
node 15 1 2
node 16 1 2
node 17 1 2
node 18 1 2
node 19 1 2
node 20 1 2
node 21 1 3
node 22 1 3
node 23 1 3
node 24 1 3
node 27 1 3
node 47 1 3
gene 1 1 21 -0.332424 0 1 -0.332424 1
gene 1 1 22 -3.39324 0 2 -3.39324 1
gene 1 1 23 2.11944 0 3 2.11944 1
gene 1 1 24 -1.15397 0 4 -1.15397 1
gene 1 1 27 -2.73 0 7 -2.73 1
gene 1 2 22 -0.927798 0 10 -0.927798 1
gene 1 2 23 0.53755 0 11 0.53755 1
gene 1 2 27 2.25838 0 15 2.25838 1
gene 1 3 21 0.606151 0 17 0.606151 1
gene 1 3 22 0.359743 0 18 0.359743 1
gene 1 3 23 2.42062 0 19 2.42062 1
gene 1 3 24 4.06497 0 20 4.06497 1
gene 1 3 27 -0.920016 0 23 -0.920016 1
gene 1 4 21 1.30216 0 25 1.30216 1
gene 1 4 22 -0.435502 0 26 -0.435502 1
gene 1 4 23 1.81071 0 27 1.81071 1
gene 1 4 24 4.36542 0 28 4.36542 1
gene 1 4 27 2.29967 0 31 2.29967 1
gene 1 5 21 -0.72481 0 33 -0.72481 1
gene 1 5 22 2.75429 0 34 2.75429 1
gene 1 5 23 0.886689 0 35 0.886689 1
gene 1 5 24 1.06449 0 36 1.06449 1
gene 1 5 27 -3.52504 0 39 -3.52504 1
gene 1 6 21 0.382079 0 41 0.382079 1
gene 1 6 22 -2.04664 0 42 -2.04664 1
gene 1 6 23 0.951694 0 43 0.951694 1
gene 1 6 24 1.28429 0 44 1.28429 1
gene 1 6 27 -1.56417 0 47 -1.56417 1
gene 1 7 21 2.14239 0 49 2.14239 1
gene 1 7 22 1.44981 0 50 1.44981 1
gene 1 7 23 -1.4942 0 51 -1.4942 1
gene 1 7 24 -1.31352 0 52 -1.31352 1
gene 1 7 27 -1.37823 0 55 -1.37823 1
gene 1 8 21 -0.446571 0 57 -0.446571 1
gene 1 8 22 -0.909978 0 58 -0.909978 1
gene 1 8 23 -2.41058 0 59 -2.41058 1
gene 1 8 24 -1.21927 0 60 -1.21927 1
gene 1 8 27 -2.92762 0 63 -2.92762 1
gene 1 9 21 0.273423 0 65 0.273423 1
gene 1 9 22 -2.20302 0 66 -2.20302 1
gene 1 9 23 0.6584 0 67 0.6584 1
gene 1 9 24 -1.06528 0 68 -1.06528 1
gene 1 9 27 3.53826 0 71 3.53826 1
gene 1 21 10 1.87673 0 73 1.87673 1
gene 1 21 11 0.89518 0 74 0.89518 1
gene 1 21 12 0.182921 0 75 0.182921 1
gene 1 21 13 -1.43079 0 76 -1.43079 1
gene 1 21 14 -1.42693 0 77 -1.42693 1
gene 1 21 15 -1.55914 0 78 -1.55914 1
gene 1 21 16 0.831626 0 79 0.831626 1
gene 1 21 17 -1.58532 0 80 -1.58532 1
gene 1 21 18 2.68925 0 81 2.68925 1
gene 1 21 19 2.26749 0 82 2.26749 1
gene 1 21 20 0.865806 0 83 0.865806 1
gene 1 22 10 1.70098 0 84 1.70098 1
gene 1 22 11 -0.271711 0 85 -0.271711 1
gene 1 22 12 -4.37182 0 86 -4.37182 1
gene 1 22 13 -0.932329 0 87 -0.932329 1
gene 1 22 14 -1.02027 0 88 -1.02027 1
gene 1 22 15 -3.59564 0 89 -3.59564 1
gene 1 22 16 -1.88595 0 90 -1.88595 1
gene 1 22 17 -0.10665 0 91 -0.10665 1
gene 1 22 19 -0.32436 0 93 -0.32436 1
gene 1 22 20 -0.479824 0 94 -0.479824 1
gene 1 23 10 4.52063 0 95 4.52063 1
gene 1 23 11 1.48797 0 96 1.48797 1
gene 1 23 12 1.38966 0 97 1.38966 1
gene 1 23 13 2.43524 0 98 2.43524 1
gene 1 23 14 2.5709 0 99 2.5709 1
gene 1 23 15 0.577669 0 100 0.577669 1
gene 1 23 16 1.38097 0 101 1.38097 1
gene 1 23 17 0.56566 0 102 0.56566 1
gene 1 23 18 0.743583 0 103 0.743583 1
gene 1 23 19 -0.861463 0 104 -0.861463 1
gene 1 24 10 4.62731 0 106 4.62731 1
gene 1 24 12 -0.161406 0 108 -0.161406 1
gene 1 24 13 -0.77134 0 109 -0.77134 1
gene 1 24 14 0.595803 0 110 0.595803 1
gene 1 24 15 0.425024 0 111 0.425024 1
gene 1 24 16 0.894692 0 112 0.894692 1
gene 1 24 17 -1.53487 0 113 -1.53487 1
gene 1 24 18 2.59014 0 114 2.59014 1
gene 1 24 19 -0.199561 0 115 -0.199561 1
gene 1 24 20 0.472715 0 116 0.472715 1
gene 1 27 10 -0.430617 0 139 -0.430617 1
gene 1 27 11 0.704033 0 140 0.704033 1
gene 1 27 12 -1.6663 0 141 -1.6663 1
gene 1 27 13 0.26244 0 142 0.26244 1
gene 1 27 14 -0.562891 0 143 -0.562891 1
gene 1 27 15 0.699981 0 144 0.699981 1
gene 1 27 16 3.56413 0 145 3.56413 1
gene 1 27 17 0.75809 0 146 0.75809 1
gene 1 27 18 2.0123 0 147 2.0123 1
gene 1 27 19 -0.798723 0 148 -0.798723 1
gene 1 27 20 0.950015 0 149 0.950015 1
gene 1 10 15 0.882438 0 541 0.882438 1
gene 1 2 47 1.41952 0 853 1.41952 1
gene 1 47 21 -1.16493 0 854 -1.16493 1
gene 1 47 23 -0.105867 0 1162 -0.105867 1
gene 1 7 20 -0.940137 0 1700 -0.940137 1
gene 1 12 18 -0.181214 0 1745 -0.181214 1
gene 1 9 15 -0.0183366 0 1921 -0.0183366 1
gene 1 19 19 0.683485 1 2069 0.683485 1
gene 1 24 21 1.33214 0 2590 1.33214 1
gene 1 15 11 0.470307 0 2894 0.470307 1
gene 1 14 14 -0.614629 1 3145 -0.614629 1
gene 1 8 17 0.853276 0 3240 0.853276 1
genomeend 134
