/* Organism #185 Fitness: 1.013 Error: 0.987 */
genomestart 185
trait 1 0.283395 0.0373984 0.116113 0.0809827 0.451405 0.170336 0.811611 0 
node 1 1 0
node 2 1 1
node 3 1 1
node 4 1 1
node 5 1 1
node 6 1 1
node 7 1 1
node 8 1 1
node 9 1 1
node 10 1 2
node 11 1 2
node 12 1 2
node 13 1 2
node 14 1 2
node 15 1 2
node 16 1 2
node 17 1 2
node 18 1 2
node 19 1 2
node 20 1 2
node 23 1 3
node 25 1 3
node 26 1 3
gene 1 1 25 3.04705 0 5 3.04705 1
gene 1 1 26 2.39762 0 6 2.39762 1
gene 1 2 23 0.0824903 0 11 0.0824903 1
gene 1 2 25 1.14823 0 13 1.14823 1
gene 1 2 26 0.246774 0 14 0.246774 1
gene 1 3 23 -0.731356 0 19 -0.731356 1
gene 1 3 25 0.623654 0 21 0.623654 1
gene 1 3 26 3.50485 0 22 3.50485 1
gene 1 4 23 -3.311 0 27 -3.311 1
gene 1 4 25 0.126406 0 29 0.126406 1
gene 1 4 26 -3.44214 0 30 -3.44214 1
gene 1 5 23 2.37723 0 35 2.37723 1
gene 1 5 25 3.53368 0 37 3.53368 1
gene 1 5 26 1.2304 0 38 1.2304 1
gene 1 6 23 2.92609 0 43 2.92609 1
gene 1 6 25 0.541558 0 45 0.541558 1
gene 1 6 26 -0.505486 0 46 -0.505486 1
gene 1 7 23 -0.999212 0 51 -0.999212 1
gene 1 7 25 -0.990852 0 53 -0.990852 1
gene 1 7 26 -3.24125 0 54 -3.24125 1
gene 1 8 23 -0.802494 0 59 -0.802494 1
gene 1 8 25 2.01295 0 61 2.01295 1
gene 1 8 26 -0.113959 0 62 -0.113959 1
gene 1 9 23 1.54813 0 67 1.54813 1
gene 1 9 26 -2.37117 0 70 -2.37117 1
gene 1 23 10 0.0133396 0 95 0.0133396 1
gene 1 23 11 -0.0448888 0 96 -0.0448888 1
gene 1 23 12 2.51707 0 97 2.51707 1
gene 1 23 13 1.3861 0 98 1.3861 1
gene 1 23 14 0.182042 0 99 0.182042 1
gene 1 23 15 2.04072 0 100 2.04072 1
gene 1 23 16 0.703179 0 101 0.703179 1
gene 1 23 17 -1.77786 0 102 -1.77786 1
gene 1 23 18 -2.74684 0 103 -2.74684 1
gene 1 23 20 0.732525 0 105 0.732525 1
gene 1 25 10 1.98241 0 117 1.98241 1
gene 1 25 11 -2.87621 0 118 -2.87621 1
gene 1 25 12 1.22098 0 119 1.22098 1
gene 1 25 13 -4.00616 0 120 -4.00616 1
gene 1 25 14 -0.178604 0 121 -0.178604 1
gene 1 25 15 0.248855 0 122 0.248855 1
gene 1 25 16 2.71718 0 123 2.71718 1
gene 1 25 20 -1.96561 0 127 -1.96561 1
gene 1 26 10 2.53447 0 128 2.53447 1
gene 1 26 11 -1.25978 0 129 -1.25978 1
gene 1 26 12 -2.65424 0 130 -2.65424 1
gene 1 26 13 -4.18628 0 131 -4.18628 1
gene 1 26 14 -3.91926 0 132 -3.91926 1
gene 1 26 15 -1.5315 0 133 -1.5315 1
gene 1 26 16 -2.18575 0 134 -2.18575 1
gene 1 26 17 -0.407865 0 135 -0.407865 1
gene 1 26 18 -3.09099 0 136 -3.09099 1
gene 1 26 19 0.5095 0 137 0.5095 1
gene 1 26 20 0.13204 0 138 0.13204 1
gene 1 5 12 -1.03518 0 328 -1.03518 1
gene 1 1 17 0.805216 0 528 0.805216 1
gene 1 8 11 -0.144189 0 642 -0.144189 1
gene 1 8 20 -2.51113 0 764 -2.51113 1
gene 1 6 13 1.35364 0 958 1.35364 1
gene 1 20 19 -0.52199 0 1134 -0.52199 1
gene 1 13 20 0.601985 0 1345 0.601985 1
gene 1 16 17 0.0132814 0 1553 0.0132814 1
gene 1 17 10 0.226292 0 1852 0.226292 1
gene 1 20 17 0.488738 0 2084 0.488738 1
gene 1 18 17 -0.0394858 0 2203 -0.0394858 1
gene 1 25 25 -0.359323 1 2515 -0.359323 1
gene 1 18 15 -0.00663265 0 2634 -0.00663265 1
gene 1 3 18 -0.736327 0 2970 -0.736327 1
gene 1 2 13 0.380493 0 3394 0.380493 1
gene 1 1 18 0.55249 0 3616 0.55249 1
gene 1 6 15 0.437729 0 3836 0.437729 1
gene 1 18 10 0.0529125 0 4156 0.0529125 1
gene 1 8 19 -0.260159 0 4350 -0.260159 1
genomeend 185
