/* Organism #95 Fitness: 1.012 Error: 0.988 */
genomestart 95
trait 1 0.375747 0.13911 0.158129 0.277749 0.149726 0.979283 0.595682 0.0264312 
node 1 1 0
node 2 1 1
node 3 1 1
node 4 1 1
node 5 1 1
node 6 1 1
node 7 1 1
node 8 1 1
node 9 1 1
node 10 1 2
node 11 1 2
node 12 1 2
node 13 1 2
node 14 1 2
node 15 1 2
node 16 1 2
node 17 1 2
node 18 1 2
node 19 1 2
node 20 1 2
node 21 1 3
node 25 1 3
node 51 1 3
gene 1 1 21 5.13476 0 1 5.13476 1
gene 1 1 25 1.24651 0 5 1.24651 1
gene 1 2 21 1.70572 0 9 1.70572 1
gene 1 2 25 0.98273 0 13 0.98273 1
gene 1 3 21 0.227043 0 17 0.227043 1
gene 1 4 21 -0.0553463 0 25 -0.0553463 1
gene 1 5 21 -2.27455 0 33 -2.27455 1
gene 1 5 25 7.3075 0 37 7.3075 1
gene 1 6 25 -1.54002 0 45 -1.54002 1
gene 1 7 21 -1.84198 0 49 -1.84198 1
gene 1 7 25 -0.34224 0 53 -0.34224 1
gene 1 8 21 2.69802 0 57 2.69802 1
gene 1 9 21 -3.08521 0 65 -3.08521 1
gene 1 9 25 -5.11567 0 69 -5.11567 1
gene 1 21 10 1.145 0 73 1.145 1
gene 1 21 11 -5.15666 0 74 -5.15666 1
gene 1 21 12 2.90459 0 75 2.90459 1
gene 1 21 13 -0.510597 0 76 -0.510597 1
gene 1 21 14 -2.53251 0 77 -2.53251 1
gene 1 21 15 0.616777 0 78 0.616777 1
gene 1 21 17 -1.79715 0 80 -1.79715 1
gene 1 21 19 -3.22263 0 82 -3.22263 1
gene 1 21 20 0.174142 0 83 0.174142 1
gene 1 25 10 7.96487 0 117 7.96487 1
gene 1 25 11 1.14917 0 118 1.14917 1
gene 1 25 12 -1.12642 0 119 -1.12642 1
gene 1 25 13 -3.81769 0 120 -3.81769 1
gene 1 25 14 5.61753 0 121 5.61753 1
gene 1 25 15 -2.12844 0 122 -2.12844 1
gene 1 25 18 -0.747271 0 125 -0.747271 1
gene 1 25 19 1.09092 0 126 1.09092 1
gene 1 25 20 0.245555 0 127 0.245555 1
gene 1 19 17 1.68344 0 173 1.68344 1
gene 1 16 15 -3.23029 0 358 -3.23029 1
gene 1 19 19 -0.85425 1 417 -0.85425 1
gene 1 51 16 1.46225 0 804 1.46225 1
gene 1 14 19 0.656658 0 1442 0.656658 1
gene 1 17 15 0.454426 0 1928 0.454426 1
gene 1 17 20 -3.06713 0 2018 -3.06713 1
gene 1 8 12 -1.24882 0 2973 -1.24882 1
gene 1 13 15 1.74756 0 3354 1.74756 1
gene 1 13 14 -1.33303 0 3716 -1.33303 1
gene 1 21 21 -1.59597 1 3810 -1.59597 1
gene 1 16 16 -1.50167 1 4026 -1.50167 1
gene 1 10 10 0.743685 1 5075 0.743685 1
gene 1 14 51 0.427537 0 6057 0.427537 1
gene 1 1 11 0.555961 0 6937 0.555961 1
gene 1 18 18 0.99446 1 7556 0.99446 1
genomeend 95
