/* Organism #118 Fitness: 1.007 Error: 0.993 */
genomestart 118
trait 1 0.149724 0.860476 0.649513 0.561424 0.830955 0.582176 0.778258 0 
node 1 1 0
node 2 1 1
node 3 1 1
node 4 1 1
node 5 1 1
node 6 1 1
node 7 1 1
node 8 1 1
node 9 1 1
node 10 1 2
node 11 1 2
node 12 1 2
node 13 1 2
node 14 1 2
node 15 1 2
node 16 1 2
node 17 1 2
node 18 1 2
node 19 1 2
node 20 1 2
node 23 1 3
node 24 1 3
node 25 1 3
node 27 1 3
gene 1 1 23 4.12818 0 3 4.12818 1
gene 1 1 24 0.472913 0 4 0.472913 1
gene 1 1 27 -5.14278 0 7 -5.14278 1
gene 1 2 23 5.25371 0 11 5.25371 1
gene 1 2 24 0.949064 0 12 0.949064 1
gene 1 2 25 4.32316 0 13 4.32316 1
gene 1 2 27 1.68659 0 15 1.68659 1
gene 1 3 23 -0.91163 0 19 -0.91163 1
gene 1 3 24 -5.85482 0 20 -5.85482 1
gene 1 3 25 4.33634 0 21 4.33634 1
gene 1 3 27 -0.920217 0 23 -0.920217 1
gene 1 4 23 -0.033799 0 27 -0.033799 1
gene 1 4 24 -1.33056 0 28 -1.33056 1
gene 1 4 25 -3.7131 0 29 -3.7131 1
gene 1 4 27 0.812438 0 31 0.812438 1
gene 1 5 23 1.26297 0 35 1.26297 1
gene 1 5 24 -6.15994 0 36 -6.15994 1
gene 1 5 25 -2.51133 0 37 -2.51133 1
gene 1 5 27 4.12431 0 39 4.12431 1
gene 1 6 23 -7.89911 0 43 -7.89911 1
gene 1 6 24 1.43564 0 44 1.43564 1
gene 1 6 25 1.75214 0 45 1.75214 1
gene 1 6 27 3.51658 0 47 3.51658 1
gene 1 7 23 4.12363 0 51 4.12363 1
gene 1 7 24 -1.11626 0 52 -1.11626 1
gene 1 7 25 -0.628393 0 53 -0.628393 1
gene 1 7 27 -0.328521 0 55 -0.328521 1
gene 1 8 23 0.224108 0 59 0.224108 1
gene 1 8 24 -6.54598 0 60 -6.54598 1
gene 1 8 25 -0.781999 0 61 -0.781999 1
gene 1 8 27 -1.65569 0 63 -1.65569 1
gene 1 9 24 6.38558 0 68 6.38558 1
gene 1 9 25 2.35699 0 69 2.35699 1
gene 1 9 27 1.71522 0 71 1.71522 1
gene 1 23 10 0.967474 0 95 0.967474 1
gene 1 23 11 -5.04958 0 96 -5.04958 1
gene 1 23 12 2.89063 0 97 2.89063 1
gene 1 23 13 -1.6199 0 98 -1.6199 1
gene 1 23 14 3.05513 0 99 3.05513 1
gene 1 23 15 -5.83029 0 100 -5.83029 1
gene 1 23 16 4.41109 0 101 4.41109 1
gene 1 23 17 -0.118566 0 102 -0.118566 1
gene 1 23 18 -2.09566 0 103 -2.09566 1
gene 1 23 19 -6.53487 0 104 -6.53487 1
gene 1 24 10 -3.06453 0 106 -3.06453 1
gene 1 24 11 -2.27699 0 107 -2.27699 1
gene 1 24 12 0.135414 0 108 0.135414 1
gene 1 24 13 3.30679 0 109 3.30679 1
gene 1 24 14 -1.77875 0 110 -1.77875 1
gene 1 24 15 0.0682722 0 111 0.0682722 1
gene 1 24 16 0.328811 0 112 0.328811 1
gene 1 24 19 6.70481 0 115 6.70481 1
gene 1 24 20 -1.10908 0 116 -1.10908 1
gene 1 25 12 -2.75011 0 119 -2.75011 1
gene 1 25 13 2.95559 0 120 2.95559 1
gene 1 25 14 -2.14682 0 121 -2.14682 1
gene 1 25 15 -1.8156 0 122 -1.8156 1
gene 1 25 16 0.00692123 0 123 0.00692123 1
gene 1 25 17 3.12261 0 124 3.12261 1
gene 1 25 18 -0.911716 0 125 -0.911716 1
gene 1 25 19 2.28453 0 126 2.28453 1
gene 1 25 20 1.68557 0 127 1.68557 1
gene 1 27 10 0.270311 0 139 0.270311 1
gene 1 27 11 -0.295416 0 140 -0.295416 1
gene 1 27 12 -4.76813 0 141 -4.76813 1
gene 1 27 14 3.45131 0 143 3.45131 1
gene 1 27 15 3.81031 0 144 3.81031 1
gene 1 27 16 2.4795 0 145 2.4795 1
gene 1 27 17 0.316556 0 146 0.316556 1
gene 1 27 18 -0.29774 0 147 -0.29774 1
gene 1 27 19 -3.0721 0 148 -3.0721 1
gene 1 27 20 1.64687 0 149 1.64687 1
gene 1 17 17 -1.24109 1 569 -1.24109 1
gene 1 18 11 -1.50551 0 655 -1.50551 1
gene 1 13 23 -0.995357 1 2290 -0.995357 1
gene 1 16 19 1.01388 0 2399 1.01388 1
gene 1 12 12 -0.427624 1 2619 -0.427624 1
gene 1 5 17 -0.762578 0 2742 -0.762578 1
gene 1 2 14 -3.26509 0 3014 -3.26509 1
gene 1 14 16 -0.926749 0 4316 -0.926749 1
gene 1 2 10 0.209803 0 4529 0.209803 1
gene 1 8 18 1.27186 0 4876 1.27186 1
gene 1 24 24 -0.230814 1 5395 -0.230814 1
gene 1 19 17 -0.756154 0 5607 -0.756154 1
gene 1 19 18 1.47535 0 6260 1.47535 1
gene 1 11 20 2.04253 0 6640 2.04253 1
gene 1 4 13 2.31825 0 6876 2.31825 1
gene 1 13 11 0.128316 0 7165 0.128316 1
gene 1 1 17 0.321035 0 7478 0.321035 1
gene 1 10 15 -0.184485 0 7589 -0.184485 1
gene 1 7 14 -1.02147 0 7685 -1.02147 1
gene 1 13 27 0.446433 0 7790 0.446433 1
gene 1 14 17 1.562 0 7903 1.562 1
gene 1 7 16 0.0224254 0 7993 0.0224254 1
gene 1 10 10 0.736698 1 8091 0.736698 1
gene 1 8 15 0.301646 0 8390 0.301646 1
gene 1 10 20 0.686351 0 8528 0.686351 1
gene 1 13 12 1.65761 0 8622 1.65761 1
gene 1 7 19 -0.256004 0 8817 -0.256004 1
genomeend 118
