/* Organism #33 Fitness: 1.008 Error: 0.992 */
genomestart 33
trait 1 0.268604 0.0303273 0.888174 0 0.683547 1 0 1 
node 1 1 0
node 2 1 1
node 3 1 1
node 4 1 1
node 5 1 1
node 6 1 1
node 7 1 1
node 8 1 1
node 9 1 1
node 10 1 2
node 11 1 2
node 12 1 2
node 13 1 2
node 14 1 2
node 15 1 2
node 16 1 2
node 17 1 2
node 18 1 2
node 19 1 2
node 20 1 2
node 21 1 3
node 23 1 3
node 24 1 3
node 25 1 3
node 26 1 3
node 27 1 3
node 218 1 3
gene 1 1 21 -2.21597 0 1 -2.21597 1
gene 1 1 23 -5.64841 0 3 -5.64841 1
gene 1 1 24 0.751118 0 4 0.751118 1
gene 1 1 26 -2.28442 0 6 -2.28442 1
gene 1 1 27 -2.46489 0 7 -2.46489 1
gene 1 2 21 -4.26965 0 9 -4.26965 1
gene 1 2 23 5.89284 0 11 5.89284 1
gene 1 2 24 -0.581473 0 12 -0.581473 1
gene 1 2 25 -3.09009 0 13 -3.09009 1
gene 1 2 26 0.741936 0 14 0.741936 1
gene 1 2 27 -2.88217 0 15 -2.88217 1
gene 1 3 21 -0.609201 0 17 -0.609201 1
gene 1 3 23 4.84932 0 19 4.84932 1
gene 1 3 24 0.275841 0 20 0.275841 1
gene 1 3 25 0.349114 0 21 0.349114 1
gene 1 3 26 -3.66315 0 22 -3.66315 1
gene 1 3 27 -1.72078 0 23 -1.72078 1
gene 1 4 21 1.77449 0 25 1.77449 1
gene 1 4 23 -0.808824 0 27 -0.808824 1
gene 1 4 24 -1.3516 0 28 -1.3516 1
gene 1 4 25 1.53199 0 29 1.53199 1
gene 1 4 26 1.48893 0 30 1.48893 1
gene 1 4 27 -0.222487 0 31 -0.222487 1
gene 1 5 21 0.216572 0 33 0.216572 1
gene 1 5 23 -5.66945 0 35 -5.66945 1
gene 1 5 24 -7.76396 0 36 -7.76396 1
gene 1 5 25 -1.94707 0 37 -1.94707 1
gene 1 5 26 -2.94871 0 38 -2.94871 1
gene 1 6 21 2.07701 0 41 2.07701 1
gene 1 6 24 -0.900929 0 44 -0.900929 1
gene 1 6 25 -2.66457 0 45 -2.66457 1
gene 1 6 26 -1.37385 0 46 -1.37385 1
gene 1 6 27 -3.12891 0 47 -3.12891 1
gene 1 7 21 3.65677 0 49 3.65677 1
gene 1 7 23 -1.34693 0 51 -1.34693 1
gene 1 7 26 0.341416 0 54 0.341416 1
gene 1 8 21 -0.0169359 0 57 -0.0169359 1
gene 1 8 23 -0.887814 0 59 -0.887814 1
gene 1 8 24 4.28448 0 60 4.28448 1
gene 1 8 25 -1.79139 0 61 -1.79139 1
gene 1 8 26 -5.1715 0 62 -5.1715 1
gene 1 8 27 -1.70871 0 63 -1.70871 1
gene 1 9 21 -4.12068 0 65 -4.12068 1
gene 1 9 23 0.0214387 0 67 0.0214387 1
gene 1 9 24 2.16525 0 68 2.16525 1
gene 1 9 25 -1.36504 0 69 -1.36504 1
gene 1 9 26 -0.16614 0 70 -0.16614 1
gene 1 9 27 -1.74414 0 71 -1.74414 1
gene 1 21 10 0.348431 0 73 0.348431 1
gene 1 21 11 3.74546 0 74 3.74546 1
gene 1 21 12 0.859917 0 75 0.859917 1
gene 1 21 13 0.957876 0 76 0.957876 1
gene 1 21 14 -0.612252 0 77 -0.612252 1
gene 1 21 15 -1.8235 0 78 -1.8235 1
gene 1 21 16 1.19429 0 79 1.19429 1
gene 1 21 17 -0.989262 0 80 -0.989262 1
gene 1 21 19 0.813877 0 82 0.813877 1
gene 1 23 10 1.77647 0 95 1.77647 1
gene 1 23 12 -3.31024 0 97 -3.31024 1
gene 1 23 13 4.85733 0 98 4.85733 1
gene 1 23 14 0.431489 0 99 0.431489 1
gene 1 23 15 4.84378 0 100 4.84378 1
gene 1 23 16 -2.20432 0 101 -2.20432 1
gene 1 23 17 -0.27363 0 102 -0.27363 1
gene 1 23 18 -1.69735 0 103 -1.69735 1
gene 1 23 19 1.60406 0 104 1.60406 1
gene 1 23 20 0.738792 0 105 0.738792 1
gene 1 24 10 -4.24569 0 106 -4.24569 1
gene 1 24 11 -1.14427 0 107 -1.14427 1
gene 1 24 12 0.208819 0 108 0.208819 1
gene 1 24 13 1.1117 0 109 1.1117 1
gene 1 24 14 0.0252047 0 110 0.0252047 1
gene 1 24 15 -1.18398 0 111 -1.18398 1
gene 1 24 16 -0.959715 0 112 -0.959715 1
gene 1 24 17 1.34919 0 113 1.34919 1
gene 1 24 18 2.99153 0 114 2.99153 1
gene 1 24 19 1.27537 0 115 1.27537 1
gene 1 24 20 1.50003 0 116 1.50003 1
gene 1 25 10 -1.60655 0 117 -1.60655 1
gene 1 25 11 3.05714 0 118 3.05714 1
gene 1 25 12 -1.18035 0 119 -1.18035 1
gene 1 25 13 1.06452 0 120 1.06452 1
gene 1 25 14 -0.0352009 0 121 -0.0352009 1
gene 1 25 15 0.349083 0 122 0.349083 1
gene 1 25 16 0.874244 0 123 0.874244 1
gene 1 25 17 -0.00472803 0 124 -0.00472803 1
gene 1 25 18 1.10767 0 125 1.10767 1
gene 1 25 19 0.699481 0 126 0.699481 1
gene 1 25 20 0.80677 0 127 0.80677 1
gene 1 26 10 -0.462762 0 128 -0.462762 1
gene 1 26 11 -0.938094 0 129 -0.938094 1
gene 1 26 12 1.26021 0 130 1.26021 1
gene 1 26 13 -2.3702 0 131 -2.3702 1
gene 1 26 14 -2.98148 0 132 -2.98148 1
gene 1 26 15 1.29005 0 133 1.29005 1
gene 1 26 16 -1.02645 0 134 -1.02645 1
gene 1 26 17 3.99782 0 135 3.99782 1
gene 1 26 18 1.63932 0 136 1.63932 1
gene 1 26 19 -1.13824 0 137 -1.13824 1
gene 1 26 20 1.02634 0 138 1.02634 1
gene 1 27 10 -1.50231 0 139 -1.50231 1
gene 1 27 11 -1.20813 0 140 -1.20813 1
gene 1 27 12 1.68419 0 141 1.68419 1
gene 1 27 14 -1.66703 0 143 -1.66703 1
gene 1 27 15 1.18856 0 144 1.18856 1
gene 1 27 16 0.566842 0 145 0.566842 1
gene 1 27 17 0.93943 0 146 0.93943 1
gene 1 27 18 0.789152 0 147 0.789152 1
gene 1 27 19 4.14482 0 148 4.14482 1
gene 1 27 20 -2.17345 0 149 -2.17345 1
gene 1 4 17 2.11998 0 294 2.11998 1
gene 1 27 25 -1.32916 0 490 -1.32916 1
gene 1 10 20 -2.78367 0 810 -2.78367 1
gene 1 20 20 1.02943 1 1551 1.02943 1
gene 1 20 11 -2.93563 0 1702 -2.93563 1
gene 1 9 15 0.310427 0 2557 0.310427 1
gene 1 6 17 0.839924 0 2759 0.839924 1
gene 1 21 25 0.100057 0 2877 0.100057 1
gene 1 24 25 0.192443 0 3979 0.192443 1
gene 1 5 13 -0.1891 0 4884 -0.1891 1
gene 1 17 16 1.01389 0 5121 1.01389 1
gene 1 21 218 -0.0613063 0 5285 -0.0613063 1
gene 1 218 18 -4.4022 0 5286 -4.4022 1
gene 1 24 27 0.17874 0 5876 0.17874 1
gene 1 1 11 -0.877769 0 6294 -0.877769 1
gene 1 25 26 2.4965 0 6798 2.4965 1
gene 1 5 15 0.130472 0 7160 0.130472 1
genomeend 33
