/* Organism #333 Fitness: 1.006 Error: 0.994 */
genomestart 333
trait 1 0 1 0 0.259203 0.8381 0 0.147825 0 
node 1 1 0
node 2 1 1
node 3 1 1
node 4 1 1
node 5 1 1
node 6 1 1
node 7 1 1
node 8 1 1
node 9 1 1
node 10 1 2
node 11 1 2
node 12 1 2
node 13 1 2
node 14 1 2
node 15 1 2
node 16 1 2
node 17 1 2
node 18 1 2
node 19 1 2
node 20 1 2
node 21 1 3
node 25 1 3
node 26 1 3
gene 1 1 21 3.0422 0 1 3.0422 1
gene 1 1 25 6.07597 0 5 6.07597 1
gene 1 1 26 -2.69107 0 6 -2.69107 1
gene 1 2 21 1.84598 0 9 1.84598 1
gene 1 2 25 -4.2455 0 13 -4.2455 1
gene 1 3 21 2.57444 0 17 2.57444 1
gene 1 3 25 -1.52189 0 21 -1.52189 1
gene 1 3 26 0.114822 0 22 0.114822 1
gene 1 4 21 -4.54956 0 25 -4.54956 1
gene 1 4 25 -0.599854 0 29 -0.599854 1
gene 1 4 26 0.687335 0 30 0.687335 1
gene 1 5 21 7.45156 0 33 7.45156 1
gene 1 5 25 -1.49056 0 37 -1.49056 1
gene 1 5 26 6.70969 0 38 6.70969 1
gene 1 6 21 -1.19954 0 41 -1.19954 1
gene 1 6 26 0.257352 0 46 0.257352 1
gene 1 7 21 -4.32044 0 49 -4.32044 1
gene 1 7 26 0.272176 0 54 0.272176 1
gene 1 8 21 -2.97556 0 57 -2.97556 1
gene 1 8 26 -0.771834 0 62 -0.771834 1
gene 1 9 21 -8 0 65 -8 1
gene 1 9 25 -1.0631 0 69 -1.0631 1
gene 1 9 26 3.8342 0 70 3.8342 1
gene 1 21 10 4.25713 0 73 4.25713 1
gene 1 21 11 -3.82997 0 74 -3.82997 1
gene 1 21 12 -3.05897 0 75 -3.05897 1
gene 1 21 13 -1.37628 0 76 -1.37628 1
gene 1 21 14 3.93902 0 77 3.93902 1
gene 1 21 15 0.282616 0 78 0.282616 1
gene 1 21 16 7.02109 0 79 7.02109 1
gene 1 21 17 -0.912906 0 80 -0.912906 1
gene 1 21 18 -1.95932 0 81 -1.95932 1
gene 1 21 19 0.362319 0 82 0.362319 1
gene 1 21 20 1.92217 0 83 1.92217 1
gene 1 25 12 6.04913 0 119 6.04913 1
gene 1 25 14 -1.51188 0 121 -1.51188 1
gene 1 25 15 -1.26199 0 122 -1.26199 1
gene 1 25 16 -8 0 123 -8 1
gene 1 25 17 -1.45956 0 124 -1.45956 1
gene 1 25 18 -0.89049 0 125 -0.89049 1
gene 1 25 19 -1.69847 0 126 -1.69847 1
gene 1 25 20 -1.11487 0 127 -1.11487 1
gene 1 26 10 6.24056 0 128 6.24056 1
gene 1 26 12 -2.06819 0 130 -2.06819 1
gene 1 26 13 0.288972 0 131 0.288972 1
gene 1 26 15 3.96583 0 133 3.96583 1
gene 1 26 16 -1.31662 0 134 -1.31662 1
gene 1 26 17 -2.90739 0 135 -2.90739 1
gene 1 26 19 -0.595947 0 137 -0.595947 1
gene 1 26 20 2.5733 0 138 2.5733 1
gene 1 20 13 2.32378 0 419 2.32378 1
gene 1 16 16 -1.04335 1 667 -1.04335 1
gene 1 3 11 3.69873 0 2251 3.69873 1
gene 1 13 13 -1.72531 1 2328 -1.72531 1
gene 1 2 16 1.05564 0 2400 1.05564 1
gene 1 20 16 -2.2022 0 2541 -2.2022 1
gene 1 15 15 4.51981 1 2642 4.51981 1
gene 1 8 10 -0.527668 0 2866 -0.527668 1
gene 1 10 15 -1.64352 0 3491 -1.64352 1
gene 1 7 17 0.330706 0 4648 0.330706 1
gene 1 17 20 -1.44471 0 4759 -1.44471 1
gene 1 14 12 0.682406 0 4846 0.682406 1
gene 1 16 15 -1.69577 0 4959 -1.69577 1
gene 1 25 25 -0.713534 1 5697 -0.713534 1
gene 1 6 11 -1.13492 0 5910 -1.13492 1
gene 1 13 12 0.825086 0 6100 0.825086 1
gene 1 10 10 -0.63767 1 6160 -0.63767 1
gene 1 5 14 -0.775061 0 6402 -0.775061 1
gene 1 1 14 1.31004 0 6706 1.31004 1
gene 1 17 11 -0.180526 0 6822 -0.180526 1
gene 1 15 16 -0.0825687 1 6873 -0.0825687 1
gene 1 19 19 0.873786 1 7198 0.873786 1
gene 1 26 14 3.9276 0 7391 3.9276 1
gene 1 4 15 -1.27655 0 7999 -1.27655 1
gene 1 5 11 0.490874 0 8252 0.490874 1
genomeend 333
