/* Organism #239 Fitness: 1.006 Error: 0.994 */
genomestart 239
trait 1 0.149081 0.0747968 0.128545 0.107977 0.908219 0.227115 0.795648 0 
node 1 1 0
node 2 1 1
node 3 1 1
node 4 1 1
node 5 1 1
node 6 1 1
node 7 1 1
node 8 1 1
node 9 1 1
node 10 1 2
node 11 1 2
node 12 1 2
node 13 1 2
node 14 1 2
node 15 1 2
node 16 1 2
node 17 1 2
node 18 1 2
node 19 1 2
node 20 1 2
node 21 1 3
node 23 1 3
node 24 1 3
node 25 1 3
node 26 1 3
node 27 1 3
gene 1 1 21 -3.97376 0 1 -3.97376 1
gene 1 1 23 -3.16598 0 3 -3.16598 1
gene 1 1 24 1.64953 0 4 1.64953 1
gene 1 1 25 -0.0846619 0 5 -0.0846619 1
gene 1 1 26 -2.45047 0 6 -2.45047 1
gene 1 1 27 -1.56244 0 7 -1.56244 1
gene 1 2 21 0.0608914 0 9 0.0608914 1
gene 1 2 23 -2.6616 0 11 -2.6616 1
gene 1 2 24 1.76113 0 12 1.76113 1
gene 1 2 25 -0.550502 0 13 -0.550502 1
gene 1 2 26 -2.48889 0 14 -2.48889 1
gene 1 2 27 1.0686 0 15 1.0686 1
gene 1 3 21 -2.28405 0 17 -2.28405 1
gene 1 3 23 1.11003 0 19 1.11003 1
gene 1 3 24 0.475783 0 20 0.475783 1
gene 1 3 25 2.29343 0 21 2.29343 1
gene 1 3 26 -0.846977 0 22 -0.846977 1
gene 1 3 27 1.31273 0 23 1.31273 1
gene 1 4 21 1.05655 0 25 1.05655 1
gene 1 4 24 -2.17219 0 28 -2.17219 1
gene 1 4 26 0.994987 0 30 0.994987 1
gene 1 4 27 2.43445 0 31 2.43445 1
gene 1 5 21 -1.64125 0 33 -1.64125 1
gene 1 5 23 -2.73165 0 35 -2.73165 1
gene 1 5 24 2.09716 0 36 2.09716 1
gene 1 5 25 0.16676 0 37 0.16676 1
gene 1 5 26 3.36753 0 38 3.36753 1
gene 1 5 27 -0.985902 0 39 -0.985902 1
gene 1 6 21 1.18008 0 41 1.18008 1
gene 1 6 23 0.384391 0 43 0.384391 1
gene 1 6 24 0.713316 0 44 0.713316 1
gene 1 6 25 -2.24533 0 45 -2.24533 1
gene 1 6 26 0.945925 0 46 0.945925 1
gene 1 6 27 -1.96787 0 47 -1.96787 1
gene 1 7 21 -0.999581 0 49 -0.999581 1
gene 1 7 23 -0.616 0 51 -0.616 1
gene 1 7 24 1.98348 0 52 1.98348 1
gene 1 7 25 -3.38312 0 53 -3.38312 1
gene 1 7 26 -0.920822 0 54 -0.920822 1
gene 1 7 27 3.72346 0 55 3.72346 1
gene 1 8 21 0.376203 0 57 0.376203 1
gene 1 8 23 0.153252 0 59 0.153252 1
gene 1 8 24 2.41207 0 60 2.41207 1
gene 1 8 25 1.49061 0 61 1.49061 1
gene 1 8 26 -2.05499 0 62 -2.05499 1
gene 1 8 27 3.31213 0 63 3.31213 1
gene 1 9 21 1.99048 0 65 1.99048 1
gene 1 9 23 0.382464 0 67 0.382464 1
gene 1 9 25 1.58287 0 69 1.58287 1
gene 1 9 26 1.49215 0 70 1.49215 1
gene 1 9 27 -0.256262 0 71 -0.256262 1
gene 1 21 10 1.56688 0 73 1.56688 1
gene 1 21 11 0.212116 0 74 0.212116 1
gene 1 21 13 -0.952469 0 76 -0.952469 1
gene 1 21 14 1.1692 0 77 1.1692 1
gene 1 21 15 1.07073 0 78 1.07073 1
gene 1 21 17 -1.56803 0 80 -1.56803 1
gene 1 21 18 0.933982 0 81 0.933982 1
gene 1 21 19 -0.599189 0 82 -0.599189 1
gene 1 21 20 -1.82153 0 83 -1.82153 1
gene 1 23 10 -1.42001 0 95 -1.42001 1
gene 1 23 11 5.27829 0 96 5.27829 1
gene 1 23 12 -3.41368 0 97 -3.41368 1
gene 1 23 13 2.29608 0 98 2.29608 1
gene 1 23 14 -2.18482 0 99 -2.18482 1
gene 1 23 15 2.98332 0 100 2.98332 1
gene 1 23 16 -0.770172 0 101 -0.770172 1
gene 1 23 17 2.19856 0 102 2.19856 1
gene 1 23 18 1.22448 0 103 1.22448 1
gene 1 23 19 0.777099 0 104 0.777099 1
gene 1 23 20 2.4656 0 105 2.4656 1
gene 1 24 10 -0.0603124 0 106 -0.0603124 1
gene 1 24 11 0.573508 0 107 0.573508 1
gene 1 24 12 2.42655 0 108 2.42655 1
gene 1 24 13 -1.75016 0 109 -1.75016 1
gene 1 24 14 -0.0592111 0 110 -0.0592111 1
gene 1 24 15 3.76479 0 111 3.76479 1
gene 1 24 16 0.0985588 0 112 0.0985588 1
gene 1 24 17 2.71834 0 113 2.71834 1
gene 1 24 18 -0.494462 0 114 -0.494462 1
gene 1 24 19 -1.11368 0 115 -1.11368 1
gene 1 24 20 1.45419 0 116 1.45419 1
gene 1 25 10 -0.689046 0 117 -0.689046 1
gene 1 25 11 1.20613 0 118 1.20613 1
gene 1 25 12 0.994574 0 119 0.994574 1
gene 1 25 13 4.04064 0 120 4.04064 1
gene 1 25 14 -0.191498 0 121 -0.191498 1
gene 1 25 15 1.82451 0 122 1.82451 1
gene 1 25 16 -3.61027 0 123 -3.61027 1
gene 1 25 17 1.06659 0 124 1.06659 1
gene 1 25 18 -1.54001 0 125 -1.54001 1
gene 1 25 19 0.223084 0 126 0.223084 1
gene 1 25 20 -0.445806 0 127 -0.445806 1
gene 1 26 10 2.53977 0 128 2.53977 1
gene 1 26 11 2.96408 0 129 2.96408 1
gene 1 26 12 1.00315 0 130 1.00315 1
gene 1 26 13 -0.286545 0 131 -0.286545 1
gene 1 26 14 -0.719697 0 132 -0.719697 1
gene 1 26 15 1.06268 0 133 1.06268 1
gene 1 26 16 1.47476 0 134 1.47476 1
gene 1 26 17 -2.68931 0 135 -2.68931 1
gene 1 26 18 -0.842216 0 136 -0.842216 1
gene 1 26 20 1.02671 0 138 1.02671 1
gene 1 27 10 -1.43512 0 139 -1.43512 1
gene 1 27 11 -0.187979 0 140 -0.187979 1
gene 1 27 12 -2.19366 0 141 -2.19366 1
gene 1 27 13 -2.22637 0 142 -2.22637 1
gene 1 27 14 0.972124 0 143 0.972124 1
gene 1 27 16 -0.214562 0 145 -0.214562 1
gene 1 27 17 -1.59875 0 146 -1.59875 1
gene 1 27 18 -0.450779 0 147 -0.450779 1
gene 1 27 19 -1.9355 0 148 -1.9355 1
gene 1 27 20 -2.44409 0 149 -2.44409 1
gene 1 23 27 -2.77643 0 303 -2.77643 1
gene 1 16 16 0.920182 1 417 0.920182 1
gene 1 12 14 0.616274 0 844 0.616274 1
gene 1 15 15 0.794067 1 958 0.794067 1
gene 1 19 25 2.14728 1 1105 2.14728 1
gene 1 20 15 1.63834 0 1221 1.63834 1
gene 1 17 18 -1.50985 0 1774 -1.50985 1
gene 1 14 11 0.818876 0 1884 0.818876 1
gene 1 4 25 0.254113 0 1987 0.254113 1
gene 1 19 12 -0.292389 0 2334 -0.292389 1
gene 1 17 12 -0.222152 0 2572 -0.222152 1
genomeend 239
