/* Organism #42 Fitness: 1.009 Error: 0.991 */
genomestart 42
trait 1 0.417224 0.72737 0.159839 0 0.484281 0.477098 0.542855 0.2 
node 1 1 0
node 2 1 1
node 3 1 1
node 4 1 1
node 5 1 1
node 6 1 1
node 7 1 1
node 8 1 1
node 9 1 1
node 10 1 2
node 11 1 2
node 12 1 2
node 13 1 2
node 14 1 2
node 15 1 2
node 16 1 2
node 17 1 2
node 18 1 2
node 19 1 2
node 20 1 2
node 21 1 3
node 23 1 3
node 25 1 3
node 208 1 3
gene 1 1 21 -3.31403 0 1 -3.31403 1
gene 1 1 23 -1.3012 0 3 -1.3012 1
gene 1 1 25 0.856046 0 5 0.856046 1
gene 1 2 21 -0.071839 0 9 -0.071839 1
gene 1 2 23 0.182573 0 11 0.182573 1
gene 1 3 21 1.09016 0 17 1.09016 1
gene 1 3 23 1.14634 0 19 1.14634 1
gene 1 3 25 -5.86413 0 21 -5.86413 1
gene 1 4 21 3.03748 0 25 3.03748 1
gene 1 4 23 -0.753111 0 27 -0.753111 1
gene 1 4 25 -3.64021 0 29 -3.64021 1
gene 1 5 21 2.07204 0 33 2.07204 1
gene 1 5 23 -5.51476 0 35 -5.51476 1
gene 1 5 25 -0.780149 0 37 -0.780149 1
gene 1 6 25 0.847715 0 45 0.847715 1
gene 1 7 21 -0.698235 0 49 -0.698235 1
gene 1 7 23 0.0502742 0 51 0.0502742 1
gene 1 7 25 -0.846882 0 53 -0.846882 1
gene 1 8 21 -2.08775 0 57 -2.08775 1
gene 1 8 23 -2.49873 0 59 -2.49873 1
gene 1 8 25 4.55068 0 61 4.55068 1
gene 1 9 21 -0.279339 0 65 -0.279339 1
gene 1 9 23 4.21583 0 67 4.21583 1
gene 1 9 25 0.299846 0 69 0.299846 1
gene 1 21 10 2.188 0 73 2.188 1
gene 1 21 11 -0.316694 0 74 -0.316694 1
gene 1 21 12 -2.90227 0 75 -2.90227 1
gene 1 21 13 1.04246 0 76 1.04246 1
gene 1 21 14 -1.20438 0 77 -1.20438 1
gene 1 21 16 -2.61179 0 79 -2.61179 1
gene 1 21 17 0.884409 0 80 0.884409 1
gene 1 21 18 0.136332 0 81 0.136332 1
gene 1 21 19 -1.07311 0 82 -1.07311 1
gene 1 21 20 5.55358 0 83 5.55358 1
gene 1 23 10 -7.42011 0 95 -7.42011 1
gene 1 23 11 -0.350152 0 96 -0.350152 1
gene 1 23 12 -1.61635 0 97 -1.61635 1
gene 1 23 13 -0.348672 0 98 -0.348672 1
gene 1 23 15 0.563636 0 100 0.563636 1
gene 1 23 16 -0.575381 0 101 -0.575381 1
gene 1 23 18 4.56783 0 103 4.56783 1
gene 1 23 19 -1.86006 0 104 -1.86006 1
gene 1 23 20 1.93752 0 105 1.93752 1
gene 1 25 10 -1.55287 0 117 -1.55287 1
gene 1 25 11 -0.0183026 0 118 -0.0183026 1
gene 1 25 12 -0.229748 0 119 -0.229748 1
gene 1 25 13 -2.01624 0 120 -2.01624 1
gene 1 25 14 0.850411 0 121 0.850411 1
gene 1 25 15 1.182 0 122 1.182 1
gene 1 25 16 0.355069 0 123 0.355069 1
gene 1 25 17 2.55843 0 124 2.55843 1
gene 1 25 18 1.90454 0 125 1.90454 1
gene 1 25 19 -0.055327 0 126 -0.055327 1
gene 1 25 20 1.85877 0 127 1.85877 1
gene 1 9 14 2.15648 0 523 2.15648 1
gene 1 19 17 1.30679 0 643 1.30679 1
gene 1 12 19 1.48247 0 878 1.48247 1
gene 1 9 13 3.36461 0 1146 3.36461 1
gene 1 6 11 0.165736 0 1896 0.165736 1
gene 1 16 12 -0.393124 0 2231 -0.393124 1
gene 1 11 20 0.2653 0 2460 0.2653 1
gene 1 2 17 1.35104 0 3834 1.35104 1
gene 1 13 19 -1.45341 0 4276 -1.45341 1
gene 1 21 208 0.663565 0 4488 0.663565 1
gene 1 208 15 -3.44905 0 4489 -3.44905 1
gene 1 10 10 -0.256959 1 4862 -0.256959 1
gene 1 14 14 1.41882 1 5081 1.41882 1
gene 1 3 208 -0.259435 0 5575 -0.259435 1
genomeend 42
