/* Organism #150 Fitness: 1.001 Error: 0.999 */
genomestart 150
trait 1 0.149081 0.0747968 0.128545 0.107977 0.908219 0.227115 0.795648 0 
node 1 1 0
node 2 1 1
node 3 1 1
node 4 1 1
node 5 1 1
node 6 1 1
node 7 1 1
node 8 1 1
node 9 1 1
node 10 1 1
node 11 1 1
node 12 1 2
node 13 1 2
node 14 1 2
node 15 1 2
node 16 1 2
node 17 1 2
node 18 1 2
node 19 1 2
node 20 1 2
node 21 1 2
node 22 1 2
node 23 1 2
node 24 1 2
node 25 1 2
node 26 1 3
node 27 1 3
node 28 1 3
node 29 1 3
node 30 1 3
node 31 1 3
node 32 1 3
node 33 1 3
node 34 1 3
node 35 1 3
gene 1 1 26 0.694752 0 1 0.694752 1
gene 1 1 27 -0.356623 0 2 -0.356623 1
gene 1 1 28 -0.663382 0 3 -0.663382 1
gene 1 1 29 0.975795 0 4 0.975795 1
gene 1 1 30 -0.34271 0 5 -0.34271 1
gene 1 1 31 -0.471968 0 6 -0.471968 1
gene 1 1 32 -0.455574 0 7 -0.455574 1
gene 1 1 33 -0.249715 0 8 -0.249715 1
gene 1 1 34 0.199951 0 9 0.199951 1
gene 1 1 35 -0.246141 0 10 -0.246141 1
gene 1 2 26 0.411783 0 11 0.411783 1
gene 1 2 27 0.72838 0 12 0.72838 1
gene 1 2 28 0.386626 0 13 0.386626 1
gene 1 2 29 -0.279145 0 14 -0.279145 1
gene 1 2 30 -0.894167 0 15 -0.894167 1
gene 1 2 31 -0.828644 0 16 -0.828644 1
gene 1 2 32 -0.955372 0 17 -0.955372 1
gene 1 2 33 0.406914 0 18 0.406914 1
gene 1 2 34 0.635514 0 19 0.635514 1
gene 1 2 35 -0.746296 0 20 -0.746296 1
gene 1 3 26 0.210598 0 21 0.210598 1
gene 1 3 27 -0.42088 0 22 -0.42088 1
gene 1 3 28 0.97262 0 23 0.97262 1
gene 1 3 29 -0.0486652 0 24 -0.0486652 1
gene 1 3 30 -0.294871 0 25 -0.294871 1
gene 1 3 31 0.0876508 0 26 0.0876508 1
gene 1 3 32 -0.915657 0 27 -0.915657 1
gene 1 3 33 0.171707 0 28 0.171707 1
gene 1 3 34 -0.312368 0 29 -0.312368 1
gene 1 3 35 -0.781086 0 30 -0.781086 1
gene 1 4 26 -0.0892719 0 31 -0.0892719 1
gene 1 4 27 -0.721561 0 32 -0.721561 1
gene 1 4 28 0.497179 0 33 0.497179 1
gene 1 4 29 0.0763054 0 34 0.0763054 1
gene 1 4 30 -0.70306 0 35 -0.70306 1
gene 1 4 31 -0.146633 0 36 -0.146633 1
gene 1 4 32 -0.135682 0 37 -0.135682 1
gene 1 4 33 0.858829 0 38 0.858829 1
gene 1 4 34 0.186715 0 39 0.186715 1
gene 1 4 35 0.859816 0 40 0.859816 1
gene 1 5 26 -0.414959 0 41 -0.414959 1
gene 1 5 27 0.89 0 42 0.89 1
gene 1 5 28 -0.993268 0 43 -0.993268 1
gene 1 5 29 -0.789195 0 44 -0.789195 1
gene 1 5 30 0.480253 0 45 0.480253 1
gene 1 5 31 0.244536 0 46 0.244536 1
gene 1 5 32 0.160707 0 47 0.160707 1
gene 1 5 33 -0.50374 0 48 -0.50374 1
gene 1 5 34 0.939851 0 49 0.939851 1
gene 1 5 35 -0.0353774 0 50 -0.0353774 1
gene 1 6 26 0.382357 0 51 0.382357 1
gene 1 6 27 -0.95841 0 52 -0.95841 1
gene 1 6 28 -0.178018 0 53 -0.178018 1
gene 1 6 29 0.470778 0 54 0.470778 1
gene 1 6 30 -0.548288 0 55 -0.548288 1
gene 1 6 31 -0.716183 0 56 -0.716183 1
gene 1 6 32 -0.0434561 0 57 -0.0434561 1
gene 1 6 33 0.574049 0 58 0.574049 1
gene 1 6 34 0.389528 0 59 0.389528 1
gene 1 6 35 0.779717 0 60 0.779717 1
gene 1 7 26 0.0322452 0 61 0.0322452 1
gene 1 7 27 -0.170209 0 62 -0.170209 1
gene 1 7 28 0.32649 0 63 0.32649 1
gene 1 7 29 0.223382 0 64 0.223382 1
gene 1 7 30 0.864194 0 65 0.864194 1
gene 1 7 31 -0.440453 0 66 -0.440453 1
gene 1 7 32 0.59159 0 67 0.59159 1
gene 1 7 33 0.115949 0 68 0.115949 1
gene 1 7 34 -0.356417 0 69 -0.356417 1
gene 1 7 35 -0.583797 0 70 -0.583797 1
gene 1 8 26 0.520638 0 71 0.520638 1
gene 1 8 27 0.742959 0 72 0.742959 1
gene 1 8 28 -0.177594 0 73 -0.177594 1
gene 1 8 29 -0.0237709 0 74 -0.0237709 1
gene 1 8 30 0.902039 0 75 0.902039 1
gene 1 8 31 -0.695126 0 76 -0.695126 1
gene 1 8 32 0.630733 0 77 0.630733 1
gene 1 8 33 0.0211874 0 78 0.0211874 1
gene 1 8 34 -0.24391 0 79 -0.24391 1
gene 1 8 35 0.223508 0 80 0.223508 1
gene 1 9 26 -0.788813 0 81 -0.788813 1
gene 1 9 27 0.209151 0 82 0.209151 1
gene 1 9 28 0.128724 0 83 0.128724 1
gene 1 9 29 -0.00909081 0 84 -0.00909081 1
gene 1 9 30 -0.554577 0 85 -0.554577 1
gene 1 9 31 -0.410687 0 86 -0.410687 1
gene 1 9 32 -0.392451 0 87 -0.392451 1
gene 1 9 33 0.357727 0 88 0.357727 1
gene 1 9 34 -0.915819 0 89 -0.915819 1
gene 1 9 35 0.654011 0 90 0.654011 1
gene 1 10 26 0.394938 0 91 0.394938 1
gene 1 10 27 0.342371 0 92 0.342371 1
gene 1 10 28 0.466063 0 93 0.466063 1
gene 1 10 29 0.117638 0 94 0.117638 1
gene 1 10 30 0.272429 0 95 0.272429 1
gene 1 10 31 0.0531258 0 96 0.0531258 1
gene 1 10 32 -0.292763 0 97 -0.292763 1
gene 1 10 33 -0.431582 0 98 -0.431582 1
gene 1 10 34 0.179619 0 99 0.179619 1
gene 1 10 35 0.975784 0 100 0.975784 1
gene 1 11 26 0.266421 0 101 0.266421 1
gene 1 11 27 0.41809 0 102 0.41809 1
gene 1 11 28 0.341242 0 103 0.341242 1
gene 1 11 29 -0.0581136 0 104 -0.0581136 1
gene 1 11 30 0.0392191 0 105 0.0392191 1
gene 1 11 31 -0.333765 0 106 -0.333765 1
gene 1 11 32 -0.115547 0 107 -0.115547 1
gene 1 11 33 -0.220997 0 108 -0.220997 1
gene 1 11 34 -0.477176 0 109 -0.477176 1
gene 1 11 35 -0.566385 0 110 -0.566385 1
gene 1 26 12 -0.799294 0 111 -0.799294 1
gene 1 26 13 0.837335 0 112 0.837335 1
gene 1 26 14 -0.0617223 0 113 -0.0617223 1
gene 1 26 15 0.874217 0 114 0.874217 1
gene 1 26 16 -0.716279 0 115 -0.716279 1
gene 1 26 17 -0.737998 0 116 -0.737998 1
gene 1 26 18 -0.562769 0 117 -0.562769 1
gene 1 26 19 -0.551031 0 118 -0.551031 1
gene 1 26 20 0.872319 0 119 0.872319 1
gene 1 26 21 0.621758 0 120 0.621758 1
gene 1 26 22 -0.680367 0 121 -0.680367 1
gene 1 26 23 0.285016 0 122 0.285016 1
gene 1 26 24 0.0501469 0 123 0.0501469 1
gene 1 26 25 -0.571819 0 124 -0.571819 1
gene 1 27 12 0.914938 0 125 0.914938 1
gene 1 27 13 0.926758 0 126 0.926758 1
gene 1 27 14 -0.489225 0 127 -0.489225 1
gene 1 27 15 0.0569095 0 128 0.0569095 1
gene 1 27 16 -0.802603 0 129 -0.802603 1
gene 1 27 17 0.730583 0 130 0.730583 1
gene 1 27 18 0.677924 0 131 0.677924 1
gene 1 27 19 0.290585 0 132 0.290585 1
gene 1 27 20 -0.5632 0 133 -0.5632 1
gene 1 27 21 0.302091 0 134 0.302091 1
gene 1 27 22 -0.417778 0 135 -0.417778 1
gene 1 27 23 0.966166 0 136 0.966166 1
gene 1 27 24 0.318694 0 137 0.318694 1
gene 1 27 25 0.00462464 0 138 0.00462464 1
gene 1 28 12 0.103664 0 139 0.103664 1
gene 1 28 13 -0.337016 0 140 -0.337016 1
gene 1 28 14 -0.353813 0 141 -0.353813 1
gene 1 28 15 -0.586104 0 142 -0.586104 1
gene 1 28 16 0.00938207 0 143 0.00938207 1
gene 1 28 17 -0.517806 0 144 -0.517806 1
gene 1 28 18 0.230208 0 145 0.230208 1
gene 1 28 19 -0.362092 0 146 -0.362092 1
gene 1 28 20 0.450582 0 147 0.450582 1
gene 1 28 21 0.43093 0 148 0.43093 1
gene 1 28 22 -0.503994 0 149 -0.503994 1
gene 1 28 23 -0.0866115 0 150 -0.0866115 1
gene 1 28 24 0.352915 0 151 0.352915 1
gene 1 28 25 0.698125 0 152 0.698125 1
gene 1 29 12 0.176041 0 153 0.176041 1
gene 1 29 13 0.602136 0 154 0.602136 1
gene 1 29 14 -0.260008 0 155 -0.260008 1
gene 1 29 15 0.94845 0 156 0.94845 1
gene 1 29 16 0.420029 0 157 0.420029 1
gene 1 29 17 -0.425401 0 158 -0.425401 1
gene 1 29 18 0.43487 0 159 0.43487 1
gene 1 29 19 -0.221167 0 160 -0.221167 1
gene 1 29 20 -0.011997 0 161 -0.011997 1
gene 1 29 21 -0.700388 0 162 -0.700388 1
gene 1 29 22 -0.79614 0 163 -0.79614 1
gene 1 29 23 0.2813 0 164 0.2813 1
gene 1 29 24 0.684704 0 165 0.684704 1
gene 1 29 25 0.296406 0 166 0.296406 1
gene 1 30 12 -0.343045 0 167 -0.343045 1
gene 1 30 13 -0.448441 0 168 -0.448441 1
gene 1 30 14 0.995541 0 169 0.995541 1
gene 1 30 15 0.433343 0 170 0.433343 1
gene 1 30 16 -0.403622 0 171 -0.403622 1
gene 1 30 17 0.643973 0 172 0.643973 1
gene 1 30 18 0.810899 0 173 0.810899 1
gene 1 30 19 -0.711193 0 174 -0.711193 1
gene 1 30 20 0.640225 0 175 0.640225 1
gene 1 30 21 0.557719 0 176 0.557719 1
gene 1 30 22 -0.17479 0 177 -0.17479 1
gene 1 30 23 -0.197809 0 178 -0.197809 1
gene 1 30 24 0.400598 0 179 0.400598 1
gene 1 30 25 -0.151876 0 180 -0.151876 1
gene 1 31 12 -0.693828 0 181 -0.693828 1
gene 1 31 13 0.039267 0 182 0.039267 1
gene 1 31 14 0.349427 0 183 0.349427 1
gene 1 31 15 0.372523 0 184 0.372523 1
gene 1 31 16 0.242758 0 185 0.242758 1
gene 1 31 17 0.969824 0 186 0.969824 1
gene 1 31 18 0.684957 0 187 0.684957 1
gene 1 31 19 -0.391634 0 188 -0.391634 1
gene 1 31 20 -0.233042 0 189 -0.233042 1
gene 1 31 21 0.876385 0 190 0.876385 1
gene 1 31 22 0.377175 0 191 0.377175 1
gene 1 31 23 0.442714 0 192 0.442714 1
gene 1 31 24 -0.496346 0 193 -0.496346 1
gene 1 31 25 -0.338892 0 194 -0.338892 1
gene 1 32 12 0.239164 0 195 0.239164 1
gene 1 32 13 0.931923 0 196 0.931923 1
gene 1 32 14 0.0650888 0 197 0.0650888 1
gene 1 32 15 0.371933 0 198 0.371933 1
gene 1 32 16 -0.0716499 0 199 -0.0716499 1
gene 1 32 17 0.59701 0 200 0.59701 1
gene 1 32 18 0.978904 0 201 0.978904 1
gene 1 32 19 0.641781 0 202 0.641781 1
gene 1 32 20 -0.42501 0 203 -0.42501 1
gene 1 32 21 -0.421576 0 204 -0.421576 1
gene 1 32 22 -0.463999 0 205 -0.463999 1
gene 1 32 23 -0.327059 0 206 -0.327059 1
gene 1 32 24 0.0905533 0 207 0.0905533 1
gene 1 32 25 0.368748 0 208 0.368748 1
gene 1 33 12 -0.774744 0 209 -0.774744 1
gene 1 33 13 0.728611 0 210 0.728611 1
gene 1 33 14 -0.723668 0 211 -0.723668 1
gene 1 33 15 0.184989 0 212 0.184989 1
gene 1 33 16 0.877154 0 213 0.877154 1
gene 1 33 17 -0.182633 0 214 -0.182633 1
gene 1 33 18 -0.966199 0 215 -0.966199 1
gene 1 33 19 -0.0193114 0 216 -0.0193114 1
gene 1 33 20 0.44232 0 217 0.44232 1
gene 1 33 21 -0.258579 0 218 -0.258579 1
gene 1 33 22 -0.727523 0 219 -0.727523 1
gene 1 33 23 -0.337076 0 220 -0.337076 1
gene 1 33 24 -0.126916 0 221 -0.126916 1
gene 1 33 25 -0.279445 0 222 -0.279445 1
gene 1 34 12 -0.131671 0 223 -0.131671 1
gene 1 34 13 0.91496 0 224 0.91496 1
gene 1 34 14 0.415136 0 225 0.415136 1
gene 1 34 15 -0.75648 0 226 -0.75648 1
gene 1 34 16 -0.873426 0 227 -0.873426 1
gene 1 34 17 0.329615 0 228 0.329615 1
gene 1 34 18 0.59872 0 229 0.59872 1
gene 1 34 19 -0.641741 0 230 -0.641741 1
gene 1 34 20 0.176707 0 231 0.176707 1
gene 1 34 21 0.268073 0 232 0.268073 1
gene 1 34 22 0.177061 0 233 0.177061 1
gene 1 34 23 0.756545 0 234 0.756545 1
gene 1 34 24 0.494188 0 235 0.494188 1
gene 1 34 25 -0.127715 0 236 -0.127715 1
gene 1 35 12 -0.482676 0 237 -0.482676 1
gene 1 35 13 0.098131 0 238 0.098131 1
gene 1 35 14 -0.0526017 0 239 -0.0526017 1
gene 1 35 15 -0.280278 0 240 -0.280278 1
gene 1 35 16 -0.523315 0 241 -0.523315 1
gene 1 35 17 -0.633961 0 242 -0.633961 1
gene 1 35 18 -0.119351 0 243 -0.119351 1
gene 1 35 19 0.870136 0 244 0.870136 1
gene 1 35 20 -0.981902 0 245 -0.981902 1
gene 1 35 21 0.377026 0 246 0.377026 1
gene 1 35 22 -0.592827 0 247 -0.592827 1
gene 1 35 23 0.303596 0 248 0.303596 1
gene 1 35 24 -0.583763 0 249 -0.583763 1
gene 1 35 25 0.904889 0 250 0.904889 1
genomeend 150
