[[-48937.464,-48940.84,-48944.46,-48943.204,-48941.016,-48944.404,-48946.796,-48944.42,-48943.5,-48941.264,-48939.572,-48942.992,-48940.312,-48944.988,-48941.484,-48944.316,-48944.704,-48943.196,-48944.54,-48941.624],instances/qap/Bwil50.dat.dat,experiments/transfer_qap/top_controllers/sko56_gen_0002,qap,500]
[[-171109.232,-171122.388,-171118.66,-171115.792,-171116.8,-171116.392,-171115.6,-171117.738,-171118.052,-171120.258,-171119.16,-171129.754,-171123.316,-171122.226,-171119.892,-171117.658,-171119.796,-171120.012,-171118.772,-171119.068],instances/qap/Alipa70a.dat.dat,experiments/transfer_qap/top_controllers/sko64_gen_0012,qap,500]
[[-2905865.876,-2907100.608,-2928285.294,-2924294.252,-2930027.288,-2910704.292,-2920920.94,-2915060.99,-2927277.644,-2927150.378,-2925733.194,-2925968.032,-2915878.864,-2921808.812,-2921707.456,-2915884.45,-2925835.618,-2926795.914,-2921108.636,-2913920.972],instances/qap/Alipa60b.dat.dat,experiments/transfer_qap/top_controllers/sko56_gen_0002,qap,500]
[[-108176.26,-108178.404,-108174.53,-108173.166,-108170.788,-108172.216,-108173.022,-108174.778,-108174.37,-108172.696,-108174.488,-108174.814,-108174.92,-108174.346,-108172.736,-108176.158,-108175.232,-108174.276,-108173.352,-108169.428],instances/qap/Alipa60a.dat.dat,experiments/transfer_qap/top_controllers/sko64_gen_0012,qap,500]
[[-2893023.752,-2896321.272,-2906199.902,-2893935.94,-2907938.426,-2903124.416,-2892380.232,-2894337.41,-2904517.696,-2902982.096,-2900043.566,-2914142.456,-2905573.336,-2894349.28,-2910503.172,-2918821.932,-2904881.43,-2903573.312,-2892228.054,-2906905.254],instances/qap/Alipa60b.dat.dat,experiments/transfer_qap/top_controllers/sko64_gen_0012,qap,500]
[[-5068298.832,-5069413.304,-5068887.456,-5070081.028,-5071779.268,-5070717.936,-5070517.468,-5071234.76,-5068738.388,-5069175.768,-5068998.744,-5068535.4,-5070045.6,-5069714.3,-5069268.392,-5069518.24,-5070061.328,-5068693.132,-5070011.464,-5068980.84],instances/qap/Atai50a.dat.dat,experiments/transfer_qap/top_controllers/sko56_gen_0002,qap,500]
[[-108191.442,-108186.374,-108182.708,-108183.9,-108183.996,-108182.704,-108182.782,-108186.562,-108185.234,-108186.068,-108185.456,-108183.252,-108183.392,-108184.224,-108183.728,-108186.548,-108187.264,-108183.912,-108184.816,-108186.22],instances/qap/Alipa60a.dat.dat,experiments/transfer_qap/top_controllers/sko56_gen_0002,qap,500]
[[-7413766.12,-7411476.876,-7409742.356,-7409431.46,-7408246.008,-7408334.396,-7412664.084,-7410788.792,-7412095.66,-7410516.304,-7411015.372,-7412084.508,-7410843.496,-7410053.8,-7410587.228,-7411390.328,-7410661.296,-7410808.124,-7409867.116,-7409534.612],instances/qap/Atai60a.dat.dat,experiments/transfer_qap/top_controllers/sko56_gen_0002,qap,500]
[[-67026.816,-67050.104,-67025.424,-67025.796,-67050.752,-67039.792,-67040.272,-67022.332,-67031.028,-67029.976,-67030.556,-67021.664,-67023.92,-67028.176,-67033.084,-67041.052,-67036.964,-67031.568,-67047.392,-67033.152],instances/qap/Bsko72.dat.dat,experiments/transfer_qap/top_controllers/sko56_gen_0002,qap,500]
[[-48932.184,-48919.792,-48919.084,-48911.604,-48923.472,-48917.736,-48919.372,-48930.844,-48936.192,-48925.368,-48924.072,-48905.484,-48922.78,-48930.408,-48915.592,-48916.988,-48928.436,-48919.236,-48909.224,-48912.032],instances/qap/Bsko64.dat.dat,experiments/transfer_qap/top_controllers/sko56_gen_0002,qap,500]
[[-275749.832,-275430.176,-275427.432,-275435.08,-275451.744,-275421.324,-275450.136,-275535.3,-275505.632,-275427.016,-275417.676,-275411.552,-275428.14,-275418.936,-275413.604,-275422.184,-275434.184,-275416.84,-275412.616,-275365.692],instances/qap/Bwil100.dat.dat,experiments/transfer_qap/top_controllers/sko56_gen_0002,qap,500]
[[-5403745.098,-5395699.16,-5408823.704,-5412518.078,-5383044.67,-5417197.872,-5387589.886,-5400267.268,-5407052.66,-5429745.89,-5407687.708,-5409644.35,-5394270.606,-5399348.524,-5397059.054,-5388245.64,-5409194.21,-5403076.824,-5415277.302,-5416199.946],instances/qap/Alipa70b.dat.dat,experiments/transfer_qap/top_controllers/sko64_gen_0012,qap,500]
[[-13951728.34,-13950141.512,-13948518.988,-13953056.896,-13949877.1,-13950148.348,-13950700.36,-13953478.928,-13950681.58,-13950938.992,-13951289.88,-13950875.1,-13950925.948,-13951695.288,-13950639.14,-13951823.496,-13948891.484,-13951739.656,-13951318.42,-13951876.272],instances/qap/Atai80a.dat.dat,experiments/transfer_qap/top_controllers/sko56_gen_0002,qap,500]
[[-843713407.386,-843258907.61,-842969716.722,-843078928.96,-843188965.33,-843529355.398,-843174516.81,-843070279.412,-843031942.328,-842547612.248,-843082487.924,-842927129.976,-843009281.268,-842573993.358,-842762177.938,-842774732.982,-842694489.024,-842932874.85,-844133614.066,-844153748.838],instances/qap/Ctai80b.dat.dat,experiments/transfer_qap/top_controllers/sko56_gen_0002,qap,500]
[[-34746.824,-34723.8,-34724.492,-34718.964,-34720.072,-34720.576,-34726.776,-34721.288,-34729.188,-34725.3,-34723.192,-34721.144,-34730.816,-34722.356,-34718.724,-34728.448,-34718.944,-34729.62,-34737.144,-34741.904],instances/qap/Bsko56.dat.dat,experiments/transfer_qap/top_controllers/sko56_gen_0002,qap,500]
[[-6425.108,-6427.744,-6422.98,-6427.116,-6428.812,-6426.576,-6418.408,-6426.684,-6424.468,-6428.204,-6423.888,-6433.248,-6424.952,-6429.224,-6428.684,-6430.728,-6427.004,-6424.052,-6427.688,-6424.068],instances/qap/Cchr22b.dat.dat,experiments/transfer_qap/top_controllers/sko56_gen_0002,qap,500]
[[-4490.46,-4497.38,-4499.576,-4499.576,-4507.936,-4502.208,-4495.464,-4513.368,-4470.076,-4496.576,-4491.716,-4498.5,-4488.444,-4498.668,-4495.9,-4491.128,-4485.016,-4499.676,-4496.42,-4501.9],instances/qap/Cchr25a.dat.dat,experiments/transfer_qap/top_controllers/sko56_gen_0002,qap,500]
[[-5471540.714,-5450221.976,-5475967.62,-5474836.3,-5471798.974,-5478639.098,-5470085.308,-5480970.624,-5481368.21,-5482195.008,-5470084.19,-5469793.262,-5461374.428,-5447395.04,-5465140.2,-5463302.666,-5470184.926,-5461476.938,-5483844.188,-5473694.246],instances/qap/Alipa70b.dat.dat,experiments/transfer_qap/top_controllers/sko56_gen_0002,qap,500]
[[-171171.228,-171160.534,-171162.14,-171159.036,-171159.102,-171153.61,-171162.22,-171163.382,-171161.976,-171158.164,-171161.638,-171161.238,-171155.344,-171161.534,-171157.944,-171158.69,-171163.792,-171157.374,-171160.044,-171161.414],instances/qap/Alipa70a.dat.dat,experiments/transfer_qap/top_controllers/sko56_gen_0002,qap,500]
[[-461831110.37,-462085672.99,-462003464.972,-461775670.54,-461829913.552,-461877536.588,-461698920.6,-461696458.528,-461938398.844,-461775552.396,-461914479.394,-461964598.882,-461877855.028,-461832129.324,-462054168.328,-462110410.3,-462025617.288,-462024057.884,-462091447.2,-462112173.618],instances/qap/Ctai50b.dat.dat,experiments/transfer_qap/top_controllers/sko56_gen_0002,qap,500]
[[-5066334.688,-5066870.812,-5066829.112,-5066955.104,-5067318.184,-5067400.164,-5066699.14,-5066298.452,-5067561.044,-5067715.052,-5067001.704,-5067649.116,-5068404.464,-5068809.048,-5067006.832,-5067105.996,-5067045.496,-5066659.508,-5066313.508,-5067281.364],instances/qap/Atai50a.dat.dat,experiments/transfer_qap/top_controllers/sko64_gen_0012,qap,500]
[[-8538591.564,-8522113.292,-8518495.524,-8519419.648,-8520962.484,-8521912.292,-8523045.048,-8525094.884,-8520717.308,-8524388.38,-8521999.5,-8522951.268,-8525205.836,-8519635.992,-8521120.952,-8540837.724,-8543541.188,-8524253.68,-8526682.492,-8509425.124],instances/qap/Btho150.dat.dat,experiments/transfer_qap/top_controllers/sko56_gen_0002,qap,500]
[[-615937574.006,-614842641.116,-614676091.364,-614637750.164,-614658793.622,-614760921.59,-614474325.572,-614571931.158,-614933110.62,-615561343.566,-615535620.58,-615325134.998,-614424859.174,-614482747.228,-615295166.904,-615638540.73,-615358423.49,-615092065.812,-615325439.644,-615406913.476],instances/qap/Ctai60b.dat.dat,experiments/transfer_qap/top_controllers/sko56_gen_0002,qap,500]
[[-1226645457.12,-1222665697.328,-1223835176.134,-1223190940.482,-1223063462.956,-1223011122.022,-1223341462.334,-1223008447.138,-1222861087.996,-1222252894.184,-1224794721.782,-1226016896.424,-1224240881.33,-1223265768.48,-1223850222.742,-1222696532.292,-1223060855.322,-1223479508.654,-1222697161.616,-1221478976.264],instances/qap/Ctai100b.dat.dat,experiments/transfer_qap/top_controllers/sko56_gen_0002,qap,500]
[[-612028746.258,-612013961.936,-612304666.566,-612113203.464,-612472445.242,-612251762.354,-612205043.274,-612507539.896,-612259436.578,-612300895.16,-612318305.08,-612151908.536,-612208659.244,-612314524.074,-612470490.138,-612439028.914,-612237207.622,-612349977.304,-612674493.354,-612412362.882],instances/qap/Ctai60b.dat.dat,experiments/transfer_qap/top_controllers/sko64_gen_0012,qap,500]
[[-13888028.956,-13890915.06,-13893938.344,-13893586.724,-13895860.844,-13896571.892,-13894523.448,-13896161.924,-13891567.668,-13893637.832,-13893137.94,-13891070.056,-13892279.392,-13892552.624,-13894805.424,-13894817.636,-13896014.608,-13892048.1,-13894057.044,-13894192.384],instances/qap/Atai80a.dat.dat,experiments/transfer_qap/top_controllers/sko72_gen_0650,qap,500]
[[-461348141.292,-461132352.668,-461253450.282,-460898986.136,-461102408.796,-461034496.152,-461131260.058,-461101202.524,-461032535.36,-461013537.704,-460999798.578,-461067371.408,-461127392.28,-461291071.622,-461040888.69,-460974859.73,-461024806.27,-461057900.164,-461046020.558,-461010523.684],instances/qap/Ctai50b.dat.dat,experiments/transfer_qap/top_controllers/sko64_gen_0012,qap,500]
[[-7417188.624,-7413895.2,-7415113.68,-7414301.696,-7416390.656,-7414132.604,-7417666.3,-7418394.74,-7418509.388,-7415790.052,-7417597.892,-7416231.292,-7417807.4,-7419520.38,-7417881.284,-7415253.328,-7417325.648,-7414709.308,-7414922.208,-7420356.412],instances/qap/Atai60a.dat.dat,experiments/transfer_qap/top_controllers/sko72_gen_0650,qap,500]
[[-34721.792,-34733.28,-34732.996,-34721.256,-34720.716,-34728.764,-34728.96,-34740.524,-34715.348,-34728.628,-34729.844,-34718.904,-34725.368,-34730.04,-34712.76,-34719.712,-34728.916,-34727.6,-34723.16,-34724.84],instances/qap/Bsko56.dat.dat,experiments/transfer_qap/top_controllers/sko72_gen_0650,qap,500]
[[-7401620.228,-7401179.208,-7401690.584,-7401519.216,-7400232.912,-7400412.16,-7401821.848,-7400830.792,-7400339.732,-7401720.864,-7402062.052,-7401609.012,-7404034.676,-7402665.528,-7399545.392,-7401897.032,-7400686.648,-7398869.036,-7400712.848,-7401122.288],instances/qap/Atai60a.dat.dat,experiments/transfer_qap/top_controllers/sko64_gen_0012,qap,500]
[[-4334.104,-4316.324,-4329.036,-4322.592,-4324.34,-4328.78,-4308.656,-4325.356,-4344.348,-4323.976,-4331.344,-4340.928,-4355.212,-4330.132,-4338.032,-4330.584,-4326.976,-4330.184,-4317.044,-4341.776],instances/qap/Cchr25a.dat.dat,experiments/transfer_qap/top_controllers/sko64_gen_0012,qap,500]
[[-13925906.312,-13928109.252,-13925890.776,-13924833.848,-13929729.392,-13930262.044,-13926272.68,-13924492.668,-13930725.112,-13928914.208,-13925821.152,-13924967.972,-13928315.94,-13932144.068,-13929965.224,-13926130.464,-13927688.368,-13929782.44,-13926114.212,-13925708.884],instances/qap/Atai80a.dat.dat,experiments/transfer_qap/top_controllers/sko64_gen_0012,qap,500]
[[-6372.504,-6376.46,-6374.008,-6375.732,-6377.2,-6376.444,-6371.264,-6372.392,-6368.644,-6373.124,-6371.052,-6373.752,-6374.824,-6376.224,-6371.72,-6371.792,-6374.784,-6372.832,-6373.272,-6379.42],instances/qap/Cchr22b.dat.dat,experiments/transfer_qap/top_controllers/sko64_gen_0012,qap,500]
[[-5087666.308,-5091124.392,-5089029.372,-5087348.596,-5091247.668,-5090892.384,-5090040.764,-5088656.164,-5090601.548,-5089297.884,-5089048.344,-5087657.084,-5088182.968,-5089853.308,-5089455.16,-5091751.856,-5089531.732,-5088612.008,-5088887.764,-5088206.276],instances/qap/Atai50a.dat.dat,experiments/transfer_qap/top_controllers/sko72_gen_0650,qap,500]
[[-48863.68,-48882.116,-48873.568,-48872.852,-48864.128,-48877.04,-48867.632,-48879.256,-48853.236,-48856.9,-48867.624,-48864.06,-48865.064,-48872.044,-48869.984,-48862.988,-48867.572,-48872.844,-48862.62,-48861.028],instances/qap/Bsko64.dat.dat,experiments/transfer_qap/top_controllers/sko72_gen_0650,qap,500]
[[-66939.02,-66915.08,-66906.312,-66913.684,-66882.976,-66901.116,-66890.456,-66917.984,-66916.112,-66898.964,-66905.048,-66911.224,-66901.26,-66892.364,-66895.304,-66897.18,-66907.924,-66914.18,-66940.844,-66936.224],instances/qap/Bsko72.dat.dat,experiments/transfer_qap/top_controllers/sko64_gen_0012,qap,500]
[[-48926.44,-48931.992,-48929.868,-48930.512,-48929.056,-48932.916,-48931.376,-48928.332,-48931.156,-48929.168,-48926.948,-48930.72,-48931.94,-48927.04,-48927.992,-48929.06,-48931.58,-48930.548,-48928.112,-48931.26],instances/qap/Bwil50.dat.dat,experiments/transfer_qap/top_controllers/sko64_gen_0012,qap,500]
[[-34696.396,-34699.24,-34712.648,-34697.236,-34699.424,-34696.108,-34698.828,-34696.732,-34694.772,-34690.452,-34699.596,-34692.192,-34695.516,-34695.824,-34704.62,-34687.832,-34697.228,-34693.228,-34696.576,-34702.684],instances/qap/Bsko56.dat.dat,experiments/transfer_qap/top_controllers/sko64_gen_0012,qap,500]
[[-1219533540.056,-1219388443.342,-1219359407.752,-1219415849.716,-1218856808.312,-1218937874.292,-1219269473.316,-1219432164.662,-1219834525.284,-1218476076.352,-1219016719.718,-1219391380.148,-1219544563.372,-1219662106.032,-1219309019.03,-1219350512.762,-1218967137.358,-1219671460.55,-1219113912.708,-1218995680.974],instances/qap/Ctai100b.dat.dat,experiments/transfer_qap/top_controllers/sko64_gen_0012,qap,500]
[[-108194.128,-108197.116,-108195.82,-108194.75,-108197.108,-108197.316,-108197.492,-108199.88,-108195.678,-108190.006,-108200.568,-108198.312,-108200.142,-108199.856,-108194.01,-108192.794,-108194.156,-108195.258,-108196.654,-108196.664],instances/qap/Alipa60a.dat.dat,experiments/transfer_qap/top_controllers/sko72_gen_0650,qap,500]
[[-48910.568,-48926.356,-48906.552,-48913.564,-48904.66,-48905.016,-48904,-48895.984,-48903.26,-48894.84,-48900.636,-48903.216,-48904.66,-48886.264,-48887.316,-48897.064,-48906.736,-48890.636,-48900.888,-48906.34],instances/qap/Bsko64.dat.dat,experiments/transfer_qap/top_controllers/sko64_gen_0012,qap,500]
[[-5434122.54,-5413719.408,-5433984.234,-5438118.054,-5410239.306,-5428793.824,-5419334.926,-5436859.842,-5435271.502,-5432953.018,-5421346.766,-5430704.992,-5446252.59,-5418038.47,-5429147.79,-5436918.626,-5430209.546,-5428926.452,-5441865.772,-5432962.036],instances/qap/Alipa70b.dat.dat,experiments/transfer_qap/top_controllers/sko72_gen_0650,qap,500]
[[-275541.008,-275502.696,-275521.916,-275521.168,-275521.784,-275514.284,-275531.636,-275514.516,-275516.644,-275515.172,-275620.84,-275631.98,-275596.288,-275512.072,-275521.832,-275490.876,-275495.728,-275485.796,-275522.708,-275505.296],instances/qap/Bwil100.dat.dat,experiments/transfer_qap/top_controllers/sko64_gen_0012,qap,500]
[[-844216196.912,-844083498.79,-843712797.436,-844114299.876,-843961100.22,-844367810.278,-844412278.126,-844686174.222,-844233232.428,-844315174.954,-844320214.196,-844137893.774,-844126875.464,-844596170.608,-843859629.318,-843851174.248,-843906850.442,-844218039.346,-844423639.1,-843620907.654],instances/qap/Ctai80b.dat.dat,experiments/transfer_qap/top_controllers/sko64_gen_0012,qap,500]
[[-8521005.632,-8520741.944,-8519161.66,-8515445.244,-8523707.696,-8518361.52,-8518881.716,-8519994.856,-8519101.036,-8519236.576,-8512368.176,-8518081.812,-8520159.06,-8520961.892,-8519349.768,-8510600.456,-8515275.244,-8522838.852,-8521040.18,-8513391.376],instances/qap/Btho150.dat.dat,experiments/transfer_qap/top_controllers/sko64_gen_0012,qap,500]
[[-171129.968,-171122.27,-171116.436,-171124.53,-171121.064,-171122.088,-171118.68,-171116.414,-171121.568,-171116.322,-171124.646,-171116.626,-171114.964,-171117.288,-171116.418,-171116.138,-171124.104,-171119.036,-171116.056,-171121.464],instances/qap/Alipa70a.dat.dat,experiments/transfer_qap/top_controllers/sko72_gen_0650,qap,500]
[[-2958182.214,-2948332.79,-2947751.692,-2960013.22,-2945631.146,-2959505.94,-2960771.126,-2946830.442,-2947178.74,-2942759.212,-2955915.706,-2952542.432,-2944223.074,-2950245.884,-2949755.584,-2950510.85,-2960760.02,-2951600.978,-2950397.758,-2945936.926],instances/qap/Alipa60b.dat.dat,experiments/transfer_qap/top_controllers/sko72_gen_0650,qap,500]
[[-66871.32,-66860.248,-66865.596,-66876.116,-66876.956,-66879.48,-66877.272,-66865.032,-66878.444,-66864.384,-66864.34,-66868.228,-66842.508,-66859.288,-66862.384,-66855.896,-66868.196,-66866.184,-66875.512,-66869.676],instances/qap/Bsko72.dat.dat,experiments/transfer_qap/top_controllers/sko72_gen_0650,qap,500]
[[-171071.232,-171081.936,-171079.446,-171077.342,-171077.578,-171076.3,-171076.458,-171080.49,-171080.368,-171079.898,-171080.178,-171082.806,-171080.814,-171081.136,-171076.364,-171078.36,-171077.084,-171082.64,-171079.654,-171079.472],instances/qap/Alipa70a.dat.dat,experiments/transfer_qap/top_controllers/tai50a_gen_0390,qap,500]
[[-48917.14,-48923.6,-48923.856,-48922.736,-48920.404,-48920.124,-48920.752,-48921.144,-48923.308,-48919.488,-48920.992,-48920.936,-48922.88,-48918.604,-48920.884,-48919.188,-48926.696,-48929.28,-48926.104,-48925.228],instances/qap/Bwil50.dat.dat,experiments/transfer_qap/top_controllers/tai50a_gen_0390,qap,500]
[[-5416535.192,-5422012.824,-5409683.718,-5401896.662,-5391481.932,-5426964.58,-5415178.918,-5394987.48,-5404345.734,-5421677.516,-5406161.764,-5395380.252,-5412126.244,-5408230.804,-5431496.976,-5397947.852,-5408896.49,-5409599.208,-5414084.128,-5413248.288],instances/qap/Alipa70b.dat.dat,experiments/transfer_qap/top_controllers/tai50a_gen_0390,qap,500]
[[-4864.884,-4874.044,-4859.46,-4871.208,-4857.164,-4887.692,-4879.884,-4881.492,-4870.064,-4865.444,-4881.78,-4907.548,-4848.024,-4855.584,-4873.052,-4880.46,-4896.936,-4889.34,-4880.712,-4886.172],instances/qap/Cchr25a.dat.dat,experiments/transfer_qap/top_controllers/sko72_gen_0650,qap,500]
[[-66896.204,-66898.54,-66899.268,-66898.66,-66896.664,-66884.4,-66895.596,-66924.1,-66893.916,-66923.564,-66909.624,-66893.872,-66877.972,-66888.852,-66892.392,-66878.432,-66880.224,-66894.232,-66885.136,-66908.032],instances/qap/Bsko72.dat.dat,experiments/transfer_qap/top_controllers/tai50a_gen_0390,qap,500]
[[-108147.85,-108144.054,-108143.404,-108148.018,-108151.842,-108151.304,-108148.224,-108147.574,-108148.288,-108147.74,-108144.572,-108145.316,-108144.388,-108147.498,-108145.894,-108145.872,-108151.694,-108145.72,-108145.628,-108147.772],instances/qap/Alipa60a.dat.dat,experiments/transfer_qap/top_controllers/tai50a_gen_0390,qap,500]
[[-6442.884,-6461.388,-6451.004,-6451.868,-6448.612,-6449.868,-6446.488,-6457.252,-6454.132,-6448.972,-6442.764,-6457.828,-6454.456,-6452.66,-6446.808,-6452.828,-6456.188,-6447.344,-6444.676,-6459.868],instances/qap/Cchr22b.dat.dat,experiments/transfer_qap/top_controllers/tai50a_gen_0390,qap,500]
[[-2907185.186,-2923127.752,-2913401.43,-2908004.122,-2922864.388,-2915283.998,-2910396.302,-2916990.112,-2915891.972,-2907613.398,-2919216.846,-2908535.654,-2909484.446,-2917782.814,-2915457.508,-2909476.77,-2910828.246,-2903360.57,-2913576.15,-2910859.77],instances/qap/Alipa60b.dat.dat,experiments/transfer_qap/top_controllers/tai50a_gen_0390,qap,500]
[[-839098809.732,-838990852.074,-839108324.834,-838947703.95,-838553410.66,-838927420.308,-838724641.444,-839053476.804,-838799775.806,-838827011.47,-838678593.996,-838865590.28,-839019524.482,-838820070.416,-838377138.542,-839125917.02,-839151754.242,-839403885.236,-838451905.048,-839016467.446],instances/qap/Ctai80b.dat.dat,experiments/transfer_qap/top_controllers/sko72_gen_0650,qap,500]
[[-463018251.872,-462960087.17,-462981923.974,-463000720.2,-463229994.342,-462976353.984,-462944628.322,-463218508.33,-462526223.188,-463006722.504,-463317547.558,-463075118.206,-463226555.332,-463104305.2,-463247366.216,-462694794.706,-463230385.102,-463177224.91,-462998149.764,-463236120.256],instances/qap/Ctai50b.dat.dat,experiments/transfer_qap/top_controllers/sko72_gen_0650,qap,500]
[[-275076.06,-274990.58,-275008.312,-274995.304,-275003.78,-274985.44,-274976.224,-274969.692,-274971.52,-274964.772,-274971.348,-274996.472,-274991.044,-274991.256,-275003.372,-274967.832,-275020.3,-274981.844,-275010.972,-274963.668],instances/qap/Bwil100.dat.dat,experiments/transfer_qap/top_controllers/tai50a_gen_0390,qap,500]
[[-275133.212,-275117.764,-275080.828,-275076.524,-275069.424,-275055.336,-275053.872,-275149.688,-275083.808,-275082.436,-275101.18,-275058.448,-275077.976,-275065.332,-275082.476,-275053.04,-275093.98,-275093.596,-275127.08,-275076.528],instances/qap/Bwil100.dat.dat,experiments/transfer_qap/top_controllers/sko72_gen_0650,qap,500]
[[-614422571.934,-614652914.728,-613941966.126,-614301665.94,-614524860.778,-613969678.898,-614128123.598,-613994893.944,-614501918.428,-614183678.704,-614160162.408,-614394891.828,-614425750.386,-614062899.896,-614224329.096,-613880234.648,-614342731.32,-614122602.216,-614652775.89,-614577088.568],instances/qap/Ctai60b.dat.dat,experiments/transfer_qap/top_controllers/sko72_gen_0650,qap,500]
[[-6598.772,-6607.604,-6609.488,-6602.708,-6597.464,-6601.624,-6600.3,-6604.116,-6602.604,-6600.996,-6600.868,-6592.424,-6587.468,-6608.364,-6599.02,-6602.648,-6596.596,-6599.324,-6594.472,-6607],instances/qap/Cchr22b.dat.dat,experiments/transfer_qap/top_controllers/sko72_gen_0650,qap,500]
[[-1215835065.172,-1214551744.886,-1215395163.764,-1215150073.086,-1214715113.718,-1214974968.994,-1214369940.722,-1215118529.91,-1215308315.966,-1215063377.232,-1214843331.606,-1214342487.72,-1216114311.302,-1215704178.61,-1214693449.77,-1214625845.202,-1214543866.784,-1214730468.924,-1214922234.002,-1214426450.348],instances/qap/Ctai100b.dat.dat,experiments/transfer_qap/top_controllers/sko72_gen_0650,qap,500]
[[-48967.808,-48966.808,-48962.368,-48965.036,-48965.704,-48966.472,-48955.812,-48957.072,-48964.308,-48969.2,-48959.16,-48960.232,-48965.336,-48964.468,-48960.284,-48969.484,-48968.352,-48965.404,-48959.72,-48965.732],instances/qap/Bwil50.dat.dat,experiments/transfer_qap/top_controllers/sko72_gen_0650,qap,500]
[[-8407300.68,-8406990.856,-8410191.584,-8408438.984,-8409152.824,-8413242.568,-8425885.304,-8410380.652,-8418742.26,-8410508.748,-8410510.728,-8412135.856,-8415222.844,-8412011.228,-8409834.18,-8410028.372,-8411793.868,-8411563.208,-8411464.232,-8411552.748],instances/qap/Btho150.dat.dat,experiments/transfer_qap/top_controllers/sko72_gen_0650,qap,500]
[[-7391280.56,-7389420.508,-7390361.948,-7391115.888,-7390693.176,-7392718.78,-7391732.432,-7391965.896,-7389157.696,-7391980.608,-7390093.404,-7389470.948,-7390337.568,-7389919.476,-7389073.688,-7392085.272,-7390788.328,-7389844.144,-7389805.316,-7390814.352],instances/qap/Atai60a.dat.dat,experiments/transfer_qap/top_controllers/tai50a_gen_0390,qap,500]
[[-5050051.556,-5050484.58,-5049878.192,-5050903.968,-5051843.6,-5052150.404,-5053393.676,-5053010.568,-5051500.412,-5050025.508,-5050640.972,-5050048.188,-5050174.764,-5048320.992,-5050911.92,-5051145.824,-5051217.512,-5050278.26,-5051008.272,-5050642.58],instances/qap/Atai50a.dat.dat,experiments/transfer_qap/top_controllers/tai50a_gen_0390,qap,500]
[[-8362055.936,-8366775.788,-8366243.652,-8362509.628,-8369409.468,-8367641.128,-8373323.652,-8364836.028,-8381264.904,-8370713.204,-8360079.292,-8362552.496,-8368787.144,-8373513.624,-8367613.116,-8372591.26,-8376294.22,-8367994.74,-8367961.684,-8362358.468],instances/qap/Btho150.dat.dat,experiments/transfer_qap/top_controllers/tai50a_gen_0390,qap,500]
[[-4526.712,-4526.936,-4507.264,-4545.248,-4535.844,-4526.3,-4522.96,-4513.98,-4524.4,-4510.66,-4524.128,-4542.096,-4520.66,-4528.988,-4517.952,-4524.924,-4540.5,-4516.86,-4549.968,-4529.78],instances/qap/Cchr25a.dat.dat,experiments/transfer_qap/top_controllers/tai50a_gen_0390,qap,500]
[[-34722.744,-34719.852,-34718.388,-34721.852,-34718.86,-34723.592,-34718.5,-34721.66,-34716.896,-34709.74,-34704.516,-34708.18,-34695.388,-34713.528,-34714.012,-34702.288,-34707.972,-34718.216,-34716.164,-34715.128],instances/qap/Bsko56.dat.dat,experiments/transfer_qap/top_controllers/tai50a_gen_0390,qap,500]
[[-48922.252,-48936.024,-48915.476,-48918.808,-48920.988,-48928.628,-48930.748,-48918.072,-48934.688,-48925.248,-48903.288,-48919.988,-48903.652,-48924.932,-48899.272,-48913.948,-48926.78,-48917.548,-48909.848,-48910.608],instances/qap/Bsko64.dat.dat,experiments/transfer_qap/top_controllers/tai50a_gen_0390,qap,500]
[[-13892931.188,-13887307.984,-13883691.068,-13884307.28,-13883506.964,-13883978.012,-13884829.552,-13884323.692,-13884975.82,-13885360.144,-13882695.52,-13883468.452,-13883959.984,-13883966.672,-13885848.688,-13886778.932,-13885339.228,-13889048.232,-13888867.46,-13886967.04],instances/qap/Atai80a.dat.dat,experiments/transfer_qap/top_controllers/tai50a_gen_0390,qap,500]
[[-48907.148,-48908.44,-48909.096,-48905.284,-48917.784,-48908.764,-48909.972,-48908.172,-48915.6,-48914.028,-48917.352,-48902.588,-48908.796,-48920.928,-48918.496,-48899.328,-48921.176,-48907.028,-48901.656,-48911.28],instances/qap/Bsko64.dat.dat,experiments/transfer_qap/top_controllers/tai50b_gen_0141,qap,500]
[[-612096208.804,-612570600.514,-612167105.706,-612360305.052,-612462960.216,-612410097.85,-612054230.956,-612604202.146,-612530896.482,-612625346.414,-611980325.652,-612584690.314,-612376647.854,-612398170.568,-612055011.952,-612370090.334,-612311850.464,-612240249.852,-612197233.15,-612315677.216],instances/qap/Ctai60b.dat.dat,experiments/transfer_qap/top_controllers/tai50b_gen_0141,qap,500]
[[-461153689.424,-460685917.46,-460673006.114,-460784292.762,-460760234.532,-460751696.306,-460613622.406,-460756704.994,-460828443.362,-460758424.572,-460923533.794,-460931397.278,-460901376.574,-460882716.384,-460757444.148,-460760592.392,-460745259.46,-460762567.106,-460712448.214,-460794985.746],instances/qap/Ctai50b.dat.dat,experiments/transfer_qap/top_controllers/tai50b_gen_0141,qap,500]
[[-34697.112,-34693.264,-34698.232,-34699.488,-34690.168,-34692.26,-34694.444,-34710.128,-34701.744,-34704.392,-34699.6,-34699.14,-34694.9,-34691.788,-34698.472,-34691.404,-34698.856,-34697.408,-34694.98,-34687.796],instances/qap/Bsko56.dat.dat,experiments/transfer_qap/top_controllers/tai50b_gen_0141,qap,500]
[[-4358.176,-4380.48,-4375.644,-4371.22,-4368.3,-4364.168,-4362.244,-4354.288,-4362.004,-4351.492,-4353.08,-4357.468,-4348.38,-4373.364,-4366.576,-4377.384,-4370.208,-4365.992,-4358.772,-4360.8],instances/qap/Cchr25a.dat.dat,experiments/transfer_qap/top_controllers/tai50b_gen_0141,qap,500]
[[-463218064.196,-463703666.986,-463099991.196,-463460360.666,-463309979.626,-463271485.798,-463053231.092,-463320198.426,-462922739.17,-463118289.924,-463064260.018,-463464491.512,-463083240.264,-463522867.502,-462633276.716,-463168950.206,-463168206.462,-463074275.12,-463348626.496,-463227297.158],instances/qap/Ctai50b.dat.dat,experiments/transfer_qap/top_controllers/tai50a_gen_0390,qap,500]
[[-5066696.292,-5067445.784,-5067425.036,-5067963.644,-5066893.924,-5067600.348,-5067074.036,-5068138.26,-5067631.572,-5068086.752,-5067848.48,-5067326.892,-5067677.504,-5068500.98,-5067635.108,-5067328.596,-5069119.364,-5068003.512,-5068759.516,-5067144.208],instances/qap/Atai50a.dat.dat,experiments/transfer_qap/top_controllers/tai50b_gen_0141,qap,500]
[[-108182.748,-108184.54,-108183.81,-108185.264,-108182.962,-108182.864,-108182.952,-108184.09,-108184.956,-108186.298,-108182.486,-108182.708,-108186.018,-108184.806,-108182.184,-108185.688,-108185.45,-108185.132,-108184.558,-108185.864],instances/qap/Alipa60a.dat.dat,experiments/transfer_qap/top_controllers/tai50b_gen_0141,qap,500]
[[-7413671.844,-7411614.012,-7411732.412,-7411220.628,-7412680.144,-7412164.392,-7411303.048,-7411217.632,-7412054.012,-7412542.792,-7411844.128,-7413055.844,-7412977.46,-7412671.652,-7411705.88,-7412832.008,-7412365.876,-7415093.624,-7414704.628,-7413882.684],instances/qap/Atai60a.dat.dat,experiments/transfer_qap/top_controllers/tai50b_gen_0141,qap,500]
[[-2906098.414,-2904839.274,-2899203.782,-2893876.126,-2911862.55,-2906634.532,-2921030.498,-2909669.654,-2888527.812,-2895239.082,-2913731.532,-2897006.928,-2906913.652,-2906398.682,-2896569.716,-2913627.258,-2909105.872,-2899192.238,-2893218.186,-2894557.358],instances/qap/Alipa60b.dat.dat,experiments/transfer_qap/top_controllers/tai50b_gen_0141,qap,500]
[[-1218640979.93,-1218171488.198,-1217763857.108,-1218517874.68,-1217036179.534,-1218769350.054,-1217279331.536,-1217560829.874,-1217018145.74,-1218229978.764,-1218149019.704,-1218316024.116,-1217617899.728,-1217726556.696,-1218419516.352,-1217640988.804,-1216574790.864,-1218044283.866,-1217605742.502,-1218659103.502],instances/qap/Ctai100b.dat.dat,experiments/transfer_qap/top_controllers/tai50a_gen_0390,qap,500]
[[-13951269.904,-13954014.932,-13954822.544,-13949625.22,-13946195.784,-13946338.884,-13948616.46,-13947772.988,-13946107.304,-13946725.72,-13948396.052,-13947307.836,-13946026.692,-13944434.804,-13948755.572,-13945565.692,-13947104.876,-13948788.892,-13949858.16,-13949138.804],instances/qap/Atai80a.dat.dat,experiments/transfer_qap/top_controllers/tai50b_gen_0141,qap,500]
[[-1219354932.738,-1218694373.74,-1217977211.76,-1217555187.812,-1217753500.632,-1218287741.938,-1218077877.514,-1217879075.836,-1218065341.984,-1217415833.994,-1218258688.498,-1218714988.46,-1217625764.398,-1218231529.64,-1218384129.032,-1218457884.862,-1217648386.026,-1218557361.828,-1217949663.398,-1217878643.846],instances/qap/Ctai100b.dat.dat,experiments/transfer_qap/top_controllers/tai50b_gen_0141,qap,500]
[[-171140.994,-171148.646,-171145.236,-171144.066,-171142.904,-171144.438,-171148.18,-171142.918,-171141.014,-171141.83,-171141.296,-171143.06,-171143.402,-171142.092,-171143.266,-171143.304,-171141.162,-171142.5,-171142.8,-171146.414],instances/qap/Alipa70a.dat.dat,experiments/transfer_qap/top_controllers/tai50b_gen_0141,qap,500]
[[-843158525.38,-842497702.124,-841974736.41,-842203899.97,-842215784.174,-842388476.076,-842401406.39,-842271936.824,-842396876.658,-843150576.124,-843031546.448,-842617476.982,-842568634,-842869810.558,-842574660.446,-842578208.69,-841472559.018,-842727292.774,-842152833.856,-842491412.98],instances/qap/Ctai80b.dat.dat,experiments/transfer_qap/top_controllers/tai50b_gen_0141,qap,500]
[[-616928934.264,-616363040.574,-616556211.48,-616036523.06,-616158876.934,-615734475.336,-616569697.378,-617076490.556,-616953407.864,-616940913.886,-616317956.368,-616921611.612,-616487275.436,-616539826.77,-615834791.754,-616437932.66,-616311864.966,-616191331.574,-616547824.114,-616666168.438],instances/qap/Ctai60b.dat.dat,experiments/transfer_qap/top_controllers/tai50a_gen_0390,qap,500]
[[-6397.396,-6394.996,-6395.48,-6398.74,-6396.14,-6396.724,-6401.064,-6399.556,-6394.016,-6396.948,-6402.028,-6395.932,-6396.42,-6399.14,-6397.54,-6395.68,-6395.824,-6393.848,-6394.88,-6396.732],instances/qap/Cchr22b.dat.dat,experiments/transfer_qap/top_controllers/tai50b_gen_0141,qap,500]
[[-5466012.484,-5460974.71,-5487869.116,-5468281.336,-5474888.458,-5470289.262,-5471062.88,-5464352.188,-5456448.05,-5463445.442,-5462194.324,-5471066.358,-5463981.806,-5460636.508,-5453958.986,-5459017.322,-5478752.222,-5464861.386,-5483711.712,-5456573.072],instances/qap/Alipa70b.dat.dat,experiments/transfer_qap/top_controllers/tai50b_gen_0141,qap,500]
[[-843000318.854,-844254046.474,-843243307.932,-843362409.252,-843583913.778,-843170100.698,-843725304.484,-844702345.506,-844046887.14,-844179381.694,-843624068.772,-843811979.834,-843252931.42,-843771453.654,-843546950.986,-844024951.526,-843442990.682,-843465108.124,-843371931.69,-843359806.128],instances/qap/Ctai80b.dat.dat,experiments/transfer_qap/top_controllers/tai50a_gen_0390,qap,500]
[[-67045.784,-67073.716,-67067.24,-67080.252,-67077.484,-67071.164,-67061.46,-67076.312,-67054.844,-67073.804,-67075.464,-67087.924,-67073.468,-67075.832,-67061.204,-67096.812,-67095.676,-67095.948,-67076.56,-67083.484],instances/qap/Bsko72.dat.dat,experiments/transfer_qap/top_controllers/tai50b_gen_0141,qap,500]
[[-108134.182,-108137.522,-108134.138,-108134.87,-108137.386,-108136.828,-108137.788,-108135.834,-108138.868,-108142.054,-108133.358,-108136.096,-108134.068,-108139.412,-108137.896,-108136.2,-108134.572,-108140.872,-108134.124,-108136.9],instances/qap/Alipa60a.dat.dat,experiments/transfer_qap/top_controllers/tai60a_gen_0755,qap,500]
[[-48962.052,-48936.8,-48939.244,-48937.756,-48937.7,-48935.532,-48939.184,-48939.788,-48939.064,-48943.628,-48941.344,-48946.224,-48939.908,-48941.7,-48936.048,-48937.6,-48940.972,-48937.02,-48936.628,-48937.972],instances/qap/Bwil50.dat.dat,experiments/transfer_qap/top_controllers/tai50b_gen_0141,qap,500]
[[-275844.524,-275655.592,-275634.74,-275652.328,-275657.144,-275634.916,-275650.112,-275630.28,-275642.228,-275646.508,-275547.108,-275785.312,-275760.248,-275799.172,-275696.716,-275625.076,-275636.948,-275623.616,-275622.824,-275577.92],instances/qap/Bwil100.dat.dat,experiments/transfer_qap/top_controllers/tai50b_gen_0141,qap,500]
[[-8539869.796,-8548601.78,-8553197.284,-8549412.5,-8549344.876,-8547126.824,-8548180.536,-8547428.904,-8551679.476,-8549258.684,-8552255.536,-8549225.836,-8550893.072,-8550933.408,-8551463.532,-8551064.496,-8556177.66,-8566370.116,-8572594.544,-8541698.112],instances/qap/Btho150.dat.dat,experiments/transfer_qap/top_controllers/tai50b_gen_0141,qap,500]
[[-49108.232,-49091.456,-49093.104,-49093.808,-49099.7,-49105.204,-49109.448,-49092.624,-49103.664,-49094.82,-49086.34,-49107.372,-49086.932,-49106.136,-49095.56,-49112.676,-49096.572,-49104.492,-49096.136,-49099.912],instances/qap/Bwil50.dat.dat,experiments/transfer_qap/top_controllers/tai60a_gen_0755,qap,500]
[[-6628.9,-6633.808,-6643.524,-6633.816,-6629.272,-6634.304,-6646.868,-6642.188,-6645.864,-6628.992,-6632.596,-6634.472,-6636.6,-6645.268,-6622.272,-6647.284,-6619.788,-6640.748,-6647.28,-6637.612],instances/qap/Cchr22b.dat.dat,experiments/transfer_qap/top_controllers/tai60a_gen_0755,qap,500]
[[-108202.934,-108200.984,-108199.42,-108203.324,-108199.24,-108203.076,-108203.14,-108201.056,-108199.864,-108202.73,-108203.708,-108202.916,-108202.752,-108200.048,-108200.496,-108199.35,-108205.566,-108199.26,-108205.24,-108201.256],instances/qap/Alipa60a.dat.dat,experiments/transfer_qap/top_controllers/tai60b_gen_0803,qap,500]
[[-2947564.7,-2935516.22,-2943747.074,-2930236.578,-2941825.908,-2947770.322,-2935688.656,-2948849.332,-2952086.712,-2940749.418,-2937334.852,-2925331.11,-2941836.042,-2952555.242,-2944633.936,-2937690.19,-2937135.248,-2939440.474,-2940915.116,-2944662.178],instances/qap/Alipa60b.dat.dat,experiments/transfer_qap/top_controllers/tai60b_gen_0803,qap,500]
[[-171046.818,-171050.724,-171045.672,-171042.686,-171049.258,-171043.922,-171044.512,-171047.97,-171046.062,-171044.638,-171047.546,-171050.186,-171045.796,-171051.938,-171046.956,-171048.174,-171045.84,-171047.766,-171046.908,-171045.088],instances/qap/Alipa70a.dat.dat,experiments/transfer_qap/top_controllers/tai60a_gen_0755,qap,500]
[[-2948535.786,-2953442.834,-2959647.656,-2953986.904,-2950788.958,-2960006.232,-2961381.188,-2959919.62,-2953068.862,-2944828.802,-2958257.914,-2954410.61,-2954404.578,-2953680.904,-2957870.534,-2952878.36,-2951779.818,-2957608.766,-2956115.228,-2962391.554],instances/qap/Alipa60b.dat.dat,experiments/transfer_qap/top_controllers/tai60a_gen_0755,qap,500]
[[-850078123.088,-850781986.378,-851490299.926,-850721338.784,-850698864.172,-851210439.098,-850818267.076,-851004061.928,-851378765.636,-851308829.91,-851619968.94,-850560936.128,-851197239.394,-850308950.466,-850941567.63,-851149741.396,-851370000.354,-851573923.822,-850227367.826,-851736534.868],instances/qap/Ctai80b.dat.dat,experiments/transfer_qap/top_controllers/tai60a_gen_0755,qap,500]
[[-7377330.928,-7378703.096,-7377621.828,-7378741.104,-7377748.444,-7379754.784,-7378384.532,-7379222.124,-7378813.756,-7376005.624,-7378039.136,-7378846.728,-7376379.792,-7376921.908,-7379843.196,-7377959.788,-7376705.06,-7377637.948,-7378301.652,-7378578.832],instances/qap/Atai60a.dat.dat,experiments/transfer_qap/top_controllers/tai60a_gen_0755,qap,500]
[[-632572925.394,-630564408.204,-631879974.474,-630326434.99,-632327445.472,-629897216.38,-631109550.176,-630424519.968,-630722282.678,-631140827.452,-631281720.11,-630694801.68,-629857312.222,-631680818.61,-629943745.288,-630831244.834,-630693754.418,-631685223.758,-631148677.72,-631886001.154],instances/qap/Ctai60b.dat.dat,experiments/transfer_qap/top_controllers/tai60a_gen_0755,qap,500]
[[-13853955.236,-13851199.24,-13850158.836,-13849420.712,-13853412.412,-13854148.168,-13851388.088,-13852238.06,-13852721.76,-13853174.304,-13849024.732,-13852735.432,-13853895.112,-13851897.192,-13849198.496,-13847847.748,-13852471.56,-13849513.008,-13850707.204,-13853161.652],instances/qap/Atai80a.dat.dat,experiments/transfer_qap/top_controllers/tai60a_gen_0755,qap,500]
[[-67132.644,-67118.332,-67131.912,-67133.2,-67138.024,-67120.964,-67143.232,-67124.764,-67142.908,-67136.78,-67143.448,-67098.008,-67119.108,-67106.336,-67121.192,-67132.816,-67103.136,-67123.436,-67099.796,-67105.544],instances/qap/Bsko72.dat.dat,experiments/transfer_qap/top_controllers/tai60a_gen_0755,qap,500]
[[-171158.586,-171153.168,-171156.326,-171158.478,-171155.07,-171162.952,-171161.474,-171159.178,-171154.108,-171160.488,-171157.316,-171158.088,-171157.234,-171159.216,-171156.13,-171152.034,-171157.706,-171158.636,-171156.472,-171155.684],instances/qap/Alipa70a.dat.dat,experiments/transfer_qap/top_controllers/tai60b_gen_0803,qap,500]
[[-34841.484,-34830.44,-34841.624,-34842.676,-34838.276,-34859.16,-34843.8,-34848.648,-34845.12,-34835.192,-34845.764,-34855.5,-34857.652,-34846.476,-34850.384,-34835.74,-34850.484,-34839.988,-34839.568,-34831.552],instances/qap/Bsko56.dat.dat,experiments/transfer_qap/top_controllers/tai60a_gen_0755,qap,500]
[[-275209.528,-275196.504,-275196.712,-275196.248,-275217.408,-275166.58,-275197.624,-275206.14,-275231.964,-275204.428,-275190.864,-275183.268,-275212.028,-275200.24,-275211.736,-275150.264,-275192.504,-275209.916,-275207.292,-275195.008],instances/qap/Bwil100.dat.dat,experiments/transfer_qap/top_controllers/tai60a_gen_0755,qap,500]
[[-4941.812,-4970.344,-4994.884,-4974.44,-4980.672,-4952.796,-4948.72,-4955.476,-4960.5,-4954.5,-4947.736,-4959.916,-4982.648,-4978.788,-4959.196,-4978.676,-4910.204,-4954.304,-4981.392,-4940.824],instances/qap/Cchr25a.dat.dat,experiments/transfer_qap/top_controllers/tai60a_gen_0755,qap,500]
[[-49061.808,-49065.716,-49062.712,-49066.152,-49081.924,-49057.244,-49086.944,-49039.368,-49064.476,-49061.756,-49080.724,-49088.44,-49069.576,-49063.056,-49076.22,-49066.404,-49054.548,-49071.884,-49056.228,-49077.816],instances/qap/Bsko64.dat.dat,experiments/transfer_qap/top_controllers/tai60a_gen_0755,qap,500]
[[-5093386.876,-5094105.128,-5093420.012,-5093818.54,-5092480.204,-5093665.208,-5094489.548,-5093903.996,-5093538.072,-5092479.828,-5093629.38,-5094724.98,-5094698.48,-5093306.292,-5094316.796,-5093450.664,-5092252.564,-5093469.548,-5093193.48,-5094184.32],instances/qap/Atai50a.dat.dat,experiments/transfer_qap/top_controllers/tai60b_gen_0803,qap,500]
[[-5055447.004,-5057696.728,-5057066.06,-5056430.44,-5055215.972,-5055731.96,-5055320.776,-5057889.976,-5056318.308,-5056622.28,-5056576.444,-5055317.5,-5054472.448,-5056478.852,-5055762.816,-5055699.38,-5055619.604,-5056313.416,-5056357.32,-5057861.284],instances/qap/Atai50a.dat.dat,experiments/transfer_qap/top_controllers/tai60a_gen_0755,qap,500]
[[-5466771.692,-5456821.222,-5463200.898,-5470368.588,-5458813.444,-5462034.554,-5457914.948,-5447866.71,-5463891.37,-5467013.58,-5448387.21,-5462157.324,-5460162.328,-5462565.738,-5451849.54,-5458206.186,-5446024.184,-5473113.908,-5468278.5,-5454594.618],instances/qap/Alipa70b.dat.dat,experiments/transfer_qap/top_controllers/tai60a_gen_0755,qap,500]
[[-472862648.11,-472767071.624,-471749698.404,-471623034.384,-472280187.97,-472043094.908,-473106225.708,-472883028.348,-472125087.528,-472455641.862,-472313629.708,-473013664.944,-473079304.402,-472071712.64,-473282314.502,-472849395.294,-472617910.474,-471943651.192,-472518365.376,-472777847.8],instances/qap/Ctai50b.dat.dat,experiments/transfer_qap/top_controllers/tai60a_gen_0755,qap,500]
[[-8327099.396,-8329905.216,-8331649.876,-8334589.876,-8328630.668,-8331521.04,-8329838.692,-8326661.016,-8328186.188,-8334690.896,-8333299.764,-8329896.84,-8331386.532,-8335708.62,-8337671.444,-8345192.612,-8329513.784,-8327619.944,-8329004.816,-8327083.152],instances/qap/Btho150.dat.dat,experiments/transfer_qap/top_controllers/tai60a_gen_0755,qap,500]
[[-5412026.464,-5442268.104,-5444537.28,-5440219.246,-5447396.878,-5427763.478,-5448227.476,-5425353.094,-5470044.204,-5431342.216,-5437023.484,-5458713.58,-5439051.982,-5461703.38,-5436725.61,-5437817.462,-5425063.396,-5453485.09,-5453251.18,-5431170.53],instances/qap/Alipa70b.dat.dat,experiments/transfer_qap/top_controllers/tai60b_gen_0803,qap,500]
[[-7436224.312,-7435259.124,-7435198.948,-7434696.476,-7437306.164,-7437946,-7438347.588,-7435726.456,-7436012.472,-7435732.904,-7435419.696,-7435628.052,-7435171.868,-7434854.088,-7435900.152,-7433215.588,-7437706.62,-7434763.444,-7434796.58,-7433829.68],instances/qap/Atai60a.dat.dat,experiments/transfer_qap/top_controllers/tai60b_gen_0803,qap,500]
[[-1237663188.702,-1235844525.304,-1236368791.818,-1235182931.166,-1235470834.216,-1235759494.012,-1235618822.826,-1236512251.17,-1235376517.17,-1233675473.502,-1234634658.794,-1235759751.374,-1235617282.774,-1235020576.96,-1234447764.598,-1233055320.594,-1235309518.738,-1234304704.32,-1237195861.634,-1235256217.746],instances/qap/Ctai100b.dat.dat,experiments/transfer_qap/top_controllers/tai60a_gen_0755,qap,500]
[[-49061.424,-49064.012,-49036.068,-49045.192,-49036.728,-49064.42,-49046.748,-49060.044,-49038.74,-49043.624,-49061.152,-49047.388,-49042.124,-49063.696,-49059.344,-49074.864,-49050.564,-49077.54,-49044.5,-49053.252],instances/qap/Bsko64.dat.dat,experiments/transfer_qap/top_controllers/tai80a_gen_0482,qap,500]
[[-839114807.966,-839801251.596,-839349302.284,-839723360.14,-839742156.022,-839818043.324,-839812413.166,-839477927.528,-840039431.432,-839633988.644,-839734661.984,-839759619.2,-839884565.676,-840022257.842,-839799628.518,-839923311.012,-839842516.398,-840378036.028,-839698871.492,-840050814.438],instances/qap/Ctai80b.dat.dat,experiments/transfer_qap/top_controllers/tai60b_gen_0803,qap,500]
[[-612981469.88,-612451732.126,-612237550.678,-612326240.45,-611966938.08,-612377680.568,-612598211.352,-612397526.996,-612238379.51,-612500566.564,-612174848.88,-612267739.288,-612390752.724,-612368886.51,-612641581.908,-612323689.126,-612239779.092,-612082333.614,-612401024.396,-612337800.606],instances/qap/Ctai60b.dat.dat,experiments/transfer_qap/top_controllers/tai60b_gen_0803,qap,500]
[[-34733.064,-34725.844,-34726.488,-34718.672,-34738.84,-34727.228,-34727.232,-34731.236,-34734.472,-34727.42,-34724.588,-34720.688,-34721.572,-34724.26,-34728.572,-34722.1,-34721.592,-34732.296,-34721.988,-34731.016],instances/qap/Bsko56.dat.dat,experiments/transfer_qap/top_controllers/tai60b_gen_0803,qap,500]
[[-34877.256,-34876.008,-34883.9,-34867.724,-34884.988,-34875.648,-34867.628,-34869.872,-34884.924,-34860.276,-34875.848,-34880.068,-34884.792,-34867.62,-34870.324,-34878.076,-34876.536,-34869.088,-34874.912,-34880.332],instances/qap/Bsko56.dat.dat,experiments/transfer_qap/top_controllers/tai80a_gen_0482,qap,500]
[[-7394465.24,-7392988.984,-7395273.636,-7395588.536,-7394655.668,-7394067.76,-7394310.916,-7393657.888,-7394592.104,-7392893.484,-7396891.824,-7397429.808,-7395780.324,-7395085.168,-7393672.324,-7392884.612,-7394515.86,-7396174.24,-7395129.776,-7394642.248],instances/qap/Atai60a.dat.dat,experiments/transfer_qap/top_controllers/tai80a_gen_0482,qap,500]
[[-13937379.076,-13932773.496,-13934964.596,-13934160.2,-13934507.236,-13932698.54,-13931470.408,-13935492.78,-13936611.62,-13933346.664,-13932930.772,-13934907.28,-13931709.192,-13933871.96,-13932849.912,-13935364.16,-13932728.28,-13935217.488,-13934188.28,-13932618.184],instances/qap/Atai80a.dat.dat,experiments/transfer_qap/top_controllers/tai60b_gen_0803,qap,500]
[[-462119429.462,-462218809.468,-462059454.758,-462242998.882,-462086786.372,-462079240.302,-462077986.906,-462186210.218,-462070936.726,-462026646.824,-462106397.022,-462048289.198,-462158439.264,-462071031.53,-462041745.716,-462055503.038,-462240183.758,-461877645.674,-462348477.08,-462221190.452],instances/qap/Ctai50b.dat.dat,experiments/transfer_qap/top_controllers/tai60b_gen_0803,qap,500]
[[-4900.4,-4920.828,-4939.048,-4898.936,-4904.94,-4917.848,-4909.084,-4897.776,-4913.088,-4922.484,-4909.94,-4938.976,-4890.28,-4910.368,-4918.068,-4917.508,-4919.952,-4889.188,-4887.508,-4895.888],instances/qap/Cchr25a.dat.dat,experiments/transfer_qap/top_controllers/tai60b_gen_0803,qap,500]
[[-13856062.468,-13856469.028,-13851968.648,-13853821.908,-13855135.128,-13852952.872,-13850556.608,-13851598.348,-13856088.024,-13856788.472,-13853709.376,-13852018.512,-13851198.468,-13851332.604,-13852130.156,-13854840.476,-13855828.512,-13851954.104,-13851154.532,-13850466.996],instances/qap/Atai80a.dat.dat,experiments/transfer_qap/top_controllers/tai80a_gen_0482,qap,500]
[[-6599.224,-6612.104,-6611.54,-6599.656,-6606.088,-6598.7,-6596,-6600.416,-6604.728,-6607.12,-6604.744,-6605.36,-6593.644,-6603.064,-6596.876,-6599.52,-6607.964,-6603.2,-6608.628,-6606.3],instances/qap/Cchr22b.dat.dat,experiments/transfer_qap/top_controllers/tai60b_gen_0803,qap,500]
[[-67080.988,-67048.772,-67078.224,-67040.096,-67075.008,-67060.148,-67080.984,-67053.312,-67043.992,-67052.748,-67101.448,-67066.724,-67030.56,-67056.292,-67034.296,-67044.2,-67056.268,-67065.312,-67074.312,-67066.616],instances/qap/Bsko72.dat.dat,experiments/transfer_qap/top_controllers/tai80a_gen_0482,qap,500]
[[-48974.148,-48976.772,-48974.908,-48974.076,-48974.948,-48970.556,-48972.676,-48973.392,-48978.192,-48968.524,-48975.68,-48973.568,-48970.192,-48973.424,-48974.728,-48976.472,-48974.736,-48973.104,-48973.12,-48973.348],instances/qap/Bwil50.dat.dat,experiments/transfer_qap/top_controllers/tai60b_gen_0803,qap,500]
[[-1213197355.634,-1213415523.496,-1213131828.558,-1214236037.216,-1213195849.668,-1214001635.154,-1214732259.656,-1215055093.824,-1214378767.96,-1213240994.302,-1213897641.088,-1213811560.162,-1213320981.468,-1213523476.434,-1213351824.186,-1213869770.356,-1214021376.91,-1213857978.908,-1213261383.572,-1213902255.39],instances/qap/Ctai100b.dat.dat,experiments/transfer_qap/top_controllers/tai60b_gen_0803,qap,500]
[[-108155.088,-108160.798,-108159.616,-108156.524,-108157.966,-108154.406,-108159.896,-108159.13,-108158.578,-108164.482,-108157.884,-108160.554,-108158.53,-108158.802,-108156.594,-108157.02,-108159.672,-108160.824,-108158.534,-108160.784],instances/qap/Alipa60a.dat.dat,experiments/transfer_qap/top_controllers/tai80a_gen_0482,qap,500]
[[-2955524.246,-2959105.284,-2958900.716,-2951844.718,-2969593.63,-2968610.208,-2964125.314,-2953150.9,-2969827.124,-2962895.82,-2965094.342,-2967193.404,-2960985.38,-2967244.09,-2970475.962,-2958954.958,-2965840.256,-2968539.516,-2959868.208,-2961477.962],instances/qap/Alipa60b.dat.dat,experiments/transfer_qap/top_controllers/tai80a_gen_0482,qap,500]
[[-48940.476,-48929.072,-48937.228,-48939.156,-48932.932,-48935.6,-48935.672,-48931.292,-48934.376,-48932.084,-48940.016,-48924.308,-48937.876,-48928.324,-48933.296,-48927.264,-48939.772,-48931.204,-48931.168,-48942.972],instances/qap/Bsko64.dat.dat,experiments/transfer_qap/top_controllers/tai60b_gen_0803,qap,500]
[[-66945.252,-66945.044,-66957.496,-66948.32,-66963.64,-66961.648,-66944.976,-66959.848,-66955.664,-66955.992,-66952.584,-66944.688,-66947.192,-66957.596,-66951.304,-66966.152,-66971.776,-66991.24,-66991.84,-66959.32],instances/qap/Bsko72.dat.dat,experiments/transfer_qap/top_controllers/tai60b_gen_0803,qap,500]
[[-5075035.112,-5073772.812,-5072259.428,-5071859.72,-5074214.688,-5074063.4,-5072715.816,-5074434.632,-5072827.468,-5073216.764,-5074521.932,-5072656.412,-5074035.608,-5074266.684,-5074635.1,-5073929.064,-5072290.388,-5073009.192,-5074948.224,-5073099.132],instances/qap/Atai50a.dat.dat,experiments/transfer_qap/top_controllers/tai80a_gen_0482,qap,500]
[[-275011.08,-275066.308,-275019.508,-275043.752,-275040.912,-275061.78,-275004.472,-275037.592,-275055.588,-275032.628,-275052.968,-275058.512,-274993.32,-275031.28,-275083.252,-275051.528,-275052.424,-275093.1,-275083.112,-275030.796],instances/qap/Bwil100.dat.dat,experiments/transfer_qap/top_controllers/tai60b_gen_0803,qap,500]
[[-171074.754,-171074.314,-171072.76,-171072.588,-171071.728,-171076.374,-171069.076,-171073.642,-171078.074,-171073.544,-171070.002,-171072.802,-171074.31,-171071.532,-171071.618,-171072.206,-171076.296,-171073.094,-171067.672,-171075.324],instances/qap/Alipa70a.dat.dat,experiments/transfer_qap/top_controllers/tai80a_gen_0482,qap,500]
[[-5453790.112,-5452210.488,-5455305.486,-5460242.722,-5453612.68,-5451731.614,-5448021.024,-5456328.538,-5443240.424,-5440714.132,-5448290.494,-5452774.704,-5454452.204,-5452559.216,-5455307.42,-5456556.498,-5447774.542,-5446597.692,-5453405.412,-5444695.976],instances/qap/Alipa70b.dat.dat,experiments/transfer_qap/top_controllers/tai80a_gen_0482,qap,500]
[[-8411734.436,-8402140.1,-8404573.536,-8402594.004,-8404970.212,-8399330.48,-8399302.024,-8401223.46,-8400375.072,-8402434.244,-8398386.06,-8399189.564,-8407472.024,-8405789.296,-8400616.032,-8403219.052,-8408409.06,-8406736.344,-8411344.952,-8400772.724],instances/qap/Btho150.dat.dat,experiments/transfer_qap/top_controllers/tai60b_gen_0803,qap,500]
[[-8359656.276,-8346029.388,-8338856.132,-8339371.716,-8339973.688,-8340457.728,-8345129.084,-8342251.444,-8341115.8,-8339796.864,-8342044.168,-8341695.268,-8342502.108,-8338806.704,-8337775.836,-8340618.472,-8343630.404,-8354958.852,-8351291.932,-8350177.788],instances/qap/Btho150.dat.dat,experiments/transfer_qap/top_controllers/tai80a_gen_0482,qap,500]
[[-5477630.05,-5483231.464,-5501488.886,-5479059.334,-5489135.61,-5473606.564,-5485929.118,-5475087.794,-5475185.09,-5475424.21,-5479049.536,-5458815.924,-5478938.366,-5478719.17,-5469771.144,-5485044.608,-5481755.5,-5458205.326,-5467380.754,-5476399.914],instances/qap/Alipa70b.dat.dat,experiments/transfer_qap/top_controllers/tai80b_gen_0732,qap,500]
[[-49087.836,-49088.716,-49095.668,-49094.852,-49098.32,-49090.816,-49093.712,-49085.552,-49086.484,-49092.416,-49085.768,-49088.444,-49096.76,-49091.46,-49085.88,-49092.096,-49090.24,-49096.32,-49096.404,-49095.12],instances/qap/Bwil50.dat.dat,experiments/transfer_qap/top_controllers/tai80b_gen_0732,qap,500]
[[-6759.228,-6746.94,-6742.696,-6756.852,-6736.344,-6760.504,-6759.472,-6750.356,-6755.564,-6757.064,-6740.748,-6746.372,-6752.772,-6742.568,-6762.636,-6742.048,-6746.708,-6755.732,-6746.54,-6750.312],instances/qap/Cchr22b.dat.dat,experiments/transfer_qap/top_controllers/tai80b_gen_0732,qap,500]
[[-5122197.84,-5121259.28,-5121044.188,-5122753.552,-5122329.408,-5123108.38,-5121297.6,-5124056.448,-5121953.144,-5120835.132,-5120901.544,-5120131.7,-5121593.428,-5121550.336,-5120886.304,-5122169.36,-5120881.536,-5120891.816,-5122584.976,-5122268.368],instances/qap/Atai50a.dat.dat,experiments/transfer_qap/top_controllers/tai80b_gen_0732,qap,500]
[[-49130.036,-49145.548,-49141.32,-49130.892,-49143.132,-49138.336,-49136.244,-49141.796,-49138.268,-49132.98,-49136.664,-49131.96,-49133.784,-49130.464,-49137.584,-49144.968,-49149.332,-49133.92,-49130.648,-49151.328],instances/qap/Bwil50.dat.dat,experiments/transfer_qap/top_controllers/tai80a_gen_0482,qap,500]
[[-2986871.642,-2980388.754,-2984503.926,-2982627,-2977175.186,-2972010.722,-2985575.706,-2977101,-2982638.732,-2986386.314,-2987431.76,-2988000.162,-2989764.234,-2982825.744,-2979556.366,-2979669.658,-2980594.564,-2973285.424,-2976957.596,-2984806.152],instances/qap/Alipa60b.dat.dat,experiments/transfer_qap/top_controllers/tai80b_gen_0732,qap,500]
[[-171195.582,-171199.654,-171198.754,-171205.458,-171200.712,-171204.418,-171203.526,-171201.994,-171201.79,-171200.632,-171199.722,-171204.26,-171201.568,-171204.962,-171201.276,-171205.432,-171197.246,-171200.486,-171198.304,-171199.662],instances/qap/Alipa70a.dat.dat,experiments/transfer_qap/top_controllers/tai80b_gen_0732,qap,500]
[[-108268.128,-108267.818,-108265.922,-108264.97,-108265.764,-108270.39,-108268.52,-108262.446,-108263.63,-108265.576,-108262.396,-108264.428,-108266.434,-108263.63,-108265.246,-108264.168,-108264.53,-108265.058,-108265.454,-108262.636],instances/qap/Alipa60a.dat.dat,experiments/transfer_qap/top_controllers/tai80b_gen_0732,qap,500]
[[-475230733.274,-475215806.622,-475364492.706,-475344415.624,-475582998.376,-475187495.326,-475444992.998,-474407924.7,-474911564.43,-475058157.256,-475616530.874,-475522028.178,-475348857.048,-475974418.612,-475977986.818,-475985325.076,-475971255.332,-474128039.21,-475118390.434,-475205102.592],instances/qap/Ctai50b.dat.dat,experiments/transfer_qap/top_controllers/tai80a_gen_0482,qap,500]
[[-274992.068,-275029.064,-274989.932,-274993.864,-275081.256,-275029.652,-275041.308,-275008.436,-275024.012,-274996.716,-275025.232,-275036.536,-274986.064,-275017.644,-275017.444,-275029.708,-275036.46,-275054.516,-275074.492,-275029.888],instances/qap/Bwil100.dat.dat,experiments/transfer_qap/top_controllers/tai80b_gen_0732,qap,500]
[[-5196.356,-5161.784,-5192.424,-5181.452,-5176.348,-5172.888,-5209.664,-5202.584,-5206.104,-5165.992,-5200.34,-5197.356,-5192.188,-5181.236,-5153.06,-5202.352,-5167.832,-5188.788,-5175.372,-5166.384],instances/qap/Cchr25a.dat.dat,experiments/transfer_qap/top_controllers/tai80b_gen_0732,qap,500]
[[-275141.324,-275137.628,-275125.116,-275089.66,-275083.848,-275087.544,-275115.084,-275019.064,-275064.152,-275097.312,-275113.32,-275078.72,-275116.636,-275075.648,-275170.18,-275118.18,-275107.884,-275063.556,-275066.596,-275045.86],instances/qap/Bwil100.dat.dat,experiments/transfer_qap/top_controllers/tai80a_gen_0482,qap,500]
[[-633025660.588,-632637007.686,-632815422.28,-633530213.266,-634099517.944,-633947808.532,-633872686.088,-632971126.194,-632307285.108,-633054345.784,-632560902.29,-630907959.198,-632236227.59,-633476839.006,-633225666.462,-632327547.582,-632543105.26,-631845469.394,-632957660.91,-634495947.61],instances/qap/Ctai60b.dat.dat,experiments/transfer_qap/top_controllers/tai80a_gen_0482,qap,500]
[[-6620.968,-6614.052,-6615.908,-6627.028,-6634.092,-6619.74,-6622.28,-6623.86,-6625.788,-6618.348,-6629.684,-6632.112,-6617.788,-6629.04,-6616.684,-6621.652,-6632.528,-6623.48,-6620.384,-6608.236],instances/qap/Cchr22b.dat.dat,experiments/transfer_qap/top_controllers/tai80a_gen_0482,qap,500]
[[-5003.268,-4967.404,-5006.908,-5025.096,-4985.196,-4990.168,-4971.48,-4993.636,-4984.996,-4998.976,-5000.476,-4982.104,-4965.988,-4996.352,-4979.08,-4999.616,-4968.644,-4980.244,-4977.744,-4975.924],instances/qap/Cchr25a.dat.dat,experiments/transfer_qap/top_controllers/tai80a_gen_0482,qap,500]
[[-850002834.988,-850786850.836,-850290866.922,-849981452.192,-850029595.23,-850672489.13,-849988197.442,-850261359.63,-849663765.77,-850352520.018,-849988886.8,-850656825.99,-850700422.298,-850499509.03,-850183874.934,-849307158.818,-849990342.988,-850943001.478,-849860799.514,-849667287.61],instances/qap/Ctai80b.dat.dat,experiments/transfer_qap/top_controllers/tai80a_gen_0482,qap,500]
[[-1233461665.436,-1232905671.818,-1233803549.858,-1232794473.436,-1232190832.296,-1232645787.314,-1233669071.042,-1233537543.418,-1234222549.542,-1232085822.592,-1231475294.536,-1234326167.374,-1232798381.008,-1233699689.85,-1233393341.684,-1233031645.692,-1234417459.766,-1233091201.674,-1233484570.164,-1232571541.77],instances/qap/Ctai100b.dat.dat,experiments/transfer_qap/top_controllers/tai80a_gen_0482,qap,500]
[[-7461076.72,-7461817.56,-7461472.964,-7463692.384,-7462242.564,-7462526.84,-7459857.388,-7461404.824,-7460720.084,-7462874.572,-7461410.096,-7460160.308,-7458280.48,-7463157.204,-7461580.672,-7462900.848,-7461248.264,-7460918.772,-7462548.968,-7463421.56],instances/qap/Atai60a.dat.dat,experiments/transfer_qap/top_controllers/tai80b_gen_0732,qap,500]
[[-13945260.456,-13942803.088,-13939500.864,-13940711.772,-13939681.38,-13942414.268,-13942995.62,-13944712.036,-13942805.72,-13941171.236,-13937981.276,-13942237.12,-13942900.34,-13939508.704,-13940951.784,-13939207.296,-13943602.816,-13939823.628,-13944788.624,-13940303.768],instances/qap/Atai80a.dat.dat,experiments/transfer_qap/top_controllers/tai80b_gen_0732,qap,500]
[[-8417603.752,-8417209.516,-8424566.692,-8425476.032,-8415876.636,-8423198.676,-8414751.832,-8419589.36,-8411999.292,-8410115.16,-8410770.636,-8412392.4,-8416180.916,-8407155.524,-8404678.852,-8403804.188,-8403932.644,-8402567.352,-8403433.668,-8404931.232],instances/qap/Btho150.dat.dat,experiments/transfer_qap/top_controllers/tai80b_gen_0732,qap,500]
[[-66988.992,-66973.332,-66980.908,-67000.212,-66984.528,-66981.168,-67003.408,-66976.7,-66982.544,-67001.6,-66978.66,-66998.84,-66991.096,-66989.82,-67006.72,-66989.204,-66990.096,-66982.912,-67011.584,-66998.448],instances/qap/Bsko72.dat.dat,experiments/transfer_qap/top_controllers/tai80b_gen_0732,qap,500]
[[-49075.48,-49057.18,-49064.836,-49061.264,-49055.412,-49067.052,-49062.196,-49052.92,-49058.592,-49060.548,-49070.148,-49069.424,-49065.5,-49054.504,-49050.856,-49053.408,-49062.688,-49057.188,-49054.424,-49050.628],instances/qap/Bsko64.dat.dat,experiments/transfer_qap/top_controllers/tai80b_gen_0732,qap,500]
[[-34890.316,-34892.688,-34896.264,-34898.632,-34896.164,-34892.4,-34899.744,-34894.316,-34895.252,-34903.108,-34903.772,-34891.12,-34901.532,-34903.596,-34889.58,-34899.532,-34892.284,-34898.42,-34898.116,-34902.448],instances/qap/Bsko56.dat.dat,experiments/transfer_qap/top_controllers/tai80b_gen_0732,qap,500]
[[-1216781915.726,-1215993250.45,-1216624513.044,-1216564284.776,-1216760118.304,-1216842246.022,-1217704485.538,-1217394197.73,-1216874678.216,-1216144204.196,-1216205904.736,-1216946511.764,-1217116946.952,-1215604163.302,-1215789969.088,-1215581326.748,-1217851077.468,-1215431118.832,-1214546663.108,-1215255736.992],instances/qap/Ctai100b.dat.dat,experiments/transfer_qap/top_controllers/tai80b_gen_0732,qap,500]
[[-465672338.896,-465919246.1,-465462729.376,-465474131.676,-465608599.254,-465665366.144,-465797667.534,-465707771.406,-465285484.86,-465613631.644,-465522627.064,-465703750.78,-465504930.99,-465411553.682,-465686236.6,-465577145.484,-465467753.742,-465304638.95,-465663132.162,-465442090.472],instances/qap/Ctai50b.dat.dat,experiments/transfer_qap/top_controllers/tai80b_gen_0732,qap,500]
[[-615565626.256,-616162126.772,-615698514.132,-615906591.25,-615741151.382,-615703996.902,-615633800.476,-615977326.528,-615547624.924,-615783933.64,-615810250.014,-615278760.328,-615648947.894,-615861296.56,-615653590.108,-615262751.298,-615662090.412,-616330623.75,-615662213.84,-616026351.006],instances/qap/Ctai60b.dat.dat,experiments/transfer_qap/top_controllers/tai80b_gen_0732,qap,500]
[[-838595618.85,-838346515.362,-838031862.782,-837760408.222,-838236309.122,-838535912.33,-838323517.214,-837455191.68,-837766794.12,-838083555.638,-837978856.966,-838064998.848,-837694544.656,-838215414.74,-838054603.714,-838388685.664,-837982440.892,-837841361.74,-838190381.776,-837630124.84],instances/qap/Ctai80b.dat.dat,experiments/transfer_qap/top_controllers/tai80b_gen_0732,qap,500]
