/* Organism #152 Fitness: 1.004 Error: 0.996 */
genomestart 152
trait 1 0.149081 0.0747968 0.128545 0.107977 0.908219 0.227115 0.795648 0 
node 1 1 0
node 2 1 1
node 3 1 1
node 4 1 1
node 5 1 1
node 6 1 1
node 7 1 1
node 8 1 1
node 9 1 1
node 10 1 2
node 11 1 2
node 12 1 2
node 13 1 2
node 14 1 2
node 15 1 2
node 16 1 2
node 17 1 2
node 18 1 2
node 19 1 2
node 20 1 2
node 21 1 3
node 22 1 3
node 23 1 3
node 24 1 3
node 25 1 3
node 26 1 3
node 27 1 3
gene 1 1 21 0.891519 0 1 0.891519 1
gene 1 1 22 0.524605 0 2 0.524605 1
gene 1 1 23 -0.195969 0 3 -0.195969 1
gene 1 1 24 -1.57944 0 4 -1.57944 1
gene 1 1 25 1.09649 0 5 1.09649 1
gene 1 1 26 0.0373351 0 6 0.0373351 1
gene 1 1 27 0.000745528 0 7 0.000745528 1
gene 1 2 21 -1.381 0 9 -1.381 1
gene 1 2 22 -0.412914 0 10 -0.412914 1
gene 1 2 23 2.37638 0 11 2.37638 1
gene 1 2 24 -0.176849 0 12 -0.176849 1
gene 1 2 25 -2.18574 0 13 -2.18574 1
gene 1 2 26 0.109606 0 14 0.109606 1
gene 1 2 27 0.793895 0 15 0.793895 1
gene 1 3 21 0.440185 0 17 0.440185 1
gene 1 3 22 0.238313 0 18 0.238313 1
gene 1 3 23 0.693601 0 19 0.693601 1
gene 1 3 24 0.232293 0 20 0.232293 1
gene 1 3 25 -0.446576 0 21 -0.446576 1
gene 1 3 26 -1.15739 0 22 -1.15739 1
gene 1 3 27 -0.701931 0 23 -0.701931 1
gene 1 4 21 -0.602959 0 25 -0.602959 1
gene 1 4 22 -0.840818 0 26 -0.840818 1
gene 1 4 23 -0.717965 0 27 -0.717965 1
gene 1 4 24 0.816375 0 28 0.816375 1
gene 1 4 25 -0.928457 0 29 -0.928457 1
gene 1 4 26 -0.84832 0 30 -0.84832 1
gene 1 4 27 -1.27014 0 31 -1.27014 1
gene 1 5 21 0.66147 0 33 0.66147 1
gene 1 5 22 -0.113538 0 34 -0.113538 1
gene 1 5 23 -1.06958 0 35 -1.06958 1
gene 1 5 24 1.02774 0 36 1.02774 1
gene 1 5 25 -0.0238911 0 37 -0.0238911 1
gene 1 5 26 -0.737365 0 38 -0.737365 1
gene 1 5 27 -1.39999 0 39 -1.39999 1
gene 1 6 21 -0.0855305 0 41 -0.0855305 1
gene 1 6 22 -0.83977 0 42 -0.83977 1
gene 1 6 23 -1.76072 0 43 -1.76072 1
gene 1 6 24 -0.745113 0 44 -0.745113 1
gene 1 6 25 0.06094 0 45 0.06094 1
gene 1 6 26 1.06445 0 46 1.06445 1
gene 1 6 27 0.0163812 0 47 0.0163812 1
gene 1 7 21 0.729967 0 49 0.729967 1
gene 1 7 22 -0.869572 0 50 -0.869572 1
gene 1 7 23 0.138886 0 51 0.138886 1
gene 1 7 24 -1.00958 0 52 -1.00958 1
gene 1 7 25 -1.07535 0 53 -1.07535 1
gene 1 7 26 0.482686 0 54 0.482686 1
gene 1 7 27 0.786666 0 55 0.786666 1
gene 1 8 21 -0.53276 0 57 -0.53276 1
gene 1 8 22 -0.637444 0 58 -0.637444 1
gene 1 8 23 1.65688 0 59 1.65688 1
gene 1 8 24 1.36907 0 60 1.36907 1
gene 1 8 25 -0.0628891 0 61 -0.0628891 1
gene 1 8 26 -0.776485 0 62 -0.776485 1
gene 1 8 27 1.64065 0 63 1.64065 1
gene 1 9 21 0.27321 0 65 0.27321 1
gene 1 9 22 0.741035 0 66 0.741035 1
gene 1 9 23 0.00937586 0 67 0.00937586 1
gene 1 9 24 0.449683 0 68 0.449683 1
gene 1 9 25 1.41049 0 69 1.41049 1
gene 1 9 26 0.702574 0 70 0.702574 1
gene 1 9 27 -0.561901 0 71 -0.561901 1
gene 1 21 10 -0.079873 0 73 -0.079873 1
gene 1 21 11 0.668307 0 74 0.668307 1
gene 1 21 12 1.98728 0 75 1.98728 1
gene 1 21 13 -1.96558 0 76 -1.96558 1
gene 1 21 14 0.542162 0 77 0.542162 1
gene 1 21 15 -1.19605 0 78 -1.19605 1
gene 1 21 16 2.31929 0 79 2.31929 1
gene 1 21 17 -0.252093 0 80 -0.252093 1
gene 1 21 18 1.36833 0 81 1.36833 1
gene 1 21 19 -0.397849 0 82 -0.397849 1
gene 1 21 20 -1.09015 0 83 -1.09015 1
gene 1 22 10 -0.253004 0 84 -0.253004 1
gene 1 22 11 -0.315662 0 85 -0.315662 1
gene 1 22 12 -0.699584 0 86 -0.699584 1
gene 1 22 13 -1.05552 0 87 -1.05552 1
gene 1 22 14 0.844099 0 88 0.844099 1
gene 1 22 15 0.102325 0 89 0.102325 1
gene 1 22 16 0.806401 0 90 0.806401 1
gene 1 22 17 0.120889 0 91 0.120889 1
gene 1 22 18 0.409429 0 92 0.409429 1
gene 1 22 19 0.105096 0 93 0.105096 1
gene 1 22 20 1.2807 0 94 1.2807 1
gene 1 23 10 -0.496463 0 95 -0.496463 1
gene 1 23 11 -0.655747 0 96 -0.655747 1
gene 1 23 12 0.564608 0 97 0.564608 1
gene 1 23 13 0.548636 0 98 0.548636 1
gene 1 23 14 -0.296131 0 99 -0.296131 1
gene 1 23 15 0.329258 0 100 0.329258 1
gene 1 23 16 -0.932761 0 101 -0.932761 1
gene 1 23 17 0.87311 0 102 0.87311 1
gene 1 23 18 0.618816 0 103 0.618816 1
gene 1 23 19 0.215989 0 104 0.215989 1
gene 1 23 20 1.08099 0 105 1.08099 1
gene 1 24 10 1.16248 0 106 1.16248 1
gene 1 24 11 0.326166 0 107 0.326166 1
gene 1 24 12 -2.08961 0 108 -2.08961 1
gene 1 24 13 -1.11529 0 109 -1.11529 1
gene 1 24 14 -0.853171 0 110 -0.853171 1
gene 1 24 15 -0.0382217 0 111 -0.0382217 1
gene 1 24 16 -1.44931 0 112 -1.44931 1
gene 1 24 17 0.393048 0 113 0.393048 1
gene 1 24 18 1.50324 0 114 1.50324 1
gene 1 24 19 0.474924 0 115 0.474924 1
gene 1 24 20 -0.331028 0 116 -0.331028 1
gene 1 25 10 0.00942067 0 117 0.00942067 1
gene 1 25 11 -0.738459 0 118 -0.738459 1
gene 1 25 12 -1.98787 0 119 -1.98787 1
gene 1 25 13 0.397169 0 120 0.397169 1
gene 1 25 14 0.548392 0 121 0.548392 1
gene 1 25 15 0.623442 0 122 0.623442 1
gene 1 25 16 -0.585294 0 123 -0.585294 1
gene 1 25 17 0.375832 0 124 0.375832 1
gene 1 25 18 0.0263509 0 125 0.0263509 1
gene 1 25 19 0.999335 0 126 0.999335 1
gene 1 25 20 0.055039 0 127 0.055039 1
gene 1 26 10 -0.34401 0 128 -0.34401 1
gene 1 26 11 -0.715535 0 129 -0.715535 1
gene 1 26 12 2.09763 0 130 2.09763 1
gene 1 26 13 -0.193039 0 131 -0.193039 1
gene 1 26 14 -0.888263 0 132 -0.888263 1
gene 1 26 15 -0.109306 0 133 -0.109306 1
gene 1 26 16 0.171773 0 134 0.171773 1
gene 1 26 17 -1.106 0 135 -1.106 1
gene 1 26 18 0.722139 0 136 0.722139 1
gene 1 26 19 0.534476 0 137 0.534476 1
gene 1 26 20 -0.415005 0 138 -0.415005 1
gene 1 27 10 -2.64269 0 139 -2.64269 1
gene 1 27 11 0.0153008 0 140 0.0153008 1
gene 1 27 12 0.48325 0 141 0.48325 1
gene 1 27 13 0.170745 0 142 0.170745 1
gene 1 27 14 -0.0965167 0 143 -0.0965167 1
gene 1 27 15 -0.747241 0 144 -0.747241 1
gene 1 27 16 -0.983221 0 145 -0.983221 1
gene 1 27 17 0.605811 0 146 0.605811 1
gene 1 27 18 0.0748137 0 147 0.0748137 1
gene 1 27 19 0.0758922 0 148 0.0758922 1
gene 1 27 20 -0.411898 0 149 -0.411898 1
gene 1 17 10 1.82469 0 190 1.82469 1
genomeend 152
