/* Organism #367 Fitness: 1.001 Error: 0.999 */
genomestart 367
trait 1 0.149081 0.0747968 0.128545 0.107977 0.908219 0.227115 0.795648 0 
node 1 1 0
node 2 1 1
node 3 1 1
node 4 1 1
node 5 1 1
node 6 1 1
node 7 1 1
node 8 1 1
node 9 1 1
node 10 1 2
node 11 1 2
node 12 1 2
node 13 1 2
node 14 1 2
node 15 1 2
node 16 1 2
node 17 1 2
node 18 1 2
node 19 1 2
node 20 1 2
node 21 1 3
node 22 1 3
node 23 1 3
node 24 1 3
node 25 1 3
node 26 1 3
node 27 1 3
node 28 1 3
gene 1 1 21 -0.038463 0 1 -0.038463 1
gene 1 1 22 0.147302 0 2 0.147302 1
gene 1 1 23 0.234562 0 3 0.234562 1
gene 1 1 24 0.447629 0 4 0.447629 1
gene 1 1 25 -0.79044 0 5 -0.79044 1
gene 1 1 26 0.446717 0 6 0.446717 1
gene 1 1 27 0.15097 0 7 0.15097 1
gene 1 1 28 0.288137 0 8 0.288137 1
gene 1 2 21 -0.530987 0 9 -0.530987 1
gene 1 2 22 -0.997459 0 10 -0.997459 1
gene 1 2 23 0.89913 0 11 0.89913 1
gene 1 2 24 0.527695 0 12 0.527695 1
gene 1 2 25 0.600676 0 13 0.600676 1
gene 1 2 26 0.844649 0 14 0.844649 1
gene 1 2 27 0.591248 0 15 0.591248 1
gene 1 2 28 0.988066 0 16 0.988066 1
gene 1 3 21 0.755589 0 17 0.755589 1
gene 1 3 22 -0.625254 0 18 -0.625254 1
gene 1 3 23 0.926777 0 19 0.926777 1
gene 1 3 24 -0.286987 0 20 -0.286987 1
gene 1 3 25 -0.402738 0 21 -0.402738 1
gene 1 3 26 0.963532 0 22 0.963532 1
gene 1 3 27 -0.811858 0 23 -0.811858 1
gene 1 3 28 0.911207 0 24 0.911207 1
gene 1 4 21 -0.0145974 0 25 -0.0145974 1
gene 1 4 22 -0.627726 0 26 -0.627726 1
gene 1 4 23 -0.281896 0 27 -0.281896 1
gene 1 4 24 -0.19611 0 28 -0.19611 1
gene 1 4 25 0.532211 0 29 0.532211 1
gene 1 4 26 0.755916 0 30 0.755916 1
gene 1 4 27 0.728417 0 31 0.728417 1
gene 1 4 28 -0.400667 0 32 -0.400667 1
gene 1 5 21 -0.858663 0 33 -0.858663 1
gene 1 5 22 0.0377246 0 34 0.0377246 1
gene 1 5 23 -0.509067 0 35 -0.509067 1
gene 1 5 24 0.95443 0 36 0.95443 1
gene 1 5 25 0.857933 0 37 0.857933 1
gene 1 5 26 0.709661 0 38 0.709661 1
gene 1 5 27 -0.607589 0 39 -0.607589 1
gene 1 5 28 -0.647971 0 40 -0.647971 1
gene 1 6 21 0.398427 0 41 0.398427 1
gene 1 6 22 -0.253804 0 42 -0.253804 1
gene 1 6 23 0.644765 0 43 0.644765 1
gene 1 6 24 -0.966448 0 44 -0.966448 1
gene 1 6 25 -0.697785 0 45 -0.697785 1
gene 1 6 26 0.809803 0 46 0.809803 1
gene 1 6 27 -0.315885 0 47 -0.315885 1
gene 1 6 28 0.888994 0 48 0.888994 1
gene 1 7 21 -0.112304 0 49 -0.112304 1
gene 1 7 22 -0.342505 0 50 -0.342505 1
gene 1 7 23 -0.712366 0 51 -0.712366 1
gene 1 7 24 0.210392 0 52 0.210392 1
gene 1 7 25 0.0567887 0 53 0.0567887 1
gene 1 7 26 -0.16017 0 54 -0.16017 1
gene 1 7 27 0.204075 0 55 0.204075 1
gene 1 7 28 0.485883 0 56 0.485883 1
gene 1 8 21 -0.77472 0 57 -0.77472 1
gene 1 8 22 -0.0276698 0 58 -0.0276698 1
gene 1 8 23 -0.146434 0 59 -0.146434 1
gene 1 8 24 0.198732 0 60 0.198732 1
gene 1 8 25 -0.742474 0 61 -0.742474 1
gene 1 8 26 -0.246581 0 62 -0.246581 1
gene 1 8 27 0.948638 0 63 0.948638 1
gene 1 8 28 0.454104 0 64 0.454104 1
gene 1 9 21 -0.441543 0 65 -0.441543 1
gene 1 9 22 0.809351 0 66 0.809351 1
gene 1 9 23 0.668219 0 67 0.668219 1
gene 1 9 24 -0.458244 0 68 -0.458244 1
gene 1 9 25 -0.840082 0 69 -0.840082 1
gene 1 9 26 -0.502536 0 70 -0.502536 1
gene 1 9 27 0.203066 0 71 0.203066 1
gene 1 9 28 0.20988 0 72 0.20988 1
gene 1 21 10 0.429199 0 73 0.429199 1
gene 1 21 11 0.146757 0 74 0.146757 1
gene 1 21 12 -0.60815 0 75 -0.60815 1
gene 1 21 13 -0.767151 0 76 -0.767151 1
gene 1 21 14 -0.955169 0 77 -0.955169 1
gene 1 21 15 -0.632031 0 78 -0.632031 1
gene 1 21 16 0.663498 0 79 0.663498 1
gene 1 21 17 0.366493 0 80 0.366493 1
gene 1 21 18 0.686613 0 81 0.686613 1
gene 1 21 19 0.157501 0 82 0.157501 1
gene 1 21 20 0.471061 0 83 0.471061 1
gene 1 22 10 -0.874822 0 84 -0.874822 1
gene 1 22 11 -0.56235 0 85 -0.56235 1
gene 1 22 12 -0.686021 0 86 -0.686021 1
gene 1 22 13 0.00374786 0 87 0.00374786 1
gene 1 22 14 0.9222 0 88 0.9222 1
gene 1 22 15 -0.144429 0 89 -0.144429 1
gene 1 22 16 -0.846962 0 90 -0.846962 1
gene 1 22 17 0.344981 0 91 0.344981 1
gene 1 22 18 -0.448754 0 92 -0.448754 1
gene 1 22 19 -0.774385 0 93 -0.774385 1
gene 1 22 20 -0.590366 0 94 -0.590366 1
gene 1 23 10 0.619223 0 95 0.619223 1
gene 1 23 11 -0.567014 0 96 -0.567014 1
gene 1 23 12 0.0337433 0 97 0.0337433 1
gene 1 23 13 0.641382 0 98 0.641382 1
gene 1 23 14 0.718416 0 99 0.718416 1
gene 1 23 15 -0.319092 0 100 -0.319092 1
gene 1 23 16 0.883116 0 101 0.883116 1
gene 1 23 17 -0.773456 0 102 -0.773456 1
gene 1 23 18 0.120257 0 103 0.120257 1
gene 1 23 19 0.806746 0 104 0.806746 1
gene 1 23 20 -0.801576 0 105 -0.801576 1
gene 1 24 10 0.255597 0 106 0.255597 1
gene 1 24 11 0.840172 0 107 0.840172 1
gene 1 24 12 0.00742192 0 108 0.00742192 1
gene 1 24 13 -0.770037 0 109 -0.770037 1
gene 1 24 14 -0.399544 0 110 -0.399544 1
gene 1 24 15 -0.0782301 0 111 -0.0782301 1
gene 1 24 16 -0.262158 0 112 -0.262158 1
gene 1 24 17 -0.291528 0 113 -0.291528 1
gene 1 24 18 0.540741 0 114 0.540741 1
gene 1 24 19 -0.938106 0 115 -0.938106 1
gene 1 24 20 0.424475 0 116 0.424475 1
gene 1 25 10 -0.0914479 0 117 -0.0914479 1
gene 1 25 11 -0.296102 0 118 -0.296102 1
gene 1 25 12 -0.142809 0 119 -0.142809 1
gene 1 25 13 0.0514798 0 120 0.0514798 1
gene 1 25 14 -0.850071 0 121 -0.850071 1
gene 1 25 15 0.611561 0 122 0.611561 1
gene 1 25 16 0.114758 0 123 0.114758 1
gene 1 25 17 0.590058 0 124 0.590058 1
gene 1 25 18 0.311356 0 125 0.311356 1
gene 1 25 19 -0.795859 0 126 -0.795859 1
gene 1 25 20 -0.599477 0 127 -0.599477 1
gene 1 26 10 0.0491691 0 128 0.0491691 1
gene 1 26 11 0.552196 0 129 0.552196 1
gene 1 26 12 0.908959 0 130 0.908959 1
gene 1 26 13 0.302834 0 131 0.302834 1
gene 1 26 14 0.82649 0 132 0.82649 1
gene 1 26 15 0.107711 0 133 0.107711 1
gene 1 26 16 -0.56588 0 134 -0.56588 1
gene 1 26 17 0.0168496 0 135 0.0168496 1
gene 1 26 18 -0.478292 0 136 -0.478292 1
gene 1 26 19 0.0259942 0 137 0.0259942 1
gene 1 26 20 0.63189 0 138 0.63189 1
gene 1 27 10 -0.836758 0 139 -0.836758 1
gene 1 27 11 -0.724396 0 140 -0.724396 1
gene 1 27 12 0.88656 0 141 0.88656 1
gene 1 27 13 -0.599154 0 142 -0.599154 1
gene 1 27 14 0.61257 0 143 0.61257 1
gene 1 27 15 -0.115342 0 144 -0.115342 1
gene 1 27 16 0.834886 0 145 0.834886 1
gene 1 27 17 0.649762 0 146 0.649762 1
gene 1 27 18 0.434522 0 147 0.434522 1
gene 1 27 19 -0.759501 0 148 -0.759501 1
gene 1 27 20 0.665086 0 149 0.665086 1
gene 1 28 10 -0.397525 0 150 -0.397525 1
gene 1 28 11 -0.030062 0 151 -0.030062 1
gene 1 28 12 -0.971007 0 152 -0.971007 1
gene 1 28 13 0.413764 0 153 0.413764 1
gene 1 28 14 -0.480291 0 154 -0.480291 1
gene 1 28 15 -0.133827 0 155 -0.133827 1
gene 1 28 16 -0.545552 0 156 -0.545552 1
gene 1 28 17 -0.526221 0 157 -0.526221 1
gene 1 28 18 -0.971975 0 158 -0.971975 1
gene 1 28 19 0.147715 0 159 0.147715 1
gene 1 28 20 0.827114 0 160 0.827114 1
genomeend 367
