/* Organism #68 Fitness: 1.005 Error: 0.995 */
genomestart 68
trait 1 0.0698816 0.365255 0.0791298 0.107977 0.873125 0.227115 0.650865 0.143044 
node 1 1 0
node 2 1 1
node 3 1 1
node 4 1 1
node 5 1 1
node 6 1 1
node 7 1 1
node 8 1 1
node 9 1 1
node 10 1 2
node 11 1 2
node 12 1 2
node 13 1 2
node 14 1 2
node 15 1 2
node 16 1 2
node 17 1 2
node 18 1 2
node 19 1 2
node 20 1 2
node 21 1 3
node 22 1 3
node 23 1 3
node 25 1 3
node 26 1 3
node 27 1 3
node 28 1 3
node 51 1 3
gene 1 1 21 -5.71261 0 1 -5.71261 1
gene 1 1 22 0.552624 0 2 0.552624 1
gene 1 1 23 1.16525 0 3 1.16525 1
gene 1 1 25 2.0533 0 5 2.0533 1
gene 1 1 26 1.65168 0 6 1.65168 1
gene 1 1 27 0.973589 0 7 0.973589 1
gene 1 1 28 3.6698 0 8 3.6698 1
gene 1 2 21 2.34845 0 9 2.34845 1
gene 1 2 22 0.677638 0 10 0.677638 1
gene 1 2 23 -2.74354 0 11 -2.74354 1
gene 1 2 25 -1.87465 0 13 -1.87465 1
gene 1 2 26 -1.1845 0 14 -1.1845 1
gene 1 2 27 -1.94865 0 15 -1.94865 1
gene 1 2 28 -0.494453 0 16 -0.494453 1
gene 1 3 21 -2.4478 0 17 -2.4478 1
gene 1 3 22 0.601729 0 18 0.601729 1
gene 1 3 23 -2.39459 0 19 -2.39459 1
gene 1 3 25 0.334131 0 21 0.334131 1
gene 1 3 26 4.5163 0 22 4.5163 1
gene 1 3 27 -0.378686 0 23 -0.378686 1
gene 1 3 28 0.809734 0 24 0.809734 1
gene 1 4 21 -0.698879 0 25 -0.698879 1
gene 1 4 22 1.14721 0 26 1.14721 1
gene 1 4 23 3.43736 0 27 3.43736 1
gene 1 4 25 2.82142 0 29 2.82142 1
gene 1 4 26 1.02784 0 30 1.02784 1
gene 1 4 27 0.409351 0 31 0.409351 1
gene 1 4 28 -2.39151 0 32 -2.39151 1
gene 1 5 21 1.09369 0 33 1.09369 1
gene 1 5 22 -1.65145 0 34 -1.65145 1
gene 1 5 23 -2.53832 0 35 -2.53832 1
gene 1 5 25 1.34788 0 37 1.34788 1
gene 1 5 26 -1.74499 0 38 -1.74499 1
gene 1 5 27 -1.81423 0 39 -1.81423 1
gene 1 5 28 -0.738137 0 40 -0.738137 1
gene 1 6 21 1.39517 0 41 1.39517 1
gene 1 6 22 0.429028 0 42 0.429028 1
gene 1 6 25 2.312 0 45 2.312 1
gene 1 6 27 -0.733201 0 47 -0.733201 1
gene 1 6 28 0.888605 0 48 0.888605 1
gene 1 7 21 0.800517 0 49 0.800517 1
gene 1 7 22 0.960938 0 50 0.960938 1
gene 1 7 23 -1.05213 0 51 -1.05213 1
gene 1 7 25 -1.36248 0 53 -1.36248 1
gene 1 7 26 2.83101 0 54 2.83101 1
gene 1 7 27 0.898787 0 55 0.898787 1
gene 1 7 28 0.322986 0 56 0.322986 1
gene 1 8 21 1.18673 0 57 1.18673 1
gene 1 8 22 0.13925 0 58 0.13925 1
gene 1 8 23 -1.23174 0 59 -1.23174 1
gene 1 8 25 0.474088 0 61 0.474088 1
gene 1 8 26 3.94236 0 62 3.94236 1
gene 1 8 27 4.30876 0 63 4.30876 1
gene 1 8 28 0.599501 0 64 0.599501 1
gene 1 9 21 0.63113 0 65 0.63113 1
gene 1 9 22 -2.55786 0 66 -2.55786 1
gene 1 9 23 -0.850933 0 67 -0.850933 1
gene 1 9 25 1.72387 0 69 1.72387 1
gene 1 9 26 4.99512 0 70 4.99512 1
gene 1 9 27 3.74333 0 71 3.74333 1
gene 1 9 28 0.962509 0 72 0.962509 1
gene 1 21 10 1.50356 0 73 1.50356 1
gene 1 21 11 -1.78856 0 74 -1.78856 1
gene 1 21 12 -2.7676 0 75 -2.7676 1
gene 1 21 13 1.86572 0 76 1.86572 1
gene 1 21 14 -0.313068 0 77 -0.313068 1
gene 1 21 15 -1.11716 0 78 -1.11716 1
gene 1 21 16 -1.35594 0 79 -1.35594 1
gene 1 21 17 -2.40703 0 80 -2.40703 1
gene 1 21 18 -0.384344 0 81 -0.384344 1
gene 1 21 19 0.201715 0 82 0.201715 1
gene 1 21 20 2.25966 0 83 2.25966 1
gene 1 22 10 -4.68043 0 84 -4.68043 1
gene 1 22 11 -0.141626 0 85 -0.141626 1
gene 1 22 12 6.40955 0 86 6.40955 1
gene 1 22 13 3.18771 0 87 3.18771 1
gene 1 22 14 1.81723 0 88 1.81723 1
gene 1 22 15 -4.27211 0 89 -4.27211 1
gene 1 22 17 4.5267 0 91 4.5267 1
gene 1 22 18 -0.217359 0 92 -0.217359 1
gene 1 22 19 0.665508 0 93 0.665508 1
gene 1 22 20 6.22001 0 94 6.22001 1
gene 1 23 10 -2.623 0 95 -2.623 1
gene 1 23 11 1.3003 0 96 1.3003 1
gene 1 23 12 2.74194 0 97 2.74194 1
gene 1 23 13 1.01044 0 98 1.01044 1
gene 1 23 14 -4.38292 0 99 -4.38292 1
gene 1 23 15 0.0145323 0 100 0.0145323 1
gene 1 23 16 -3.15952 0 101 -3.15952 1
gene 1 23 17 -0.226341 0 102 -0.226341 1
gene 1 23 18 -0.293908 0 103 -0.293908 1
gene 1 23 19 -2.16261 0 104 -2.16261 1
gene 1 23 20 -0.203013 0 105 -0.203013 1
gene 1 25 10 0.0304946 0 117 0.0304946 1
gene 1 25 11 -3.10938 0 118 -3.10938 1
gene 1 25 12 0.76703 0 119 0.76703 1
gene 1 25 13 1.10729 0 120 1.10729 1
gene 1 25 14 0.866043 0 121 0.866043 1
gene 1 25 15 -0.823439 0 122 -0.823439 1
gene 1 25 16 2.96087 0 123 2.96087 1
gene 1 25 17 -5.51293 0 124 -5.51293 1
gene 1 25 18 -1.59094 0 125 -1.59094 1
gene 1 25 19 -2.8111 0 126 -2.8111 1
gene 1 25 20 -1.60179 0 127 -1.60179 1
gene 1 26 10 0.121946 0 128 0.121946 1
gene 1 26 11 -2.35637 0 129 -2.35637 1
gene 1 26 12 0.577166 0 130 0.577166 1
gene 1 26 13 0.784621 0 131 0.784621 1
gene 1 26 14 -1.36242 0 132 -1.36242 1
gene 1 26 15 -2.1109 0 133 -2.1109 1
gene 1 26 16 3.66389 0 134 3.66389 1
gene 1 26 17 0.231766 0 135 0.231766 1
gene 1 26 18 0.746924 0 136 0.746924 1
gene 1 26 19 0.192012 0 137 0.192012 1
gene 1 26 20 0.163885 0 138 0.163885 1
gene 1 27 10 0.0261664 0 139 0.0261664 1
gene 1 27 11 1.1281 0 140 1.1281 1
gene 1 27 12 3.30327 0 141 3.30327 1
gene 1 27 13 -0.790646 0 142 -0.790646 1
gene 1 27 14 1.59887 0 143 1.59887 1
gene 1 27 15 1.17433 0 144 1.17433 1
gene 1 27 16 1.75354 0 145 1.75354 1
gene 1 27 17 -2.64508 0 146 -2.64508 1
gene 1 27 18 1.41798 0 147 1.41798 1
gene 1 27 19 -0.733013 0 148 -0.733013 1
gene 1 27 20 0.104464 0 149 0.104464 1
gene 1 28 10 -1.05939 0 150 -1.05939 1
gene 1 28 11 1.57346 0 151 1.57346 1
gene 1 28 12 -0.598964 0 152 -0.598964 1
gene 1 28 13 0.119903 0 153 0.119903 1
gene 1 28 14 -1.37126 0 154 -1.37126 1
gene 1 28 15 2.66628 0 155 2.66628 1
gene 1 28 16 1.32207 0 156 1.32207 1
gene 1 28 17 -1.75347 0 157 -1.75347 1
gene 1 28 18 -3.48008 0 158 -3.48008 1
gene 1 28 19 0.697834 0 159 0.697834 1
gene 1 28 20 -0.670569 0 160 -0.670569 1
gene 1 22 27 0.708791 0 305 0.708791 1
gene 1 12 16 0.91034 0 543 0.91034 1
gene 1 6 51 -0.291007 0 753 -0.291007 1
gene 1 51 26 -0.505869 0 754 -0.505869 1
gene 1 22 25 1.28622 0 1253 1.28622 1
gene 1 14 14 0.175023 1 1342 0.175023 1
gene 1 21 28 -0.836506 0 1659 -0.836506 1
genomeend 68
