/* Organism #209 Fitness: 1.001 Error: 0.999 */
genomestart 209
trait 1 0.149081 0.0747968 0.128545 0.107977 0.908219 0.227115 0.795648 0 
node 1 1 0
node 2 1 1
node 3 1 1
node 4 1 1
node 5 1 1
node 6 1 1
node 7 1 1
node 8 1 1
node 9 1 1
node 10 1 2
node 11 1 2
node 12 1 2
node 13 1 2
node 14 1 2
node 15 1 2
node 16 1 2
node 17 1 2
node 18 1 2
node 19 1 2
node 20 1 2
node 21 1 3
node 22 1 3
node 23 1 3
node 24 1 3
node 25 1 3
node 26 1 3
node 27 1 3
node 28 1 3
gene 1 1 21 -0.568652 0 1 -0.568652 1
gene 1 1 22 0.654177 0 2 0.654177 1
gene 1 1 23 0.151942 0 3 0.151942 1
gene 1 1 24 -0.0854435 0 4 -0.0854435 1
gene 1 1 25 0.470075 0 5 0.470075 1
gene 1 1 26 0.995955 0 6 0.995955 1
gene 1 1 27 -0.857259 0 7 -0.857259 1
gene 1 1 28 -0.444197 0 8 -0.444197 1
gene 1 2 21 0.0284308 0 9 0.0284308 1
gene 1 2 22 0.0697095 0 10 0.0697095 1
gene 1 2 23 0.933309 0 11 0.933309 1
gene 1 2 24 0.526469 0 12 0.526469 1
gene 1 2 25 -0.30693 0 13 -0.30693 1
gene 1 2 26 -0.881786 0 14 -0.881786 1
gene 1 2 27 -0.585456 0 15 -0.585456 1
gene 1 2 28 0.73359 0 16 0.73359 1
gene 1 3 21 -0.262662 0 17 -0.262662 1
gene 1 3 22 0.202047 0 18 0.202047 1
gene 1 3 23 0.670752 0 19 0.670752 1
gene 1 3 24 -0.351044 0 20 -0.351044 1
gene 1 3 25 0.875959 0 21 0.875959 1
gene 1 3 26 0.0479151 0 22 0.0479151 1
gene 1 3 27 -0.783544 0 23 -0.783544 1
gene 1 3 28 -0.166839 0 24 -0.166839 1
gene 1 4 21 0.4677 0 25 0.4677 1
gene 1 4 22 -0.219716 0 26 -0.219716 1
gene 1 4 23 -0.684459 0 27 -0.684459 1
gene 1 4 24 0.509643 0 28 0.509643 1
gene 1 4 25 -0.113324 0 29 -0.113324 1
gene 1 4 26 -0.843483 0 30 -0.843483 1
gene 1 4 27 0.498 0 31 0.498 1
gene 1 4 28 0.89069 0 32 0.89069 1
gene 1 5 21 0.171075 0 33 0.171075 1
gene 1 5 22 0.103065 0 34 0.103065 1
gene 1 5 23 -0.497495 0 35 -0.497495 1
gene 1 5 24 -0.0135254 0 36 -0.0135254 1
gene 1 5 25 0.398651 0 37 0.398651 1
gene 1 5 26 0.325268 0 38 0.325268 1
gene 1 5 27 -0.801466 0 39 -0.801466 1
gene 1 5 28 0.562491 0 40 0.562491 1
gene 1 6 21 0.496625 0 41 0.496625 1
gene 1 6 22 -0.541906 0 42 -0.541906 1
gene 1 6 23 -0.347731 0 43 -0.347731 1
gene 1 6 24 0.547815 0 44 0.547815 1
gene 1 6 25 -0.430048 0 45 -0.430048 1
gene 1 6 26 -0.488093 0 46 -0.488093 1
gene 1 6 27 -0.475588 0 47 -0.475588 1
gene 1 6 28 -0.83786 0 48 -0.83786 1
gene 1 7 21 -0.995248 0 49 -0.995248 1
gene 1 7 22 -0.87648 0 50 -0.87648 1
gene 1 7 23 0.195769 0 51 0.195769 1
gene 1 7 24 0.885253 0 52 0.885253 1
gene 1 7 25 -0.572594 0 53 -0.572594 1
gene 1 7 26 0.974623 0 54 0.974623 1
gene 1 7 27 0.583832 0 55 0.583832 1
gene 1 7 28 0.000102683 0 56 0.000102683 1
gene 1 8 21 0.503522 0 57 0.503522 1
gene 1 8 22 -0.130484 0 58 -0.130484 1
gene 1 8 23 -0.825144 0 59 -0.825144 1
gene 1 8 24 0.381795 0 60 0.381795 1
gene 1 8 25 -0.261026 0 61 -0.261026 1
gene 1 8 26 0.537981 0 62 0.537981 1
gene 1 8 27 0.41637 0 63 0.41637 1
gene 1 8 28 -0.830282 0 64 -0.830282 1
gene 1 9 21 0.360919 0 65 0.360919 1
gene 1 9 22 0.0790601 0 66 0.0790601 1
gene 1 9 23 0.520587 0 67 0.520587 1
gene 1 9 24 -0.0398675 0 68 -0.0398675 1
gene 1 9 25 0.452121 0 69 0.452121 1
gene 1 9 26 0.408575 0 70 0.408575 1
gene 1 9 27 -0.597784 0 71 -0.597784 1
gene 1 9 28 -0.804605 0 72 -0.804605 1
gene 1 21 10 0.175023 0 73 0.175023 1
gene 1 21 11 0.0588328 0 74 0.0588328 1
gene 1 21 12 -0.456083 0 75 -0.456083 1
gene 1 21 13 0.666681 0 76 0.666681 1
gene 1 21 14 -0.792146 0 77 -0.792146 1
gene 1 21 15 0.85105 0 78 0.85105 1
gene 1 21 16 -0.517234 0 79 -0.517234 1
gene 1 21 17 0.515516 0 80 0.515516 1
gene 1 21 18 -0.490886 0 81 -0.490886 1
gene 1 21 19 0.643203 0 82 0.643203 1
gene 1 21 20 -0.000316183 0 83 -0.000316183 1
gene 1 22 10 0.888668 0 84 0.888668 1
gene 1 22 11 0.606958 0 85 0.606958 1
gene 1 22 12 0.343272 0 86 0.343272 1
gene 1 22 13 -0.745591 0 87 -0.745591 1
gene 1 22 14 0.626322 0 88 0.626322 1
gene 1 22 15 0.0112467 0 89 0.0112467 1
gene 1 22 16 -0.12747 0 90 -0.12747 1
gene 1 22 17 -0.226745 0 91 -0.226745 1
gene 1 22 18 0.809221 0 92 0.809221 1
gene 1 22 19 -0.471614 0 93 -0.471614 1
gene 1 22 20 -0.202419 0 94 -0.202419 1
gene 1 23 10 0.0572762 0 95 0.0572762 1
gene 1 23 11 -0.0207759 0 96 -0.0207759 1
gene 1 23 12 -0.474571 0 97 -0.474571 1
gene 1 23 13 0.420824 0 98 0.420824 1
gene 1 23 14 0.346837 0 99 0.346837 1
gene 1 23 15 -0.0659679 0 100 -0.0659679 1
gene 1 23 16 -0.755926 0 101 -0.755926 1
gene 1 23 17 0.94031 0 102 0.94031 1
gene 1 23 18 -0.113186 0 103 -0.113186 1
gene 1 23 19 0.556998 0 104 0.556998 1
gene 1 23 20 -0.00387013 0 105 -0.00387013 1
gene 1 24 10 -0.419124 0 106 -0.419124 1
gene 1 24 11 0.849959 0 107 0.849959 1
gene 1 24 12 0.947705 0 108 0.947705 1
gene 1 24 13 0.710233 0 109 0.710233 1
gene 1 24 14 -0.412193 0 110 -0.412193 1
gene 1 24 15 0.181625 0 111 0.181625 1
gene 1 24 16 -0.19431 0 112 -0.19431 1
gene 1 24 17 -0.401964 0 113 -0.401964 1
gene 1 24 18 0.890075 0 114 0.890075 1
gene 1 24 19 0.958057 0 115 0.958057 1
gene 1 24 20 0.691408 0 116 0.691408 1
gene 1 25 10 0.730514 0 117 0.730514 1
gene 1 25 11 0.0185917 0 118 0.0185917 1
gene 1 25 12 0.7353 0 119 0.7353 1
gene 1 25 13 0.368134 0 120 0.368134 1
gene 1 25 14 -0.106871 0 121 -0.106871 1
gene 1 25 15 -0.246648 0 122 -0.246648 1
gene 1 25 16 -0.876281 0 123 -0.876281 1
gene 1 25 17 0.40228 0 124 0.40228 1
gene 1 25 18 -0.512016 0 125 -0.512016 1
gene 1 25 19 -0.339484 0 126 -0.339484 1
gene 1 25 20 -0.704014 0 127 -0.704014 1
gene 1 26 10 -0.328876 0 128 -0.328876 1
gene 1 26 11 0.581817 0 129 0.581817 1
gene 1 26 12 0.812526 0 130 0.812526 1
gene 1 26 13 -0.158552 0 131 -0.158552 1
gene 1 26 14 0.676727 0 132 0.676727 1
gene 1 26 15 0.777601 0 133 0.777601 1
gene 1 26 16 -0.592607 0 134 -0.592607 1
gene 1 26 17 0.134425 0 135 0.134425 1
gene 1 26 18 -0.0326554 0 136 -0.0326554 1
gene 1 26 19 0.00356661 0 137 0.00356661 1
gene 1 26 20 0.218732 0 138 0.218732 1
gene 1 27 10 -0.425577 0 139 -0.425577 1
gene 1 27 11 0.448365 0 140 0.448365 1
gene 1 27 12 0.0176832 0 141 0.0176832 1
gene 1 27 13 -0.119367 0 142 -0.119367 1
gene 1 27 14 -0.201869 0 143 -0.201869 1
gene 1 27 15 0.352604 0 144 0.352604 1
gene 1 27 16 -0.904824 0 145 -0.904824 1
gene 1 27 17 -0.526132 0 146 -0.526132 1
gene 1 27 18 0.14026 0 147 0.14026 1
gene 1 27 19 -0.630021 0 148 -0.630021 1
gene 1 27 20 0.416505 0 149 0.416505 1
gene 1 28 10 -0.247516 0 150 -0.247516 1
gene 1 28 11 -0.576331 0 151 -0.576331 1
gene 1 28 12 -0.567865 0 152 -0.567865 1
gene 1 28 13 -0.03452 0 153 -0.03452 1
gene 1 28 14 -0.0970369 0 154 -0.0970369 1
gene 1 28 15 0.543178 0 155 0.543178 1
gene 1 28 16 -0.995041 0 156 -0.995041 1
gene 1 28 17 0.296175 0 157 0.296175 1
gene 1 28 18 0.445566 0 158 0.445566 1
gene 1 28 19 0.526851 0 159 0.526851 1
gene 1 28 20 0.219513 0 160 0.219513 1
genomeend 209
