/* Organism #347 Fitness: 1.009 Error: 0.991 */
genomestart 347
trait 1 0.803938 0.421857 0 1 1 1 1 0 
node 1 1 0
node 2 1 1
node 3 1 1
node 4 1 1
node 5 1 1
node 6 1 1
node 7 1 1
node 8 1 1
node 9 1 1
node 10 1 2
node 11 1 2
node 12 1 2
node 13 1 2
node 14 1 2
node 15 1 2
node 16 1 2
node 17 1 2
node 18 1 2
node 19 1 2
node 20 1 2
node 21 1 3
node 23 1 3
node 27 1 3
gene 1 1 21 -6.67445 0 1 -6.67445 1
gene 1 1 23 -7.22895 0 3 -7.22895 1
gene 1 1 27 2.46581 0 7 2.46581 1
gene 1 2 21 -2.7512 0 9 -2.7512 1
gene 1 2 27 -4.66009 0 15 -4.66009 1
gene 1 3 21 0.686647 0 17 0.686647 1
gene 1 3 23 6.31837 0 19 6.31837 1
gene 1 4 21 2.51378 0 25 2.51378 1
gene 1 4 23 -0.230296 0 27 -0.230296 1
gene 1 4 27 0.415501 0 31 0.415501 1
gene 1 5 21 0.388291 0 33 0.388291 1
gene 1 5 27 -4.27084 0 39 -4.27084 1
gene 1 6 21 4.52025 0 41 4.52025 1
gene 1 6 23 3.11144 0 43 3.11144 1
gene 1 6 27 -3.07757 0 47 -3.07757 1
gene 1 7 21 -5.26351 0 49 -5.26351 1
gene 1 7 23 -4.32916 0 51 -4.32916 1
gene 1 8 21 -2.549 0 57 -2.549 1
gene 1 8 23 -1.96258 0 59 -1.96258 1
gene 1 8 27 1.83694 0 63 1.83694 1
gene 1 9 21 -0.0749467 0 65 -0.0749467 1
gene 1 9 23 2.2981 0 67 2.2981 1
gene 1 9 27 -0.522708 0 71 -0.522708 1
gene 1 21 10 -1.8648 0 73 -1.8648 1
gene 1 21 11 4.41094 0 74 4.41094 1
gene 1 21 12 -0.830476 0 75 -0.830476 1
gene 1 21 13 3.80428 0 76 3.80428 1
gene 1 21 14 2.75756 0 77 2.75756 1
gene 1 21 15 4.23671 0 78 4.23671 1
gene 1 21 16 -0.187508 0 79 -0.187508 1
gene 1 21 17 -1.45924 0 80 -1.45924 1
gene 1 21 18 1.6932 0 81 1.6932 1
gene 1 21 19 -4.62089 0 82 -4.62089 1
gene 1 21 20 1.33885 0 83 1.33885 1
gene 1 23 10 0.841158 0 95 0.841158 1
gene 1 23 11 -2.34895 0 96 -2.34895 1
gene 1 23 12 -2.96874 0 97 -2.96874 1
gene 1 23 13 0.59731 0 98 0.59731 1
gene 1 23 14 -2.18551 0 99 -2.18551 1
gene 1 23 15 0.91046 0 100 0.91046 1
gene 1 23 16 -0.848711 0 101 -0.848711 1
gene 1 23 17 -0.301266 0 102 -0.301266 1
gene 1 23 18 1.99574 0 103 1.99574 1
gene 1 23 19 0.590398 0 104 0.590398 1
gene 1 23 20 -1.45033 0 105 -1.45033 1
gene 1 27 10 -7.83319 0 139 -7.83319 1
gene 1 27 11 -3.45995 0 140 -3.45995 1
gene 1 27 12 1.56538 0 141 1.56538 1
gene 1 27 13 -1.26698 0 142 -1.26698 1
gene 1 27 14 -2.58822 0 143 -2.58822 1
gene 1 27 15 1.22516 0 144 1.22516 1
gene 1 27 17 -2.47562 0 146 -2.47562 1
gene 1 27 18 -2.65722 0 147 -2.65722 1
gene 1 27 19 -1.92249 0 148 -1.92249 1
gene 1 27 20 -3.95274 0 149 -3.95274 1
gene 1 12 18 -6.31176 0 1178 -6.31176 1
gene 1 2 10 -4.6125 0 1373 -4.6125 1
gene 1 20 20 0.16919 1 2408 0.16919 1
gene 1 14 18 -0.165526 0 3613 -0.165526 1
gene 1 1 18 -0.797137 0 3723 -0.797137 1
gene 1 9 14 -0.421365 0 3859 -0.421365 1
gene 1 2 11 -0.489371 0 3908 -0.489371 1
gene 1 9 12 1.80065 0 4073 1.80065 1
gene 1 5 20 0.165014 0 4184 0.165014 1
gene 1 10 20 2.40171 0 4300 2.40171 1
gene 1 17 17 -0.348811 1 4525 -0.348811 1
gene 1 14 14 -0.174354 1 5403 -0.174354 1
gene 1 5 10 -3.83327 0 5508 -3.83327 1
gene 1 1 12 -1.68358 0 5593 -1.68358 1
gene 1 23 23 2.20687 1 5723 2.20687 1
gene 1 10 11 0.61774 0 6466 0.61774 1
gene 1 13 13 -2.23013 1 7205 -2.23013 1
gene 1 10 13 1.75103 0 7314 1.75103 1
gene 1 27 27 -0.269103 1 7626 -0.269103 1
genomeend 347
