/* Organism #110 Fitness: 1.007 Error: 0.993 */
genomestart 110
trait 1 0.523676 0.48438 0.0642723 0.0539885 0.908219 0.227115 0.795648 0.339105 
node 1 1 0
node 2 1 1
node 3 1 1
node 4 1 1
node 5 1 1
node 6 1 1
node 7 1 1
node 8 1 1
node 9 1 1
node 10 1 2
node 11 1 2
node 12 1 2
node 13 1 2
node 14 1 2
node 15 1 2
node 16 1 2
node 17 1 2
node 18 1 2
node 19 1 2
node 20 1 2
node 21 1 3
node 22 1 3
node 23 1 3
node 24 1 3
node 26 1 3
gene 1 1 21 3.21179 0 1 3.21179 1
gene 1 1 22 -1.74663 0 2 -1.74663 1
gene 1 1 23 1.24524 0 3 1.24524 1
gene 1 1 24 -7.40773 0 4 -7.40773 1
gene 1 1 26 -0.383837 0 6 -0.383837 1
gene 1 2 21 4.2872 0 9 4.2872 1
gene 1 2 22 0.7795 0 10 0.7795 1
gene 1 2 23 1.42532 0 11 1.42532 1
gene 1 2 24 -0.0326423 0 12 -0.0326423 1
gene 1 2 26 5.03768 0 14 5.03768 1
gene 1 3 21 -0.147626 0 17 -0.147626 1
gene 1 3 22 0.811093 0 18 0.811093 1
gene 1 3 23 -0.20521 0 19 -0.20521 1
gene 1 3 24 0.704506 0 20 0.704506 1
gene 1 3 26 0.987018 0 22 0.987018 1
gene 1 4 21 -1.50042 0 25 -1.50042 1
gene 1 4 22 -1.24394 0 26 -1.24394 1
gene 1 4 23 -0.143321 0 27 -0.143321 1
gene 1 4 24 -6.32761 0 28 -6.32761 1
gene 1 4 26 0.391583 0 30 0.391583 1
gene 1 5 21 2.26565 0 33 2.26565 1
gene 1 5 22 2.40044 0 34 2.40044 1
gene 1 5 23 0.588489 0 35 0.588489 1
gene 1 5 24 2.07785 0 36 2.07785 1
gene 1 5 26 4.32563 0 38 4.32563 1
gene 1 6 21 1.29317 0 41 1.29317 1
gene 1 6 22 -5.93214 0 42 -5.93214 1
gene 1 6 23 1.05135 0 43 1.05135 1
gene 1 6 24 2.71013 0 44 2.71013 1
gene 1 6 26 2.85788 0 46 2.85788 1
gene 1 7 21 2.68533 0 49 2.68533 1
gene 1 7 22 1.67401 0 50 1.67401 1
gene 1 7 23 2.88926 0 51 2.88926 1
gene 1 7 24 -3.28134 0 52 -3.28134 1
gene 1 7 26 -0.313638 0 54 -0.313638 1
gene 1 8 21 -2.42711 0 57 -2.42711 1
gene 1 8 22 -0.369119 0 58 -0.369119 1
gene 1 8 23 -0.141974 0 59 -0.141974 1
gene 1 8 24 -1.36004 0 60 -1.36004 1
gene 1 8 26 -1.28376 0 62 -1.28376 1
gene 1 9 21 -0.559586 0 65 -0.559586 1
gene 1 9 22 -1.29134 0 66 -1.29134 1
gene 1 9 23 0.372395 0 67 0.372395 1
gene 1 9 24 -2.25661 0 68 -2.25661 1
gene 1 9 26 -3.57212 0 70 -3.57212 1
gene 1 21 10 1.52916 0 73 1.52916 1
gene 1 21 12 1.3254 0 75 1.3254 1
gene 1 21 13 1.01572 0 76 1.01572 1
gene 1 21 14 1.87722 0 77 1.87722 1
gene 1 21 15 -1.10203 0 78 -1.10203 1
gene 1 21 16 -2.68453 0 79 -2.68453 1
gene 1 21 17 -0.792622 0 80 -0.792622 1
gene 1 21 18 1.86749 0 81 1.86749 1
gene 1 21 19 4.18177 0 82 4.18177 1
gene 1 21 20 5.21715 0 83 5.21715 1
gene 1 22 10 -4.33245 0 84 -4.33245 1
gene 1 22 11 0.633564 0 85 0.633564 1
gene 1 22 12 1.23932 0 86 1.23932 1
gene 1 22 13 -1.1562 0 87 -1.1562 1
gene 1 22 14 -3.73742 0 88 -3.73742 1
gene 1 22 15 -1.64892 0 89 -1.64892 1
gene 1 22 16 -0.414707 0 90 -0.414707 1
gene 1 22 17 -0.39918 0 91 -0.39918 1
gene 1 22 18 -1.22541 0 92 -1.22541 1
gene 1 22 19 0.308753 0 93 0.308753 1
gene 1 23 10 -2.64696 0 95 -2.64696 1
gene 1 23 12 3.5526 0 97 3.5526 1
gene 1 23 13 -2.23915 0 98 -2.23915 1
gene 1 23 14 -0.107105 0 99 -0.107105 1
gene 1 23 15 -1.19234 0 100 -1.19234 1
gene 1 23 16 0.141222 0 101 0.141222 1
gene 1 23 17 5.81201 0 102 5.81201 1
gene 1 23 18 1.91628 0 103 1.91628 1
gene 1 23 19 -1.41203 0 104 -1.41203 1
gene 1 23 20 2.21286 0 105 2.21286 1
gene 1 24 10 1.37644 0 106 1.37644 1
gene 1 24 11 -1.22746 0 107 -1.22746 1
gene 1 24 12 -1.95528 0 108 -1.95528 1
gene 1 24 13 0.3089 0 109 0.3089 1
gene 1 24 14 -0.415706 0 110 -0.415706 1
gene 1 24 15 -3.53171 0 111 -3.53171 1
gene 1 24 16 2.49624 0 112 2.49624 1
gene 1 24 17 0.940865 0 113 0.940865 1
gene 1 24 18 -0.922424 0 114 -0.922424 1
gene 1 24 19 -0.00606085 0 115 -0.00606085 1
gene 1 24 20 0.756283 0 116 0.756283 1
gene 1 26 10 4.27261 0 128 4.27261 1
gene 1 26 11 1.22327 0 129 1.22327 1
gene 1 26 12 -2.27542 0 130 -2.27542 1
gene 1 26 13 0.315664 0 131 0.315664 1
gene 1 26 14 -0.884395 0 132 -0.884395 1
gene 1 26 15 -0.512004 0 133 -0.512004 1
gene 1 26 16 0.187939 0 134 0.187939 1
gene 1 26 17 0.134257 0 135 0.134257 1
gene 1 26 18 -0.107627 0 136 -0.107627 1
gene 1 26 19 1.85371 0 137 1.85371 1
gene 1 26 20 4.08611 0 138 4.08611 1
gene 1 16 19 1.29938 0 1223 1.29938 1
gene 1 4 16 -0.735166 0 1395 -0.735166 1
gene 1 14 14 0.0430931 1 1555 0.0430931 1
gene 1 12 12 -0.279747 1 1721 -0.279747 1
gene 1 7 18 0.360794 0 2198 0.360794 1
gene 1 13 14 -0.908779 0 2833 -0.908779 1
gene 1 13 15 -0.0965094 0 2943 -0.0965094 1
genomeend 110
