/* Organism #375 Fitness: 1.006 Error: 0.994 */
genomestart 375
trait 1 0.276489 0.338754 0.0723063 0.164038 0.240753 0.113558 1 0.732253 
node 1 1 0
node 2 1 1
node 3 1 1
node 4 1 1
node 5 1 1
node 6 1 1
node 7 1 1
node 8 1 1
node 9 1 1
node 10 1 2
node 11 1 2
node 12 1 2
node 13 1 2
node 14 1 2
node 15 1 2
node 16 1 2
node 17 1 2
node 18 1 2
node 19 1 2
node 20 1 2
node 21 1 3
node 23 1 3
node 24 1 3
node 25 1 3
node 26 1 3
node 27 1 3
node 28 1 3
node 45 1 3
node 103 1 3
node 142 1 3
gene 1 1 21 2.73268 0 1 2.73268 1
gene 1 1 23 -1.3312 0 3 -1.3312 1
gene 1 1 24 -2.80572 0 4 -2.80572 1
gene 1 1 25 -1.9908 0 5 -1.9908 1
gene 1 1 26 -2.56182 0 6 -2.56182 1
gene 1 1 27 1.26407 0 7 1.26407 1
gene 1 1 28 0.258522 0 8 0.258522 1
gene 1 2 21 2.33466 0 9 2.33466 1
gene 1 2 23 1.04415 0 11 1.04415 1
gene 1 2 24 -0.811122 0 12 -0.811122 1
gene 1 2 25 0.621727 0 13 0.621727 1
gene 1 2 26 -1.24242 0 14 -1.24242 1
gene 1 2 27 0.798578 0 15 0.798578 1
gene 1 2 28 -2.61167 0 16 -2.61167 1
gene 1 3 21 -0.871302 0 17 -0.871302 1
gene 1 3 23 -0.444725 0 19 -0.444725 1
gene 1 3 24 1.15591 0 20 1.15591 1
gene 1 3 26 1.03415 0 22 1.03415 1
gene 1 3 27 -5.88338 0 23 -5.88338 1
gene 1 3 28 -0.00407487 0 24 -0.00407487 1
gene 1 4 21 2.39344 0 25 2.39344 1
gene 1 4 23 0.432998 0 27 0.432998 1
gene 1 4 24 0.877707 0 28 0.877707 1
gene 1 4 25 -0.718763 0 29 -0.718763 1
gene 1 4 26 0.36466 0 30 0.36466 1
gene 1 4 27 2.70898 0 31 2.70898 1
gene 1 4 28 -1.9622 0 32 -1.9622 1
gene 1 5 21 1.22356 0 33 1.22356 1
gene 1 5 23 5.48574 0 35 5.48574 1
gene 1 5 24 0.153617 0 36 0.153617 1
gene 1 5 25 -1.90232 0 37 -1.90232 1
gene 1 5 26 1.35179 0 38 1.35179 1
gene 1 5 27 0.347414 0 39 0.347414 1
gene 1 5 28 1.25486 0 40 1.25486 1
gene 1 6 21 0.82191 0 41 0.82191 1
gene 1 6 23 0.564138 0 43 0.564138 1
gene 1 6 24 1.26936 0 44 1.26936 1
gene 1 6 25 0.967262 0 45 0.967262 1
gene 1 6 26 0.524665 0 46 0.524665 1
gene 1 6 27 3.28846 0 47 3.28846 1
gene 1 6 28 1.23022 0 48 1.23022 1
gene 1 7 21 0.662393 0 49 0.662393 1
gene 1 7 23 1.60307 0 51 1.60307 1
gene 1 7 24 2.34806 0 52 2.34806 1
gene 1 7 25 0.37305 0 53 0.37305 1
gene 1 7 26 -4.32063 0 54 -4.32063 1
gene 1 7 27 1.90343 0 55 1.90343 1
gene 1 7 28 0.684692 0 56 0.684692 1
gene 1 8 21 0.284771 0 57 0.284771 1
gene 1 8 23 -0.113635 0 59 -0.113635 1
gene 1 8 25 -3.85727 0 61 -3.85727 1
gene 1 8 26 -0.97328 0 62 -0.97328 1
gene 1 8 27 0.772596 0 63 0.772596 1
gene 1 8 28 0.059296 0 64 0.059296 1
gene 1 9 21 -1.20329 0 65 -1.20329 1
gene 1 9 23 -1.31594 0 67 -1.31594 1
gene 1 9 24 -2.42006 0 68 -2.42006 1
gene 1 9 25 0.947658 0 69 0.947658 1
gene 1 9 26 -2.34522 0 70 -2.34522 1
gene 1 9 27 0.0226996 0 71 0.0226996 1
gene 1 9 28 0.555187 0 72 0.555187 1
gene 1 21 10 -1.42389 0 73 -1.42389 1
gene 1 21 11 0.615761 0 74 0.615761 1
gene 1 21 12 0.387406 0 75 0.387406 1
gene 1 21 13 -1.17511 0 76 -1.17511 1
gene 1 21 14 4.18654 0 77 4.18654 1
gene 1 21 15 3.27709 0 78 3.27709 1
gene 1 21 16 0.764841 0 79 0.764841 1
gene 1 21 17 -4.22866 0 80 -4.22866 1
gene 1 21 18 -0.465341 0 81 -0.465341 1
gene 1 21 19 -1.83143 0 82 -1.83143 1
gene 1 21 20 1.13986 0 83 1.13986 1
gene 1 23 10 4.26569 0 95 4.26569 1
gene 1 23 11 1.43303 0 96 1.43303 1
gene 1 23 13 -1.37725 0 98 -1.37725 1
gene 1 23 14 1.80755 0 99 1.80755 1
gene 1 23 15 -0.731485 0 100 -0.731485 1
gene 1 23 16 1.24935 0 101 1.24935 1
gene 1 23 17 2.33055 0 102 2.33055 1
gene 1 23 18 -4.17751 0 103 -4.17751 1
gene 1 23 19 5.67495 0 104 5.67495 1
gene 1 23 20 -1.63129 0 105 -1.63129 1
gene 1 24 10 -3.00007 0 106 -3.00007 1
gene 1 24 11 -0.416468 0 107 -0.416468 1
gene 1 24 12 -0.125919 0 108 -0.125919 1
gene 1 24 13 -0.550446 0 109 -0.550446 1
gene 1 24 14 0.253772 0 110 0.253772 1
gene 1 24 15 -3.46818 0 111 -3.46818 1
gene 1 24 16 -2.47083 0 112 -2.47083 1
gene 1 24 17 -3.21321 0 113 -3.21321 1
gene 1 24 18 -1.69483 0 114 -1.69483 1
gene 1 24 19 0.713855 0 115 0.713855 1
gene 1 24 20 0.12353 0 116 0.12353 1
gene 1 25 10 0.379933 0 117 0.379933 1
gene 1 25 11 0.324484 0 118 0.324484 1
gene 1 25 12 0.799968 0 119 0.799968 1
gene 1 25 13 0.358074 0 120 0.358074 1
gene 1 25 14 1.68689 0 121 1.68689 1
gene 1 25 15 2.45402 0 122 2.45402 1
gene 1 25 16 0.327067 0 123 0.327067 1
gene 1 25 17 5.55135 0 124 5.55135 1
gene 1 25 18 2.97918 0 125 2.97918 1
gene 1 25 19 3.4373 0 126 3.4373 1
gene 1 25 20 1.69083 0 127 1.69083 1
gene 1 26 10 -0.782846 0 128 -0.782846 1
gene 1 26 11 3.54541 0 129 3.54541 1
gene 1 26 12 -2.09531 0 130 -2.09531 1
gene 1 26 13 -0.933089 0 131 -0.933089 1
gene 1 26 14 0.474258 0 132 0.474258 1
gene 1 26 15 -0.375201 0 133 -0.375201 1
gene 1 26 16 0.0390753 0 134 0.0390753 1
gene 1 26 17 0.337434 0 135 0.337434 1
gene 1 26 18 1.09778 0 136 1.09778 1
gene 1 26 19 4.58301 0 137 4.58301 1
gene 1 26 20 -1.13268 0 138 -1.13268 1
gene 1 27 10 -0.738594 0 139 -0.738594 1
gene 1 27 11 3.87502 0 140 3.87502 1
gene 1 27 12 6.44735 0 141 6.44735 1
gene 1 27 13 0.250331 0 142 0.250331 1
gene 1 27 14 0.144622 0 143 0.144622 1
gene 1 27 15 -1.3013 0 144 -1.3013 1
gene 1 27 16 0.286716 0 145 0.286716 1
gene 1 27 18 1.43503 0 147 1.43503 1
gene 1 27 19 -0.237191 0 148 -0.237191 1
gene 1 27 20 1.66532 0 149 1.66532 1
gene 1 28 10 -1.32743 0 150 -1.32743 1
gene 1 28 11 -0.130291 0 151 -0.130291 1
gene 1 28 12 -1.39056 0 152 -1.39056 1
gene 1 28 13 -2.28398 0 153 -2.28398 1
gene 1 28 14 -0.180739 0 154 -0.180739 1
gene 1 28 15 1.21068 0 155 1.21068 1
gene 1 28 16 -0.687849 0 156 -0.687849 1
gene 1 28 17 -1.31726 0 157 -1.31726 1
gene 1 28 18 -1.01265 0 158 -1.01265 1
gene 1 28 19 -2.57992 0 159 -2.57992 1
gene 1 28 20 -2.54395 0 160 -2.54395 1
gene 1 3 45 -1.47524 0 623 -1.47524 1
gene 1 45 25 2.34499 0 624 2.34499 1
gene 1 27 27 -2.98784 1 964 -2.98784 1
gene 1 2 11 -1.63149 0 1193 -1.63149 1
gene 1 19 16 -0.698615 0 1414 -0.698615 1
gene 1 2 15 0.634364 0 1521 0.634364 1
gene 1 1 15 -0.44108 0 1641 -0.44108 1
gene 1 9 12 -0.059381 0 1756 -0.059381 1
gene 1 16 103 -2.4771 0 1872 -2.4771 1
gene 1 103 18 1.01777 0 1873 1.01777 1
gene 1 16 16 0.214687 1 2402 0.214687 1
gene 1 13 13 -0.155776 1 2576 -0.155776 1
gene 1 8 142 1 0 2965 0 1
gene 1 142 24 -0.0945606 0 2966 0 1
gene 1 6 16 -0.48579 0 3078 -0.48579 1
genomeend 375
