/* Organism #277 Fitness: 1.033 Error: 0.967 */
genomestart 277
trait 1 1 0.0914343 0.615293 0.203285 0.084361 0.0938244 0 0.497863 
node 1 1 0
node 2 1 1
node 3 1 1
node 4 1 1
node 5 1 1
node 6 1 1
node 7 1 1
node 8 1 1
node 9 1 1
node 10 1 2
node 11 1 2
node 12 1 2
node 13 1 2
node 14 1 2
node 15 1 2
node 16 1 2
node 17 1 2
node 18 1 2
node 19 1 2
node 20 1 2
node 24 1 3
node 617 1 3
node 695 1 3
gene 1 1 24 -1.65422 0 4 -1.65422 1
gene 1 2 24 0.487227 0 12 0.487227 1
gene 1 3 24 -6.66424 0 20 -6.66424 1
gene 1 5 24 -4.17808 0 36 -4.17808 1
gene 1 6 24 2.04065 0 44 2.04065 1
gene 1 7 24 -0.119171 0 52 -0.119171 1
gene 1 8 24 7.22621 0 60 7.22621 1
gene 1 24 10 -6.1119 0 106 -6.1119 1
gene 1 24 11 -0.292503 0 107 -0.292503 1
gene 1 24 14 -0.662257 0 110 -0.662257 1
gene 1 24 15 0.201072 0 111 0.201072 1
gene 1 24 16 1.41089 0 112 1.41089 1
gene 1 24 19 -3.5746 0 115 -3.5746 1
gene 1 14 18 8 0 1243 8 1
gene 1 4 18 -1.86085 0 2238 -1.86085 1
gene 1 4 20 -2.98648 0 2835 -2.98648 1
gene 1 9 10 3.1272 0 3105 3.1272 1
gene 1 12 17 -0.11067 0 4006 -0.11067 1
gene 1 5 19 -2.15906 0 4663 -2.15906 1
gene 1 6 12 -3.90144 0 5602 -3.90144 1
gene 1 20 15 -1.67037 0 6232 -1.67037 1
gene 1 12 11 2.93974 0 6369 2.93974 1
gene 1 13 13 0.326871 1 6502 0.326871 1
gene 1 5 14 -0.353347 0 6905 -0.353347 1
gene 1 8 15 6.66629 0 7747 6.66629 1
gene 1 14 14 -0.316843 1 8199 -0.316843 1
gene 1 20 11 -0.923048 0 8864 -0.923048 1
gene 1 7 10 -0.00804184 0 10204 -0.00804184 1
gene 1 8 14 -3.33021 0 10572 -3.33021 1
gene 1 20 18 1.11847 0 10963 1.11847 1
gene 1 18 18 -0.064001 1 11237 -0.064001 1
gene 1 18 16 -0.809121 0 12834 -0.809121 1
gene 1 17 11 -3.39358 0 13178 -3.39358 1
gene 1 7 11 0.354381 0 13280 0.354381 1
gene 1 2 13 1.22774 0 14315 1.22774 1
gene 1 11 11 -0.699823 1 14526 -0.699823 1
gene 1 24 617 0.389446 0 14778 0.389446 1
gene 1 617 13 -0.948808 0 14779 -0.948808 1
gene 1 20 13 1.42194 0 14920 1.42194 1
gene 1 12 18 1.56808 0 15345 1.56808 1
gene 1 7 12 1.87825 0 15479 1.87825 1
gene 1 24 24 -2.8505 1 15492 -2.8505 1
gene 1 1 14 -3.54374 0 15785 -3.54374 1
gene 1 10 14 3.7978 0 15966 3.7978 1
gene 1 12 12 -2.32831 1 16209 -2.32831 1
gene 1 9 11 -0.226819 0 16240 -0.226819 1
gene 1 6 17 0.610394 0 16450 0.610394 1
gene 1 4 695 -0.273321 0 16828 -0.273321 1
gene 1 24 17 -0.313372 0 17664 -0.313372 1
gene 1 4 24 0.799738 0 17788 0.799738 1
gene 1 17 20 -1.02941 1 18843 -1.02941 1
gene 1 617 10 0.796249 0 19877 0.796249 1
gene 1 15 617 -1.5299 0 20004 -1.5299 1
gene 1 11 16 0.15771 0 20107 0.15771 1
gene 1 17 17 -0.344271 1 20207 -0.344271 1
gene 1 4 16 0.188486 0 21299 0.188486 1
gene 1 8 13 1.34238 0 22092 1.34238 1
gene 1 17 16 -1.48141 0 22347 -1.48141 1
gene 1 3 10 -0.0294292 0 23068 -0.0294292 1
gene 1 11 18 0.377128 0 23279 0.377128 1
gene 1 20 617 -1.30419 0 24612 -1.30419 1
gene 1 13 695 -0.476262 0 24914 -0.476262 1
genomeend 277
