/* Organism #579 Fitness: 1.026 Error: 0.974 */
genomestart 579
trait 1 1 0 0.809081 0 1 0.662555 1 0.166268 
node 1 1 0
node 2 1 1
node 3 1 1
node 4 1 1
node 5 1 1
node 6 1 1
node 7 1 1
node 8 1 1
node 9 1 1
node 10 1 2
node 11 1 2
node 12 1 2
node 13 1 2
node 14 1 2
node 15 1 2
node 16 1 2
node 17 1 2
node 18 1 2
node 19 1 2
node 20 1 2
node 23 1 3
node 729 1 3
node 795 1 3
node 892 1 3
gene 1 1 23 2.91596 0 3 2.91596 1
gene 1 2 23 -1.34908 0 11 -1.34908 1
gene 1 3 23 -1.50397 0 19 -1.50397 1
gene 1 5 23 6.0977 0 35 6.0977 1
gene 1 6 23 -4.35011 0 43 -4.35011 1
gene 1 7 23 0.978536 0 51 0.978536 1
gene 1 9 23 2.15882 0 67 2.15882 1
gene 1 23 10 -6.67182 0 95 -6.67182 1
gene 1 23 11 -3.00653 0 96 -3.00653 1
gene 1 23 16 0.114494 0 101 0.114494 1
gene 1 23 17 3.69117 0 102 3.69117 1
gene 1 20 20 -7.56692 1 248 -7.56692 1
gene 1 19 19 -1.00754 1 1022 -1.00754 1
gene 1 18 19 0.00140699 0 2188 0.00140699 1
gene 1 1 10 -0.634837 0 3984 -0.634837 1
gene 1 18 16 1.8914 0 5568 1.8914 1
gene 1 13 11 -0.0161645 0 5948 -0.0161645 1
gene 1 12 18 -5.75042 0 7215 -5.75042 1
gene 1 13 14 -0.90277 0 7400 -0.90277 1
gene 1 11 12 2.97218 0 8028 2.97218 1
gene 1 1 17 -4.33015 0 10317 -4.33015 1
gene 1 11 11 -4.10437 1 10849 -4.10437 1
gene 1 15 16 6.67849 0 11253 6.67849 1
gene 1 5 19 5.84256 0 11750 5.84256 1
gene 1 5 11 2.27331 0 12178 2.27331 1
gene 1 7 19 1.31215 0 12494 1.31215 1
gene 1 2 14 -2.76537 0 12704 -2.76537 1
gene 1 5 12 0.271935 0 12878 0.271935 1
gene 1 15 15 0.0585519 1 13314 0.0585519 1
gene 1 11 19 3.81497 0 13898 3.81497 1
gene 1 6 11 1.8665 0 15024 1.8665 1
gene 1 9 11 -0.00614654 0 15167 -0.00614654 1
gene 1 4 13 -2.25624 0 15476 -2.25624 1
gene 1 16 16 0.923035 1 16015 0.923035 1
gene 1 17 16 -5.87575 0 16113 -5.87575 1
gene 1 13 13 -2.2535 1 17271 -2.2535 1
gene 1 14 14 -0.674337 1 18362 -0.674337 1
gene 1 3 10 -0.483093 0 19354 -0.483093 1
gene 1 5 795 -5.2816 0 19694 -5.2816 1
gene 1 795 15 -4.08944 0 19695 -4.08944 1
gene 1 15 729 -4.85282 0 19881 -4.85282 1
gene 1 1 12 -0.503961 0 20420 -0.503961 1
gene 1 5 17 -1.42877 0 20541 -1.42877 1
gene 1 17 11 -1.2 0 21160 -1.2 1
gene 1 15 19 1.52428 0 21545 1.52428 1
gene 1 795 23 1.67133 0 21663 1.67133 1
gene 1 9 14 0.656377 0 22011 0.656377 1
gene 1 16 892 1.10676 0 22362 1.10676 1
gene 1 892 20 1.56896 0 22363 1.56896 1
gene 1 10 12 0.41915 0 22704 0.41915 1
gene 1 729 20 -0.594101 0 22944 -0.594101 1
gene 1 18 729 -0.64167 0 23086 -0.64167 1
gene 1 14 20 0.808755 0 23343 0.808755 1
gene 1 6 15 -0.256625 0 23464 -0.256625 1
gene 1 2 13 -0.649444 0 24239 -0.649444 1
gene 1 729 729 0.0155288 1 24417 0.0155288 1
genomeend 579
