/* Organism #13 Fitness: 1.021 Error: 0.979 */
genomestart 13
trait 1 0.521863 0.320831 0.792514 0.444301 0.583463 0.1797 0.861894 0.411338 
node 1 1 0
node 2 1 1
node 3 1 1
node 4 1 1
node 5 1 1
node 6 1 1
node 7 1 1
node 8 1 1
node 9 1 1
node 10 1 2
node 11 1 2
node 12 1 2
node 13 1 2
node 14 1 2
node 15 1 2
node 16 1 2
node 17 1 2
node 18 1 2
node 19 1 2
node 20 1 2
node 22 1 3
node 27 1 3
node 280 1 3
node 422 1 3
node 573 1 3
gene 1 1 22 7.66281 0 2 7.66281 1
gene 1 2 22 -0.840161 0 10 -0.840161 1
gene 1 3 22 -4.79219 0 18 -4.79219 1
gene 1 3 27 0.599794 0 23 0.599794 1
gene 1 4 27 -0.76513 0 31 -0.76513 1
gene 1 5 22 1.94544 0 34 1.94544 1
gene 1 5 27 0.581497 0 39 0.581497 1
gene 1 6 22 1.45442 0 42 1.45442 1
gene 1 6 27 -5.92379 0 47 -5.92379 1
gene 1 7 22 -5.13656 0 50 -5.13656 1
gene 1 7 27 -3.71046 0 55 -3.71046 1
gene 1 8 22 -0.812725 0 58 -0.812725 1
gene 1 9 22 1.88423 0 66 1.88423 1
gene 1 9 27 -3.331 0 71 -3.331 1
gene 1 22 10 -5.6461 0 84 -5.6461 1
gene 1 22 14 2.15277 0 88 2.15277 1
gene 1 22 15 0.444732 0 89 0.444732 1
gene 1 22 16 -2.44966 0 90 -2.44966 1
gene 1 22 17 -1.43523 0 91 -1.43523 1
gene 1 22 20 3.38389 0 94 3.38389 1
gene 1 27 10 -1.47142 0 139 -1.47142 1
gene 1 27 11 -1.26469 0 140 -1.26469 1
gene 1 27 12 -8 0 141 -8 1
gene 1 27 14 -1.55549 0 143 -1.55549 1
gene 1 27 16 0.625262 0 145 0.625262 1
gene 1 19 19 -0.798281 1 274 -0.798281 1
gene 1 3 20 2.20347 0 1058 2.20347 1
gene 1 16 13 3.63081 0 1332 3.63081 1
gene 1 2 13 -0.590518 0 2337 -0.590518 1
gene 1 10 12 -0.422557 0 2602 -0.422557 1
gene 1 11 11 2.9757 1 3129 2.9757 1
gene 1 27 15 -0.335812 0 3907 -0.335812 1
gene 1 10 17 -0.7309 0 4287 -0.7309 1
gene 1 16 16 -6.37688 1 4424 -6.37688 1
gene 1 1 12 -3.07368 0 4663 -3.07368 1
gene 1 5 10 -2.07297 0 4787 -2.07297 1
gene 1 20 20 -2.63701 1 5742 -2.63701 1
gene 1 3 12 -0.690308 0 5883 -0.690308 1
gene 1 19 14 -5.3563 0 6809 -5.3563 1
gene 1 12 19 0.11786 0 8701 0.11786 1
gene 1 280 15 1.63332 0 9753 1.63332 1
gene 1 16 17 2.64148 0 9811 2.64148 1
gene 1 16 19 -0.48406 0 10232 -0.48406 1
gene 1 27 27 -1.26273 1 10561 -1.26273 1
gene 1 22 422 4.42156 0 10782 4.42156 1
gene 1 422 11 -0.32741 0 10783 -0.32741 1
gene 1 10 10 2.92437 1 11365 2.92437 1
gene 1 6 11 -5.59253 0 11844 -5.59253 1
gene 1 422 422 2.26082 1 12011 2.26082 1
gene 1 6 17 1.42718 0 12537 1.42718 1
gene 1 5 18 -0.576329 0 12648 -0.576329 1
gene 1 14 14 -0.726558 1 12977 -0.726558 1
gene 1 11 19 -1.92089 0 13218 -1.92089 1
gene 1 16 20 3.04077 0 13313 3.04077 1
gene 1 16 11 -2.25347 0 13564 -2.25347 1
gene 1 1 15 0.587942 0 13681 0.587942 1
gene 1 15 15 0.120271 1 13898 0.120271 1
gene 1 11 280 -0.0103715 0 14023 -0.0103715 1
gene 1 280 280 -1.2479 1 14749 -1.2479 1
gene 1 4 16 1.95876 0 14893 1.95876 1
gene 1 27 573 1.21316 0 15262 1.21316 1
gene 1 573 20 2.01055 0 15263 2.01055 1
gene 1 14 27 -1.54612 1 15443 -1.54612 1
gene 1 17 17 0.139719 1 15493 0.139719 1
gene 1 17 20 1.20125 0 15658 1.20125 1
gene 1 13 15 2.00692 0 16040 2.00692 1
gene 1 8 18 -0.542598 0 16631 -0.542598 1
gene 1 2 10 0.172585 0 16747 0.172585 1
gene 1 17 12 -1.1175 0 17071 -1.1175 1
gene 1 16 18 -1.00282 0 17190 -1.00282 1
gene 1 18 18 1.02268 1 17469 1.02268 1
gene 1 573 19 0.157356 0 18083 0.157356 1
gene 1 7 11 -0.745777 0 18557 -0.745777 1
gene 1 7 573 3.53011 0 18686 3.53011 1
gene 1 8 19 -0.331747 0 18800 -0.331747 1
gene 1 422 280 -1.67017 0 19038 -1.67017 1
gene 1 18 19 0.801022 0 19424 0.801022 1
gene 1 12 13 -0.105276 0 19684 -0.105276 1
gene 1 8 15 0.0899238 0 20159 0.0899238 1
gene 1 573 573 -0.149915 1 20487 -0.149915 1
gene 1 13 10 -0.201463 1 20622 -0.201463 1
gene 1 4 13 0.449381 0 20730 0.449381 1
gene 1 2 15 0.360392 0 20890 0.360392 1
gene 1 14 16 -0.671348 1 21433 -0.671348 1
gene 1 12 12 -1.85288 1 21572 -1.85288 1
gene 1 7 17 -0.355389 0 22145 -0.355389 1
genomeend 13
