/* Organism #5 Fitness: 1.022 Error: 0.978 */
genomestart 5
trait 1 0.269669 0.229886 0.135947 0.953931 0.1428 1 0.780706 0.200531 
node 1 1 0
node 2 1 1
node 3 1 1
node 4 1 1
node 5 1 1
node 6 1 1
node 7 1 1
node 8 1 1
node 9 1 1
node 10 1 2
node 11 1 2
node 12 1 2
node 13 1 2
node 14 1 2
node 15 1 2
node 16 1 2
node 17 1 2
node 18 1 2
node 19 1 2
node 20 1 2
node 25 1 3
node 27 1 3
node 193 1 3
node 313 1 3
node 603 1 3
node 796 1 3
node 801 1 3
node 1109 1 3
node 1405 1 3
gene 1 1 25 0.784892 0 5 0.784892 1
gene 1 2 25 0.333388 0 13 0.333388 1
gene 1 3 25 7.40422 0 21 7.40422 1
gene 1 5 25 0.870364 0 37 0.870364 1
gene 1 6 25 -0.628487 0 45 -0.628487 1
gene 1 6 27 1.36529 0 47 1.36529 1
gene 1 7 27 -0.584204 0 55 -0.584204 1
gene 1 9 25 -4.36002 0 69 -4.36002 1
gene 1 9 27 5.69255 0 71 5.69255 1
gene 1 25 10 7.72605 0 117 7.72605 1
gene 1 25 11 -1.28631 0 118 -1.28631 1
gene 1 25 14 5.58645 0 121 5.58645 1
gene 1 25 16 -1.888 0 123 -1.888 1
gene 1 25 17 -5.50473 0 124 -5.50473 1
gene 1 27 12 7.89393 0 141 7.89393 1
gene 1 27 13 2.31837 0 142 2.31837 1
gene 1 27 14 3.55767 0 143 3.55767 1
gene 1 27 19 0.513924 0 148 0.513924 1
gene 1 27 20 2.24563 0 149 2.24563 1
gene 1 2 13 -4.09643 0 945 -4.09643 1
gene 1 1 14 1.5096 0 2017 1.5096 1
gene 1 17 11 0.783971 0 4651 0.783971 1
gene 1 3 13 1.64698 0 5509 1.64698 1
gene 1 16 19 0.509439 0 6952 0.509439 1
gene 1 15 10 2.73662 0 7214 2.73662 1
gene 1 313 15 3.18577 0 7353 3.18577 1
gene 1 3 16 -1.22125 0 8486 -1.22125 1
gene 1 5 11 -6.70143 0 9483 -6.70143 1
gene 1 13 16 0.169813 0 9712 0.169813 1
gene 1 27 27 -1.29717 1 9988 -1.29717 1
gene 1 18 18 -0.0945536 1 10107 -0.0945536 1
gene 1 14 15 0.206138 0 10266 0.206138 1
gene 1 18 20 -0.819494 0 10640 -0.819494 1
gene 1 2 14 -2.05732 0 10928 -2.05732 1
gene 1 12 11 1.89817 0 12755 1.89817 1
gene 1 2 15 0.338069 0 12886 0.338069 1
gene 1 5 10 -5.0313 0 14390 -5.0313 1
gene 1 193 603 1.20658 0 14921 1.20658 1
gene 1 193 10 2.02262 0 15959 2.02262 1
gene 1 7 603 -7.16605 0 16198 -7.16605 1
gene 1 193 19 0.529495 0 16450 0.529495 1
gene 1 15 16 -0.155421 0 17837 -0.155421 1
gene 1 27 11 1.95971 0 18516 1.95971 1
gene 1 193 11 -0.512658 0 18953 -0.512658 1
gene 1 603 15 -3.07534 0 19838 -3.07534 1
gene 1 193 193 -3.23118 1 19964 -3.23118 1
gene 1 18 796 -0.452121 0 21069 -0.452121 1
gene 1 801 19 -3.79691 0 21264 -3.79691 1
gene 1 2 796 -6.34446 0 22405 -6.34446 1
gene 1 19 19 1.57737 1 22530 1.57737 1
gene 1 10 10 -1.74599 1 22776 -1.74599 1
gene 1 9 19 0.0821817 0 23009 0.0821817 1
gene 1 11 11 1.33565 1 23050 1.33565 1
gene 1 14 801 -2.97306 0 24622 -2.97306 1
gene 1 11 796 -2.21336 0 25036 -2.21336 1
gene 1 13 801 -1.65073 0 28943 -1.65073 1
gene 1 6 17 2.35593 0 29449 2.35593 1
gene 1 1109 14 2.13839 0 29484 2.13839 1
gene 1 4 603 -4.03122 0 29932 -4.03122 1
gene 1 14 17 -0.280752 0 30189 -0.280752 1
gene 1 6 796 -2.2787 0 30959 -2.2787 1
gene 1 8 16 -2.39356 0 31101 -2.39356 1
gene 1 6 10 0.641972 0 31954 0.641972 1
gene 1 801 796 6.55995 0 32526 6.55995 1
gene 1 1109 1109 1.04501 1 33789 1.04501 1
gene 1 12 12 2.23827 1 34352 2.23827 1
gene 1 801 801 4.87139 1 34712 4.87139 1
gene 1 13 1109 0.782011 0 35383 0.782011 1
gene 1 25 25 -4.08952 1 35515 -4.08952 1
gene 1 1109 13 -2.67086 1 36112 -2.67086 1
gene 1 14 11 1.08537 0 37042 1.08537 1
gene 1 2 11 2.15526 0 37572 2.15526 1
gene 1 193 1405 -0.835515 0 38361 -0.835515 1
gene 1 1405 20 -0.492324 0 38362 -0.492324 1
gene 1 5 796 0.36317 0 38818 0.36317 1
gene 1 3 10 -0.297042 0 38950 -0.297042 1
gene 1 603 796 -0.812987 0 39683 -0.812987 1
gene 1 1109 20 -0.332476 0 39818 -0.332476 1
gene 1 6 193 1.11021 0 39909 1.11021 1
gene 1 2 193 -0.91772 0 40254 -0.91772 1
gene 1 1405 12 0.435182 0 40407 0.435182 1
gene 1 3 19 1.05868 0 40881 1.05868 1
gene 1 16 20 -0.725356 0 41220 -0.725356 1
gene 1 14 193 0.494948 0 43255 0.494948 1
gene 1 7 15 0.125898 0 43687 0.125898 1
genomeend 5
