/* Organism #169 Fitness: 1.015 Error: 0.985 */
genomestart 169
trait 1 0.302683 0.811511 0.717726 0.126468 0.684234 0.618457 0.264766 0.709265 
node 1 1 0
node 2 1 1
node 3 1 1
node 4 1 1
node 5 1 1
node 6 1 1
node 7 1 1
node 8 1 1
node 9 1 1
node 10 1 2
node 11 1 2
node 12 1 2
node 13 1 2
node 14 1 2
node 15 1 2
node 16 1 2
node 17 1 2
node 18 1 2
node 19 1 2
node 20 1 2
node 24 1 3
node 27 1 3
node 412 1 3
node 686 1 3
gene 1 1 24 -2.29336 0 4 -2.29336 1
gene 1 1 27 6.79261 0 7 6.79261 1
gene 1 2 27 -4.13416 0 15 -4.13416 1
gene 1 3 24 0.754992 0 20 0.754992 1
gene 1 4 24 0.241569 0 28 0.241569 1
gene 1 4 27 -0.440163 0 31 -0.440163 1
gene 1 5 27 7.97939 0 39 7.97939 1
gene 1 6 27 -1.65028 0 47 -1.65028 1
gene 1 7 24 -4.41484 0 52 -4.41484 1
gene 1 7 27 -0.331035 0 55 -0.331035 1
gene 1 9 24 -3.26076 0 68 -3.26076 1
gene 1 9 27 -5.36382 0 71 -5.36382 1
gene 1 24 10 -5.04615 0 106 -5.04615 1
gene 1 24 12 -8 0 108 -8 1
gene 1 24 14 1.367 0 110 1.367 1
gene 1 24 15 3.14253 0 111 3.14253 1
gene 1 24 16 -0.265044 0 112 -0.265044 1
gene 1 24 17 -1.53556 0 113 -1.53556 1
gene 1 24 18 -2.13766 0 114 -2.13766 1
gene 1 24 19 -1.81438 0 115 -1.81438 1
gene 1 24 20 -2.2479 0 116 -2.2479 1
gene 1 27 10 -6.80908 0 139 -6.80908 1
gene 1 27 11 0.744836 0 140 0.744836 1
gene 1 27 12 1.19383 0 141 1.19383 1
gene 1 27 14 -6.83094 0 143 -6.83094 1
gene 1 27 16 0.768017 0 145 0.768017 1
gene 1 27 17 -0.7527 0 146 -0.7527 1
gene 1 27 20 -5.1588 0 149 -5.1588 1
gene 1 18 18 -4.80433 1 931 -4.80433 1
gene 1 12 18 -0.0956745 0 1242 -0.0956745 1
gene 1 2 14 0.848727 0 1358 0.848727 1
gene 1 1 10 5.76476 0 1459 5.76476 1
gene 1 3 27 1.12922 0 1944 1.12922 1
gene 1 14 10 -1.56813 0 2571 -1.56813 1
gene 1 14 16 0.184097 0 3211 0.184097 1
gene 1 7 12 0.673093 0 3477 0.673093 1
gene 1 12 12 -4.77716 1 3668 -4.77716 1
gene 1 18 11 -2.06655 0 4096 -2.06655 1
gene 1 1 18 -3.18095 0 4698 -3.18095 1
gene 1 18 17 2.20541 0 4785 2.20541 1
gene 1 1 16 0.470737 0 4973 0.470737 1
gene 1 13 13 0.258203 1 5215 0.258203 1
gene 1 3 19 -2.15822 0 5391 -2.15822 1
gene 1 2 10 -3.68627 0 5681 -3.68627 1
gene 1 8 11 -2.2454 0 6308 -2.2454 1
gene 1 17 16 -0.217244 0 6441 -0.217244 1
gene 1 10 18 0.16365 1 6760 0.16365 1
gene 1 8 14 -0.759259 0 6887 -0.759259 1
gene 1 16 15 0.199077 0 7351 0.199077 1
gene 1 9 16 0.170112 0 7771 0.170112 1
gene 1 16 20 -2.99678 1 8020 -2.99678 1
gene 1 19 14 -1.61393 0 8691 -1.61393 1
gene 1 5 13 -0.70602 0 9115 -0.70602 1
gene 1 6 19 0.959574 0 10557 0.959574 1
gene 1 13 412 2.9577 0 10696 2.9577 1
gene 1 412 11 3.32772 0 10697 3.32772 1
gene 1 4 14 -1.64601 0 11286 -1.64601 1
gene 1 10 16 -0.877944 0 11528 -0.877944 1
gene 1 412 19 0.499261 0 11822 0.499261 1
gene 1 11 15 -0.0201624 0 12109 -0.0201624 1
gene 1 10 14 -0.422072 1 12649 -0.422072 1
gene 1 6 17 0.090543 0 12887 0.090543 1
gene 1 2 12 2.27263 0 13143 2.27263 1
gene 1 3 10 -1.96394 0 13790 -1.96394 1
gene 1 14 14 -0.272209 1 14298 -0.272209 1
gene 1 9 20 1.03446 0 14477 1.03446 1
gene 1 2 16 0.781368 0 14582 0.781368 1
gene 1 8 17 -0.480283 0 15491 -0.480283 1
gene 1 11 17 -0.704273 0 16214 -0.704273 1
gene 1 19 12 -0.371054 0 16341 -0.371054 1
gene 1 14 17 0.983198 0 16709 0.983198 1
gene 1 2 20 -0.559922 0 17239 -0.559922 1
gene 1 13 686 3.30296 0 17294 3.30296 1
gene 1 686 20 -1.55641 0 17295 -1.55641 1
gene 1 1 13 -0.220807 0 17451 -0.220807 1
gene 1 20 20 -1.20843 1 17556 -1.20843 1
gene 1 9 19 0.26426 0 18582 0.26426 1
genomeend 169
