/* Organism #60 Fitness: 1.033 Error: 0.967 */
genomestart 60
trait 1 0.987304 0.993592 0.811841 0.285403 0.652159 0.202332 0.503182 0.481646 
node 1 1 0
node 2 1 1
node 3 1 1
node 4 1 1
node 5 1 1
node 6 1 1
node 7 1 1
node 8 1 1
node 9 1 1
node 10 1 2
node 11 1 2
node 12 1 2
node 13 1 2
node 14 1 2
node 15 1 2
node 16 1 2
node 17 1 2
node 18 1 2
node 19 1 2
node 20 1 2
node 22 1 3
node 24 1 3
node 156 1 3
node 1559 1 3
gene 1 1 24 1.70783 0 4 1.70783 1
gene 1 2 22 -4.48478 0 10 -4.48478 1
gene 1 2 24 -7.3088 0 12 -7.3088 1
gene 1 3 22 1.04389 0 18 1.04389 1
gene 1 3 24 2.33739 0 20 2.33739 1
gene 1 4 24 -2.3728 0 28 -2.3728 1
gene 1 5 22 -6.86482 0 34 -6.86482 1
gene 1 5 24 -7.25462 0 36 -7.25462 1
gene 1 6 22 -5.64293 0 42 -5.64293 1
gene 1 7 24 -2.24182 0 52 -2.24182 1
gene 1 8 22 -1.84557 0 58 -1.84557 1
gene 1 8 24 2.41564 0 60 2.41564 1
gene 1 9 22 -1.66142 0 66 -1.66142 1
gene 1 9 24 1.58658 0 68 1.58658 1
gene 1 22 10 -1.41877 0 84 -1.41877 1
gene 1 22 11 -0.368966 0 85 -0.368966 1
gene 1 22 15 5.15858 0 89 5.15858 1
gene 1 22 19 -7.56603 0 93 -7.56603 1
gene 1 22 20 -2.27696 0 94 -2.27696 1
gene 1 24 10 -5.04951 0 106 -5.04951 1
gene 1 24 11 1.30222 0 107 1.30222 1
gene 1 24 14 -5.06781 0 110 -5.06781 1
gene 1 24 15 -0.105613 0 111 -0.105613 1
gene 1 24 17 -2.07192 0 113 -2.07192 1
gene 1 24 20 -1.35762 0 116 -1.35762 1
gene 1 2 12 -1.72151 0 401 -1.72151 1
gene 1 14 14 0.568107 1 1008 0.568107 1
gene 1 12 12 -4.16799 1 1671 -4.16799 1
gene 1 6 10 3.03398 0 2082 3.03398 1
gene 1 5 10 -1.97966 0 5277 -1.97966 1
gene 1 5 14 5.54389 0 6829 5.54389 1
gene 1 6 13 -0.684741 0 7762 -0.684741 1
gene 1 1 14 -2.53312 0 7994 -2.53312 1
gene 1 19 14 0.854133 0 8427 0.854133 1
gene 1 14 13 3.56636 0 9303 3.56636 1
gene 1 10 17 -0.284181 0 9426 -0.284181 1
gene 1 3 11 2.3974 0 9805 2.3974 1
gene 1 5 17 0.153742 0 10204 0.153742 1
gene 1 5 15 3.46687 0 12922 3.46687 1
gene 1 18 10 -0.4362 0 13541 -0.4362 1
gene 1 1 12 -5.79395 0 14011 -5.79395 1
gene 1 16 19 5.10749 0 14287 5.10749 1
gene 1 24 22 -1.77695 0 14658 -1.77695 1
gene 1 20 11 -1.91649 0 16500 -1.91649 1
gene 1 16 12 0.368518 0 17151 0.368518 1
gene 1 17 17 0.15012 1 17214 0.15012 1
gene 1 13 17 -2.94155 0 18871 -2.94155 1
gene 1 18 14 -0.937245 0 19584 -0.937245 1
gene 1 17 15 -0.472575 0 20228 -0.472575 1
gene 1 4 156 5.70296 0 20412 5.70296 1
gene 1 9 18 -1.06925 0 20659 -1.06925 1
gene 1 19 10 -1.39392 0 21298 -1.39392 1
gene 1 2 15 -1.24266 0 21903 -1.24266 1
gene 1 5 12 -4.05945 0 22736 -4.05945 1
gene 1 5 18 -0.624965 0 22996 -0.624965 1
gene 1 8 15 -2.6707 0 24109 -2.6707 1
gene 1 2 20 -3.46948 0 24375 -3.46948 1
gene 1 13 20 -1.98533 0 24919 -1.98533 1
gene 1 156 156 0.94605 1 30886 0.94605 1
gene 1 16 11 -0.866928 0 31324 -0.866928 1
gene 1 1 19 -0.725149 0 31703 -0.725149 1
gene 1 10 10 -2.78371 1 31841 -2.78371 1
gene 1 8 18 -3.12794 0 32479 -3.12794 1
gene 1 22 12 -1.50274 0 34233 -1.50274 1
gene 1 4 16 -0.68557 0 34614 -0.68557 1
gene 1 18 11 3.15384 0 35096 3.15384 1
gene 1 22 156 -2.77644 0 35518 -2.77644 1
gene 1 15 20 -0.932675 0 36090 -0.932675 1
gene 1 24 156 0.305804 0 36774 0.305804 1
gene 1 1 16 0.0524226 0 37802 0.0524226 1
gene 1 10 13 0.771074 0 38168 0.771074 1
gene 1 15 10 0.823367 1 38282 0.823367 1
gene 1 17 18 -0.652278 1 39258 -0.652278 1
gene 1 9 156 1.03656 0 40398 1.03656 1
gene 1 8 1559 0.807238 0 40849 0.807238 1
gene 1 1 10 1.40927 0 40954 1.40927 1
gene 1 9 19 2.27016 0 41998 2.27016 1
gene 1 1559 1559 0.778107 1 42129 0.778107 1
gene 1 12 14 0.21337 0 42500 0.21337 1
gene 1 18 156 1.33685 0 43518 1.33685 1
gene 1 16 16 -0.379127 1 43775 -0.379127 1
gene 1 10 156 0.361887 0 44053 0.361887 1
gene 1 2 17 0.384391 0 44185 0.384391 1
gene 1 3 13 1.00828 0 45040 1.00828 1
gene 1 14 17 -0.353395 0 45168 -0.353395 1
gene 1 156 10 0.525709 1 45563 0.525709 1
gene 1 24 13 -0.882326 0 45684 -0.882326 1
gene 1 22 18 0.192298 0 45784 0.192298 1
gene 1 13 13 0.039427 1 46221 0.039427 1
gene 1 7 18 1.3982 0 46513 1.3982 1
gene 1 9 13 -0.607808 0 46999 -0.607808 1
gene 1 6 18 0.172768 0 47239 0.172768 1
gene 1 5 11 -0.546168 0 48109 -0.546168 1
gene 1 8 17 -0.883551 0 48309 -0.883551 1
gene 1 156 19 0.0496383 1 48537 0.0496383 1
gene 1 1 18 0.735528 0 48735 0.735528 1
gene 1 17 156 0.662755 0 49021 0.662755 1
gene 1 4 15 0.321728 0 49490 0.321728 1
gene 1 7 13 -0.0157501 0 49793 -0.0157501 1
genomeend 60
