/* Organism #183 Fitness: 1.023 Error: 0.977 */
genomestart 183
trait 1 0.123015 0.0817813 0.435808 0.0741509 0.533974 0.227115 0.795648 0 
node 1 1 0
node 2 1 1
node 3 1 1
node 4 1 1
node 5 1 1
node 6 1 1
node 7 1 1
node 8 1 1
node 9 1 1
node 10 1 2
node 11 1 2
node 12 1 2
node 13 1 2
node 14 1 2
node 15 1 2
node 16 1 2
node 17 1 2
node 18 1 2
node 19 1 2
node 20 1 2
node 24 1 3
node 25 1 3
node 26 1 3
node 28 1 3
node 180 1 3
gene 1 1 24 -6.35701 0 4 -6.35701 1
gene 1 1 26 1.67031 0 6 1.67031 1
gene 1 1 28 -5.21058 0 8 -5.21058 1
gene 1 2 24 -2.79619 0 12 -2.79619 1
gene 1 2 25 -1.20202 0 13 -1.20202 1
gene 1 2 26 6.03774 0 14 6.03774 1
gene 1 3 24 0.665854 0 20 0.665854 1
gene 1 3 25 -0.931733 0 21 -0.931733 1
gene 1 4 25 1.52439 0 29 1.52439 1
gene 1 4 28 0.475747 0 32 0.475747 1
gene 1 5 24 0.745498 0 36 0.745498 1
gene 1 5 25 -0.331981 0 37 -0.331981 1
gene 1 5 26 -0.91075 0 38 -0.91075 1
gene 1 5 28 0.342606 0 40 0.342606 1
gene 1 6 24 -0.743761 0 44 -0.743761 1
gene 1 6 25 1.1873 0 45 1.1873 1
gene 1 6 26 3.07515 0 46 3.07515 1
gene 1 7 24 7.10252 0 52 7.10252 1
gene 1 7 25 -0.850096 0 53 -0.850096 1
gene 1 7 26 -1.23061 0 54 -1.23061 1
gene 1 7 28 -2.5498 0 56 -2.5498 1
gene 1 8 25 2.44504 0 61 2.44504 1
gene 1 8 26 3.46632 0 62 3.46632 1
gene 1 8 28 -0.919952 0 64 -0.919952 1
gene 1 9 24 1.16595 0 68 1.16595 1
gene 1 9 25 -2.20931 0 69 -2.20931 1
gene 1 9 26 5.61379 0 70 5.61379 1
gene 1 9 28 6.92013 0 72 6.92013 1
gene 1 24 10 -5.67976 0 106 -5.67976 1
gene 1 24 11 -1.58187 0 107 -1.58187 1
gene 1 24 12 -0.721703 0 108 -0.721703 1
gene 1 24 13 4.08733 0 109 4.08733 1
gene 1 24 14 -0.368091 0 110 -0.368091 1
gene 1 24 16 1.13791 0 112 1.13791 1
gene 1 24 17 -0.893071 0 113 -0.893071 1
gene 1 24 18 -0.751669 0 114 -0.751669 1
gene 1 24 19 -5.58797 0 115 -5.58797 1
gene 1 24 20 1.35844 0 116 1.35844 1
gene 1 25 10 -1.48837 0 117 -1.48837 1
gene 1 25 11 2.75196 0 118 2.75196 1
gene 1 25 12 0.806508 0 119 0.806508 1
gene 1 25 13 -0.366681 0 120 -0.366681 1
gene 1 25 14 1.56768 0 121 1.56768 1
gene 1 25 17 -1.49423 0 124 -1.49423 1
gene 1 25 18 -6.94722 0 125 -6.94722 1
gene 1 25 19 0.730357 0 126 0.730357 1
gene 1 26 10 0.327349 0 128 0.327349 1
gene 1 26 11 -3.09659 0 129 -3.09659 1
gene 1 26 12 7.80906 0 130 7.80906 1
gene 1 26 13 -0.0989076 0 131 -0.0989076 1
gene 1 26 14 1.31479 0 132 1.31479 1
gene 1 26 15 1.34722 0 133 1.34722 1
gene 1 26 16 -0.777028 0 134 -0.777028 1
gene 1 26 17 -0.859541 0 135 -0.859541 1
gene 1 26 18 -3.2355 0 136 -3.2355 1
gene 1 26 20 6.42478 0 138 6.42478 1
gene 1 28 10 0.464008 0 150 0.464008 1
gene 1 28 11 -0.108189 0 151 -0.108189 1
gene 1 28 12 -3.12755 0 152 -3.12755 1
gene 1 28 13 0.222253 0 153 0.222253 1
gene 1 28 14 -3.53407 0 154 -3.53407 1
gene 1 28 15 -1.26878 0 155 -1.26878 1
gene 1 28 16 -2.07164 0 156 -2.07164 1
gene 1 28 17 0.858162 0 157 0.858162 1
gene 1 28 19 0.388205 0 159 0.388205 1
gene 1 4 18 -0.995582 0 267 -0.995582 1
gene 1 14 20 -0.884348 0 633 -0.884348 1
gene 1 11 15 4.16792 0 763 4.16792 1
gene 1 11 12 0.760888 0 1192 0.760888 1
gene 1 17 17 1.30278 1 2196 1.30278 1
gene 1 16 17 0.486355 0 2372 0.486355 1
gene 1 14 12 -0.520708 0 3279 -0.520708 1
gene 1 28 28 0.410105 1 3412 0.410105 1
gene 1 16 16 -3.01967 1 3681 -3.01967 1
gene 1 180 16 0.570163 0 3825 0.570163 1
gene 1 5 16 -0.897869 0 4602 -0.897869 1
gene 1 12 12 0.0748529 1 4825 0.0748529 1
gene 1 4 10 0.865447 0 4967 0.865447 1
gene 1 6 18 -0.701042 0 5280 -0.701042 1
gene 1 25 25 0.211708 1 5600 0.211708 1
gene 1 13 11 1.16151 0 6005 1.16151 1
gene 1 7 13 2.42489 0 6399 2.42489 1
gene 1 3 18 -1.93605 0 6457 -1.93605 1
gene 1 13 20 0.784837 0 6795 0.784837 1
gene 1 3 12 -1.60045 0 6925 -1.60045 1
gene 1 8 180 0.213333 0 7053 0.213333 1
gene 1 25 16 -1.33314 0 7173 -1.33314 1
gene 1 18 17 3.81677 0 7894 3.81677 1
gene 1 180 12 -0.211109 0 8021 -0.211109 1
gene 1 1 19 0.760886 0 8615 0.760886 1
genomeend 183
