/* Organism #393 Fitness: 1.031 Error: 0.969 */
genomestart 393
trait 1 0.983294 0.0966771 1 0.914107 1 0.742664 1 0.157078 
node 1 1 0
node 2 1 1
node 3 1 1
node 4 1 1
node 5 1 1
node 6 1 1
node 7 1 1
node 8 1 1
node 9 1 1
node 10 1 2
node 11 1 2
node 12 1 2
node 13 1 2
node 14 1 2
node 15 1 2
node 16 1 2
node 17 1 2
node 18 1 2
node 19 1 2
node 20 1 2
node 21 1 3
node 23 1 3
gene 1 1 21 1.66468 0 1 1.66468 1
gene 1 1 23 -0.246637 0 3 -0.246637 1
gene 1 2 21 3.80649 0 9 3.80649 1
gene 1 2 23 -0.71416 0 11 -0.71416 1
gene 1 3 23 2.16516 0 19 2.16516 1
gene 1 4 21 3.18498 0 25 3.18498 1
gene 1 5 21 -1.18649 0 33 -1.18649 1
gene 1 5 23 1.6208 0 35 1.6208 1
gene 1 6 21 -1.15397 0 41 -1.15397 1
gene 1 6 23 4.33898 0 43 4.33898 1
gene 1 7 21 1.30975 0 49 1.30975 1
gene 1 7 23 0.76777 0 51 0.76777 1
gene 1 8 21 -2.8152 0 57 -2.8152 1
gene 1 8 23 -0.8552 0 59 -0.8552 1
gene 1 9 21 -4.34877 0 65 -4.34877 1
gene 1 9 23 -3.16624 0 67 -3.16624 1
gene 1 21 10 3.52492 0 73 3.52492 1
gene 1 21 11 -0.783772 0 74 -0.783772 1
gene 1 21 13 -3.65433 0 76 -3.65433 1
gene 1 21 14 1.12678 0 77 1.12678 1
gene 1 21 15 -1.94177 0 78 -1.94177 1
gene 1 21 16 6.60923 0 79 6.60923 1
gene 1 21 17 -1.85044 0 80 -1.85044 1
gene 1 21 20 -2.35607 0 83 -2.35607 1
gene 1 23 10 4.34236 0 95 4.34236 1
gene 1 23 11 -0.205828 0 96 -0.205828 1
gene 1 23 12 1.52492 0 97 1.52492 1
gene 1 23 13 -2.8672 0 98 -2.8672 1
gene 1 23 14 -1.32994 0 99 -1.32994 1
gene 1 23 15 0.513809 0 100 0.513809 1
gene 1 23 16 -0.134044 0 101 -0.134044 1
gene 1 23 19 -0.604576 0 104 -0.604576 1
gene 1 15 15 1.27573 1 1390 1.27573 1
gene 1 16 16 3.38679 1 1819 3.38679 1
gene 1 9 10 -1.50813 0 1956 -1.50813 1
gene 1 17 17 2.03294 1 2459 2.03294 1
gene 1 2 19 -0.984494 0 4879 -0.984494 1
gene 1 9 12 -1.63827 0 5152 -1.63827 1
gene 1 18 13 0.326343 0 5517 0.326343 1
gene 1 1 14 -3.3344 0 5891 -3.3344 1
gene 1 15 19 -2.96234 0 6017 -2.96234 1
gene 1 14 15 -0.0944934 0 6258 -0.0944934 1
gene 1 21 21 0.186158 1 6679 0.186158 1
gene 1 6 15 -1.51755 0 7319 -1.51755 1
gene 1 11 12 -1.1704 0 7636 -1.1704 1
gene 1 23 23 -0.939419 1 8421 -0.939419 1
gene 1 2 20 -0.0776361 0 8584 -0.0776361 1
gene 1 7 10 3.76869 0 8731 3.76869 1
gene 1 8 11 -0.128947 0 8987 -0.128947 1
gene 1 4 17 -0.684826 0 9633 -0.684826 1
gene 1 9 13 -0.950786 0 10126 -0.950786 1
gene 1 16 17 -0.0308621 0 10573 -0.0308621 1
gene 1 12 10 -0.431496 0 10936 -0.431496 1
gene 1 14 14 -0.511519 1 11291 -0.511519 1
gene 1 16 20 -0.41924 0 11528 -0.41924 1
gene 1 17 15 0.171509 0 11952 0.171509 1
gene 1 5 19 -0.249173 0 12205 -0.249173 1
gene 1 11 19 0.464531 0 12872 0.464531 1
gene 1 17 16 -0.366635 1 12997 -0.366635 1
gene 1 20 19 -0.489264 0 13321 -0.489264 1
gene 1 14 20 -0.952093 0 14033 -0.952093 1
gene 1 12 12 -0.0859217 1 14225 -0.0859217 1
gene 1 15 11 0.181917 0 14437 0.181917 1
gene 1 6 11 -0.60017 0 14579 -0.60017 1
gene 1 6 13 0.505522 0 14701 0.505522 1
gene 1 19 19 -0.780546 1 14834 -0.780546 1
gene 1 8 14 -0.910602 0 14959 -0.910602 1
gene 1 17 19 0.403609 0 15165 0.403609 1
gene 1 20 20 0.0775121 1 15324 0.0775121 1
gene 1 10 10 0.291946 1 15493 0.291946 1
gene 1 2 16 -0.533936 0 15611 -0.533936 1
gene 1 20 12 0.249124 0 15853 0.249124 1
genomeend 393
