/* Organism #262 Fitness: 1.021 Error: 0.979 */
genomestart 262
trait 1 0.86106 0.752267 0.5478 1 0.861341 0.80519 0.847343 0.361315 
node 1 1 0
node 2 1 1
node 3 1 1
node 4 1 1
node 5 1 1
node 6 1 1
node 7 1 1
node 8 1 1
node 9 1 1
node 10 1 2
node 11 1 2
node 12 1 2
node 13 1 2
node 14 1 2
node 15 1 2
node 16 1 2
node 17 1 2
node 18 1 2
node 19 1 2
node 20 1 2
node 24 1 3
node 27 1 3
node 569 1 3
gene 1 1 24 -3.91003 0 4 -3.91003 1
gene 1 1 27 0.600929 0 7 0.600929 1
gene 1 2 27 -1.34516 0 15 -1.34516 1
gene 1 3 24 -4.91635 0 20 -4.91635 1
gene 1 3 27 -2.31197 0 23 -2.31197 1
gene 1 4 24 1.32603 0 28 1.32603 1
gene 1 4 27 3.76773 0 31 3.76773 1
gene 1 5 24 -5.91622 0 36 -5.91622 1
gene 1 6 27 4.29387 0 47 4.29387 1
gene 1 7 24 4.63848 0 52 4.63848 1
gene 1 9 27 2.51149 0 71 2.51149 1
gene 1 24 10 -4.57738 0 106 -4.57738 1
gene 1 24 11 -2.44908 0 107 -2.44908 1
gene 1 24 12 1.79537 0 108 1.79537 1
gene 1 24 13 -0.220589 0 109 -0.220589 1
gene 1 24 14 -2.58388 0 110 -2.58388 1
gene 1 24 15 -0.597411 0 111 -0.597411 1
gene 1 24 16 -6.46119 0 112 -6.46119 1
gene 1 24 17 2.12173 0 113 2.12173 1
gene 1 24 20 -4.13949 0 116 -4.13949 1
gene 1 27 12 6.79469 0 141 6.79469 1
gene 1 27 14 0.597188 0 143 0.597188 1
gene 1 27 15 3.45567 0 144 3.45567 1
gene 1 27 17 0.574313 0 146 0.574313 1
gene 1 27 18 -3.24027 0 147 -3.24027 1
gene 1 27 19 -4.02612 0 148 -4.02612 1
gene 1 27 20 1.63188 0 149 1.63188 1
gene 1 15 18 0.606369 0 215 0.606369 1
gene 1 16 11 0.576965 0 453 0.576965 1
gene 1 7 18 -3.10904 0 1022 -3.10904 1
gene 1 8 11 7.68421 0 2054 7.68421 1
gene 1 20 10 -4.32445 0 2503 -4.32445 1
gene 1 9 15 -1.54108 0 2888 -1.54108 1
gene 1 3 17 -5.74503 0 4029 -5.74503 1
gene 1 13 15 -1.23855 0 4241 -1.23855 1
gene 1 13 19 2.79762 0 5046 2.79762 1
gene 1 11 19 -2.28896 0 5193 -2.28896 1
gene 1 24 24 2.67714 1 5407 2.67714 1
gene 1 27 13 0.267009 0 6979 0.267009 1
gene 1 27 24 -2.81078 0 7113 -2.81078 1
gene 1 4 20 -1.65482 0 7493 -1.65482 1
gene 1 7 27 1.28172 0 7741 1.28172 1
gene 1 10 18 0.376543 0 7858 0.376543 1
gene 1 17 14 -1.76618 0 8496 -1.76618 1
gene 1 11 14 0.373993 0 8757 0.373993 1
gene 1 16 17 0.817407 0 8863 0.817407 1
gene 1 2 12 -2.01305 0 9140 -2.01305 1
gene 1 3 11 0.768361 0 9347 0.768361 1
gene 1 27 10 1.66653 0 9488 1.66653 1
gene 1 16 10 -5.63265 0 9760 -5.63265 1
gene 1 10 19 -0.355347 0 10034 -0.355347 1
gene 1 13 13 1.45098 1 10406 1.45098 1
gene 1 17 16 -4.00914 1 10774 -4.00914 1
gene 1 20 19 1.60502 0 10796 1.60502 1
gene 1 8 10 -0.932879 0 11097 -0.932879 1
gene 1 14 18 1.41503 0 11245 1.41503 1
gene 1 3 20 1.7762 0 11495 1.7762 1
gene 1 9 19 -0.409517 0 11846 -0.409517 1
gene 1 16 16 -1.1476 1 12089 -1.1476 1
gene 1 2 17 1.09753 0 12325 1.09753 1
gene 1 20 14 1.81685 0 12441 1.81685 1
gene 1 16 14 -3.69597 0 12951 -3.69597 1
gene 1 15 20 -1.16523 0 13071 -1.16523 1
gene 1 17 20 0.219984 0 13646 0.219984 1
gene 1 6 569 1.19283 0 13801 1.19283 1
gene 1 14 14 -1.25494 1 13885 -1.25494 1
gene 1 8 18 0.898579 0 13995 0.898579 1
gene 1 12 10 0.584211 0 14577 0.584211 1
gene 1 12 19 0.638506 0 14689 0.638506 1
gene 1 5 12 0.33645 0 15100 0.33645 1
gene 1 3 19 0.064277 0 15216 0.064277 1
gene 1 569 19 -2.89164 0 15747 -2.89164 1
gene 1 569 569 0.17462 1 15992 0.17462 1
gene 1 6 13 0.681193 0 16192 0.681193 1
gene 1 16 12 0.580743 0 16294 0.580743 1
genomeend 262
