/* Organism #7 Fitness: 1.024 Error: 0.976 */
genomestart 7
trait 1 0.337536 0.450974 0.0634128 0.473211 0.418707 0.324519 0.340511 0.500172 
node 1 1 0
node 2 1 1
node 3 1 1
node 4 1 1
node 5 1 1
node 6 1 1
node 7 1 1
node 8 1 1
node 9 1 1
node 10 1 2
node 11 1 2
node 12 1 2
node 13 1 2
node 14 1 2
node 15 1 2
node 16 1 2
node 17 1 2
node 18 1 2
node 19 1 2
node 20 1 2
node 22 1 3
node 23 1 3
node 24 1 3
node 25 1 3
node 26 1 3
node 28 1 3
node 210 1 3
node 523 1 3
gene 1 1 22 -0.985477 0 2 -0.985477 1
gene 1 1 23 -1.92864 0 3 -1.92864 1
gene 1 1 24 -1.78896 0 4 -1.78896 1
gene 1 1 25 -6.96433 0 5 -6.96433 1
gene 1 1 26 0.800429 0 6 0.800429 1
gene 1 1 28 8 0 8 8 1
gene 1 2 22 -1.17084 0 10 -1.17084 1
gene 1 2 25 3.06801 0 13 3.06801 1
gene 1 2 26 0.0244903 0 14 0.0244903 1
gene 1 2 28 0.962183 0 16 0.962183 1
gene 1 3 22 -4.96918 0 18 -4.96918 1
gene 1 3 23 -6.42899 0 19 -6.42899 1
gene 1 3 24 -5.28468 0 20 -5.28468 1
gene 1 3 25 -2.8618 0 21 -2.8618 1
gene 1 3 26 -3.51697 0 22 -3.51697 1
gene 1 3 28 2.95486 0 24 2.95486 1
gene 1 4 22 -1.12514 0 26 -1.12514 1
gene 1 4 23 -8 0 27 -8 1
gene 1 4 24 -0.976871 0 28 -0.976871 1
gene 1 4 25 -0.291052 0 29 -0.291052 1
gene 1 4 28 1.41475 0 32 1.41475 1
gene 1 5 22 3.9006 0 34 3.9006 1
gene 1 5 23 1.81539 0 35 1.81539 1
gene 1 5 26 -2.82198 0 38 -2.82198 1
gene 1 5 28 0.439899 0 40 0.439899 1
gene 1 6 22 0.64214 0 42 0.64214 1
gene 1 6 25 -0.922637 0 45 -0.922637 1
gene 1 6 26 -4.14118 0 46 -4.14118 1
gene 1 6 28 -4.29218 0 48 -4.29218 1
gene 1 7 22 0.268534 0 50 0.268534 1
gene 1 7 24 -3.82315 0 52 -3.82315 1
gene 1 7 25 -4.28926 0 53 -4.28926 1
gene 1 7 26 -1.40104 0 54 -1.40104 1
gene 1 7 28 -3.09235 0 56 -3.09235 1
gene 1 8 22 -1.71283 0 58 -1.71283 1
gene 1 8 24 2.20115 0 60 2.20115 1
gene 1 8 25 -1.2624 0 61 -1.2624 1
gene 1 8 26 5.19789 0 62 5.19789 1
gene 1 8 28 3.05764 0 64 3.05764 1
gene 1 9 22 -2.2425 0 66 -2.2425 1
gene 1 9 24 1.01413 0 68 1.01413 1
gene 1 9 26 2.4566 0 70 2.4566 1
gene 1 9 28 2.61009 0 72 2.61009 1
gene 1 22 10 -0.451437 0 84 -0.451437 1
gene 1 22 11 -0.831655 0 85 -0.831655 1
gene 1 22 12 -0.959989 0 86 -0.959989 1
gene 1 22 14 -0.304985 0 88 -0.304985 1
gene 1 22 15 -1.22489 0 89 -1.22489 1
gene 1 22 16 1.46389 0 90 1.46389 1
gene 1 22 17 -0.77956 0 91 -0.77956 1
gene 1 22 18 1.40828 0 92 1.40828 1
gene 1 22 19 2.16021 0 93 2.16021 1
gene 1 23 10 -3.97608 0 95 -3.97608 1
gene 1 23 11 -0.888165 0 96 -0.888165 1
gene 1 23 12 -4.27845 0 97 -4.27845 1
gene 1 23 13 -3.65775 0 98 -3.65775 1
gene 1 23 15 0.804801 0 100 0.804801 1
gene 1 23 16 -3.21073 0 101 -3.21073 1
gene 1 23 17 0.303264 0 102 0.303264 1
gene 1 23 19 -5.07615 0 104 -5.07615 1
gene 1 24 10 -5.81848 0 106 -5.81848 1
gene 1 24 12 1.23933 0 108 1.23933 1
gene 1 24 13 2.17241 0 109 2.17241 1
gene 1 24 14 -2.24166 0 110 -2.24166 1
gene 1 24 16 2.89682 0 112 2.89682 1
gene 1 24 17 0.949535 0 113 0.949535 1
gene 1 24 18 0.861559 0 114 0.861559 1
gene 1 24 19 -7.58562 0 115 -7.58562 1
gene 1 24 20 0.695784 0 116 0.695784 1
gene 1 25 10 5.85757 0 117 5.85757 1
gene 1 25 12 -4.00378 0 119 -4.00378 1
gene 1 25 15 1.76941 0 122 1.76941 1
gene 1 25 17 1.5662 0 124 1.5662 1
gene 1 25 18 -4.22113 0 125 -4.22113 1
gene 1 25 19 6.29919 0 126 6.29919 1
gene 1 25 20 2.61248 0 127 2.61248 1
gene 1 26 10 -0.983517 0 128 -0.983517 1
gene 1 26 11 -1.8085 0 129 -1.8085 1
gene 1 26 14 -3.545 0 132 -3.545 1
gene 1 26 16 -3.85304 0 134 -3.85304 1
gene 1 26 17 2.8301 0 135 2.8301 1
gene 1 26 18 7.83182 0 136 7.83182 1
gene 1 26 20 1.07371 0 138 1.07371 1
gene 1 28 11 -6.62699 0 151 -6.62699 1
gene 1 28 12 5.48206 0 152 5.48206 1
gene 1 28 13 -2.72714 0 153 -2.72714 1
gene 1 28 14 1.67557 0 154 1.67557 1
gene 1 28 16 -1.84126 0 156 -1.84126 1
gene 1 28 17 2.25511 0 157 2.25511 1
gene 1 28 18 0.578031 0 158 0.578031 1
gene 1 28 20 2.70295 0 160 2.70295 1
gene 1 28 25 -0.135056 0 504 -0.135056 1
gene 1 12 11 0.587858 0 720 0.587858 1
gene 1 18 16 5.12535 0 2017 5.12535 1
gene 1 12 12 -1.04013 1 2506 -1.04013 1
gene 1 19 20 -1.47079 0 2799 -1.47079 1
gene 1 18 10 7.22184 0 3674 7.22184 1
gene 1 20 23 0.0380877 1 3966 0.0380877 1
gene 1 22 26 3.46027 0 4098 3.46027 1
gene 1 9 210 0.495364 0 5097 0.495364 1
gene 1 210 25 -0.100126 0 5098 -0.100126 1
gene 1 23 26 3.88383 0 5231 3.88383 1
gene 1 13 11 -2.39104 0 5947 -2.39104 1
gene 1 19 16 -0.523782 0 6322 -0.523782 1
gene 1 210 210 -1.05651 1 6469 -1.05651 1
gene 1 5 19 -2.61171 0 6596 -2.61171 1
gene 1 17 19 -1.73175 0 7698 -1.73175 1
gene 1 9 18 0.0342864 0 7967 0.0342864 1
gene 1 3 16 -1.25574 0 8468 -1.25574 1
gene 1 17 17 0.396823 1 8591 0.396823 1
gene 1 19 13 -1.60513 0 8947 -1.60513 1
gene 1 10 11 -3.0565 0 9205 -3.0565 1
gene 1 10 14 0.519541 0 9335 0.519541 1
gene 1 26 24 0.0123816 0 9447 0.0123816 1
gene 1 20 10 -0.210601 0 9576 -0.210601 1
gene 1 210 24 -0.803446 0 9703 -0.803446 1
gene 1 13 13 2.14961 1 10178 2.14961 1
gene 1 14 16 -2.61582 0 10495 -2.61582 1
gene 1 14 14 0.930515 1 10721 0.930515 1
gene 1 5 12 -1.86859 0 10846 -1.86859 1
gene 1 2 17 -2.67322 0 10930 -2.67322 1
gene 1 210 26 -0.473285 0 11495 -0.473285 1
gene 1 16 12 0.890845 0 11990 0.890845 1
gene 1 9 23 -0.655159 0 12873 -0.655159 1
gene 1 19 11 -1.22495 0 13092 -1.22495 1
gene 1 16 13 1.21926 0 13569 1.21926 1
gene 1 523 13 -1.3096 0 13682 -1.3096 1
gene 1 4 17 0.874176 0 13851 0.874176 1
gene 1 28 15 -0.892019 0 14966 -0.892019 1
gene 1 8 23 -0.339214 0 15208 -0.339214 1
gene 1 9 19 0.372672 0 15628 0.372672 1
gene 1 9 13 -1.13207 0 15760 -1.13207 1
gene 1 11 12 1.13301 0 15972 1.13301 1
genomeend 7
