/* Organism #10 Fitness: 1.018 Error: 0.982 */
genomestart 10
trait 1 0.353228 0.584004 0.200656 0.430869 0.960544 0.430287 0.739243 0 
node 1 1 0
node 2 1 1
node 3 1 1
node 4 1 1
node 5 1 1
node 6 1 1
node 7 1 1
node 8 1 1
node 9 1 1
node 10 1 2
node 11 1 2
node 12 1 2
node 13 1 2
node 14 1 2
node 15 1 2
node 16 1 2
node 17 1 2
node 18 1 2
node 19 1 2
node 20 1 2
node 26 1 3
node 553 1 3
gene 1 1 26 2.83696 0 6 2.83696 1
gene 1 2 26 -2.2514 0 14 -2.2514 1
gene 1 5 26 3.02926 0 38 3.02926 1
gene 1 6 26 1.69402 0 46 1.69402 1
gene 1 7 26 -3.57959 0 54 -3.57959 1
gene 1 8 26 2.51194 0 62 2.51194 1
gene 1 9 26 -0.516604 0 70 -0.516604 1
gene 1 26 10 -3.82662 0 128 -3.82662 1
gene 1 26 11 -0.51516 0 129 -0.51516 1
gene 1 26 12 -0.793393 0 130 -0.793393 1
gene 1 26 13 -1.08247 0 131 -1.08247 1
gene 1 26 14 -2.94122 0 132 -2.94122 1
gene 1 26 15 0.651743 0 133 0.651743 1
gene 1 26 16 1.37863 0 134 1.37863 1
gene 1 26 17 0.327219 0 135 0.327219 1
gene 1 26 18 1.94495 0 136 1.94495 1
gene 1 26 19 0.928353 0 137 0.928353 1
gene 1 26 20 1.28038 0 138 1.28038 1
gene 1 3 18 -1.4295 0 418 -1.4295 1
gene 1 19 10 0.220969 0 993 0.220969 1
gene 1 9 19 1.07246 0 1187 1.07246 1
gene 1 5 20 2.9405 0 1238 2.9405 1
gene 1 18 18 -0.546297 1 1701 -0.546297 1
gene 1 5 14 1.22157 0 2242 1.22157 1
gene 1 17 17 -0.130335 1 2351 -0.130335 1
gene 1 12 12 4.98876 1 2619 4.98876 1
gene 1 4 16 1.62274 0 3011 1.62274 1
gene 1 7 14 -1.61362 0 4418 -1.61362 1
gene 1 6 15 -2.9601 0 5696 -2.9601 1
gene 1 7 18 1.70282 0 5822 1.70282 1
gene 1 9 11 -0.87679 0 6574 -0.87679 1
gene 1 6 13 1.16174 0 7180 1.16174 1
gene 1 7 10 1.2045 0 7391 1.2045 1
gene 1 5 19 0.579593 0 8080 0.579593 1
gene 1 2 17 -4.04489 0 9233 -4.04489 1
gene 1 8 12 2.37549 0 9378 2.37549 1
gene 1 4 14 1.07225 0 9495 1.07225 1
gene 1 19 11 0.195518 0 9933 0.195518 1
gene 1 6 10 1.37707 0 10617 1.37707 1
gene 1 11 18 -0.53273 0 11528 -0.53273 1
gene 1 20 20 0.500227 1 11608 0.500227 1
gene 1 3 12 -0.399648 0 11764 -0.399648 1
gene 1 18 10 -0.400172 0 12127 -0.400172 1
gene 1 8 11 2.43723 0 12468 2.43723 1
gene 1 19 14 -1.16411 0 12815 -1.16411 1
gene 1 16 10 1.27567 0 12932 1.27567 1
gene 1 19 19 0.522028 1 13052 0.522028 1
gene 1 17 12 -0.931602 0 13171 -0.931602 1
gene 1 10 14 0.765433 0 13441 0.765433 1
gene 1 13 11 -0.455796 0 13551 -0.455796 1
gene 1 17 553 -0.169855 0 13669 -0.169855 1
gene 1 553 10 -2.91604 0 13670 -2.91604 1
gene 1 18 20 -0.410606 0 13804 -0.410606 1
gene 1 2 12 -0.254881 0 14343 -0.254881 1
gene 1 11 15 1.14398 0 14468 1.14398 1
gene 1 4 17 -0.692516 0 14697 -0.692516 1
gene 1 26 26 -2.12252 1 15172 -2.12252 1
gene 1 14 14 0.718326 1 15537 0.718326 1
gene 1 1 19 0.292123 0 15739 0.292123 1
gene 1 11 14 0.993039 0 15808 0.993039 1
gene 1 20 16 0.549556 0 15883 0.549556 1
genomeend 10
