/* Organism #29 Fitness: 1.001 Error: 0.999 */
genomestart 29
trait 1 0.149081 0.0747968 0.128545 0.107977 0.908219 0.227115 0.795648 0 
node 1 1 0
node 2 1 1
node 3 1 1
node 4 1 1
node 5 1 1
node 6 1 1
node 7 1 1
node 8 1 1
node 9 1 1
node 10 1 2
node 11 1 2
node 12 1 2
node 13 1 2
node 14 1 2
node 15 1 2
node 16 1 2
node 17 1 2
node 18 1 2
node 19 1 2
node 20 1 2
gene 1 2 10 -0.221662 0 1 -0.221662 1
gene 1 2 11 0.734241 0 2 0.734241 1
gene 1 2 12 0.660263 0 3 0.660263 1
gene 1 2 13 -0.217742 0 4 -0.217742 1
gene 1 2 14 -0.47306 0 5 -0.47306 1
gene 1 2 15 0.0911687 0 6 0.0911687 1
gene 1 2 16 0.339671 0 7 0.339671 1
gene 1 2 17 0.719159 0 8 0.719159 1
gene 1 2 18 0.278951 0 9 0.278951 1
gene 1 2 19 -0.773925 0 10 -0.773925 1
gene 1 2 20 -0.32834 0 11 -0.32834 1
gene 1 3 10 0.808136 0 12 0.808136 1
gene 1 3 11 0.698259 0 13 0.698259 1
gene 1 3 12 -0.206938 0 14 -0.206938 1
gene 1 3 13 -0.925029 0 15 -0.925029 1
gene 1 3 14 -0.719598 0 16 -0.719598 1
gene 1 3 15 -0.863748 0 17 -0.863748 1
gene 1 3 16 -0.848984 0 18 -0.848984 1
gene 1 3 17 0.623194 0 19 0.623194 1
gene 1 3 18 -0.243283 0 20 -0.243283 1
gene 1 3 19 0.374178 0 21 0.374178 1
gene 1 3 20 0.0683651 0 22 0.0683651 1
gene 1 4 10 0.802417 0 23 0.802417 1
gene 1 4 11 -0.388862 0 24 -0.388862 1
gene 1 4 12 -0.271181 0 25 -0.271181 1
gene 1 4 13 -0.224186 0 26 -0.224186 1
gene 1 4 14 0.235245 0 27 0.235245 1
gene 1 4 15 -0.192201 0 28 -0.192201 1
gene 1 4 16 -0.637069 0 29 -0.637069 1
gene 1 4 17 -0.609466 0 30 -0.609466 1
gene 1 4 18 0.879073 0 31 0.879073 1
gene 1 4 19 0.0271326 0 32 0.0271326 1
gene 1 4 20 0.49602 0 33 0.49602 1
gene 1 5 10 -0.163946 0 34 -0.163946 1
gene 1 5 11 0.830654 0 35 0.830654 1
gene 1 5 12 -0.0766191 0 36 -0.0766191 1
gene 1 5 13 0.359874 0 37 0.359874 1
gene 1 5 14 -0.471236 0 38 -0.471236 1
gene 1 5 15 -0.620828 0 39 -0.620828 1
gene 1 5 16 -0.72318 0 40 -0.72318 1
gene 1 5 17 -0.218559 0 41 -0.218559 1
gene 1 5 18 0.143043 0 42 0.143043 1
gene 1 5 19 0.451523 0 43 0.451523 1
gene 1 5 20 -0.653262 0 44 -0.653262 1
gene 1 6 10 0.253704 0 45 0.253704 1
gene 1 6 11 -0.0756302 0 46 -0.0756302 1
gene 1 6 12 0.011049 0 47 0.011049 1
gene 1 6 13 -0.315008 0 48 -0.315008 1
gene 1 6 14 -0.30072 0 49 -0.30072 1
gene 1 6 15 -0.807054 0 50 -0.807054 1
gene 1 6 16 -0.517032 0 51 -0.517032 1
gene 1 6 17 0.0478665 0 52 0.0478665 1
gene 1 6 18 -0.782061 0 53 -0.782061 1
gene 1 6 19 0.473224 0 54 0.473224 1
gene 1 6 20 0.696095 0 55 0.696095 1
gene 1 7 10 0.921722 0 56 0.921722 1
gene 1 7 11 -0.17113 0 57 -0.17113 1
gene 1 7 12 -0.42589 0 58 -0.42589 1
gene 1 7 13 0.659312 0 59 0.659312 1
gene 1 7 14 0.24722 0 60 0.24722 1
gene 1 7 15 -0.232139 0 61 -0.232139 1
gene 1 7 16 -0.0939926 0 62 -0.0939926 1
gene 1 7 17 0.574932 0 63 0.574932 1
gene 1 7 18 -0.0888479 0 64 -0.0888479 1
gene 1 7 19 -0.656581 0 65 -0.656581 1
gene 1 7 20 -0.884907 0 66 -0.884907 1
gene 1 8 10 -0.12528 0 67 -0.12528 1
gene 1 8 11 -0.607405 0 68 -0.607405 1
gene 1 8 12 0.085394 0 69 0.085394 1
gene 1 8 13 -0.566385 0 70 -0.566385 1
gene 1 8 14 -0.639054 0 71 -0.639054 1
gene 1 8 15 0.911694 0 72 0.911694 1
gene 1 8 16 0.996945 0 73 0.996945 1
gene 1 8 17 0.440689 0 74 0.440689 1
gene 1 8 18 0.388952 0 75 0.388952 1
gene 1 8 19 -0.949808 0 76 -0.949808 1
gene 1 8 20 -0.434707 0 77 -0.434707 1
gene 1 9 10 -0.440216 0 78 -0.440216 1
gene 1 9 11 0.264911 0 79 0.264911 1
gene 1 9 12 -0.954177 0 80 -0.954177 1
gene 1 9 13 0.42856 0 81 0.42856 1
gene 1 9 14 0.909202 0 82 0.909202 1
gene 1 9 15 0.738483 0 83 0.738483 1
gene 1 9 16 0.48375 0 84 0.48375 1
gene 1 9 17 -0.550032 0 85 -0.550032 1
gene 1 9 18 -0.981251 0 86 -0.981251 1
gene 1 9 19 0.3587 0 87 0.3587 1
gene 1 9 20 0.632849 0 88 0.632849 1
genomeend 29
