/* Organism #485 Fitness: 1.002 Error: 0.998 */
genomestart 485
trait 1 0.149081 0.0747968 0.128545 0.107977 0.908219 0.227115 0.795648 0 
node 1 1 0
node 2 1 1
node 3 1 1
node 4 1 1
node 5 1 1
node 6 1 1
node 7 1 1
node 8 1 1
node 9 1 1
node 10 1 2
node 11 1 2
node 12 1 2
node 13 1 2
node 14 1 2
node 15 1 2
node 16 1 2
node 17 1 2
node 18 1 2
node 19 1 2
node 20 1 2
node 21 1 3
node 22 1 3
node 23 1 3
node 24 1 3
node 25 1 3
node 26 1 3
node 27 1 3
gene 1 1 21 -0.873098 0 1 -0.873098 1
gene 1 1 22 -0.117989 0 2 -0.117989 1
gene 1 1 23 2.91018 0 3 2.91018 1
gene 1 1 24 1.44055 0 4 1.44055 1
gene 1 1 25 0.55524 0 5 0.55524 1
gene 1 1 26 -0.674409 0 6 -0.674409 1
gene 1 1 27 0.13315 0 7 0.13315 1
gene 1 2 21 -2.04697 0 9 -2.04697 1
gene 1 2 22 1.87556 0 10 1.87556 1
gene 1 2 23 1.40967 0 11 1.40967 1
gene 1 2 24 -3.09612 0 12 -3.09612 1
gene 1 2 25 -1.38843 0 13 -1.38843 1
gene 1 2 26 -0.958419 0 14 -0.958419 1
gene 1 2 27 -0.18971 0 15 -0.18971 1
gene 1 3 21 -0.348834 0 17 -0.348834 1
gene 1 3 22 -1.25213 0 18 -1.25213 1
gene 1 3 23 -1.9525 0 19 -1.9525 1
gene 1 3 24 -0.44579 0 20 -0.44579 1
gene 1 3 25 -3.24605 0 21 -3.24605 1
gene 1 3 26 -0.265772 0 22 -0.265772 1
gene 1 3 27 0.309267 0 23 0.309267 1
gene 1 4 21 1.26048 0 25 1.26048 1
gene 1 4 22 -0.590581 0 26 -0.590581 1
gene 1 4 23 1.45315 0 27 1.45315 1
gene 1 4 24 0.640148 0 28 0.640148 1
gene 1 4 25 2.13257 0 29 2.13257 1
gene 1 4 26 0.995479 0 30 0.995479 1
gene 1 4 27 1.30415 0 31 1.30415 1
gene 1 5 21 -2.02613 0 33 -2.02613 1
gene 1 5 22 1.62062 0 34 1.62062 1
gene 1 5 23 1.25301 0 35 1.25301 1
gene 1 5 24 2.18294 0 36 2.18294 1
gene 1 5 25 -1.85586 0 37 -1.85586 1
gene 1 5 26 0.283895 0 38 0.283895 1
gene 1 5 27 -1.85832 0 39 -1.85832 1
gene 1 6 21 0.887932 0 41 0.887932 1
gene 1 6 22 -0.338358 0 42 -0.338358 1
gene 1 6 23 -0.367889 0 43 -0.367889 1
gene 1 6 24 2.83754 0 44 2.83754 1
gene 1 6 25 -1.32788 0 45 -1.32788 1
gene 1 6 26 -1.27054 0 46 -1.27054 1
gene 1 6 27 1.4265 0 47 1.4265 1
gene 1 7 21 -1.01516 0 49 -1.01516 1
gene 1 7 22 -0.573092 0 50 -0.573092 1
gene 1 7 23 -0.701651 0 51 -0.701651 1
gene 1 7 24 -0.268574 0 52 -0.268574 1
gene 1 7 25 -0.14436 0 53 -0.14436 1
gene 1 7 26 0.314672 0 54 0.314672 1
gene 1 7 27 -0.706019 0 55 -0.706019 1
gene 1 8 21 1.24171 0 57 1.24171 1
gene 1 8 22 1.38 0 58 1.38 1
gene 1 8 23 -1.66176 0 59 -1.66176 1
gene 1 8 24 0.684593 0 60 0.684593 1
gene 1 8 25 0.333855 0 61 0.333855 1
gene 1 8 26 0.92497 0 62 0.92497 1
gene 1 8 27 -0.200161 0 63 -0.200161 1
gene 1 9 21 1.49321 0 65 1.49321 1
gene 1 9 22 0.865922 0 66 0.865922 1
gene 1 9 23 0.320383 0 67 0.320383 1
gene 1 9 24 -2.23101 0 68 -2.23101 1
gene 1 9 25 -0.601663 0 69 -0.601663 1
gene 1 9 26 1.38372 0 70 1.38372 1
gene 1 9 27 1.07834 0 71 1.07834 1
gene 1 21 10 0.30978 0 73 0.30978 1
gene 1 21 11 2.83713 0 74 2.83713 1
gene 1 21 12 0.135342 0 75 0.135342 1
gene 1 21 13 2.00753 0 76 2.00753 1
gene 1 21 14 -0.669035 0 77 -0.669035 1
gene 1 21 15 -2.21009 0 78 -2.21009 1
gene 1 21 16 1.71928 0 79 1.71928 1
gene 1 21 17 -0.137406 0 80 -0.137406 1
gene 1 21 18 2.10123 0 81 2.10123 1
gene 1 21 19 2.66805 0 82 2.66805 1
gene 1 21 20 2.00738 0 83 2.00738 1
gene 1 22 10 -0.471768 0 84 -0.471768 1
gene 1 22 11 -1.40676 0 85 -1.40676 1
gene 1 22 12 2.6681 0 86 2.6681 1
gene 1 22 13 0.0851208 0 87 0.0851208 1
gene 1 22 14 -0.463228 0 88 -0.463228 1
gene 1 22 15 2.06697 0 89 2.06697 1
gene 1 22 16 0.729054 0 90 0.729054 1
gene 1 22 17 -0.619705 0 91 -0.619705 1
gene 1 22 18 1.02969 0 92 1.02969 1
gene 1 22 19 2.47919 0 93 2.47919 1
gene 1 22 20 2.05393 0 94 2.05393 1
gene 1 23 10 -2.53196 0 95 -2.53196 1
gene 1 23 11 -0.515513 0 96 -0.515513 1
gene 1 23 12 2.90859 0 97 2.90859 1
gene 1 23 13 -0.816157 0 98 -0.816157 1
gene 1 23 14 1.28066 0 99 1.28066 1
gene 1 23 15 -2.71269 0 100 -2.71269 1
gene 1 23 16 0.120292 0 101 0.120292 1
gene 1 23 17 1.0315 0 102 1.0315 1
gene 1 23 18 2.21631 0 103 2.21631 1
gene 1 23 19 0.842345 0 104 0.842345 1
gene 1 23 20 0.886276 0 105 0.886276 1
gene 1 24 10 -2.18074 0 106 -2.18074 1
gene 1 24 11 2.67456 0 107 2.67456 1
gene 1 24 12 -0.0559847 0 108 -0.0559847 1
gene 1 24 13 1.61136 0 109 1.61136 1
gene 1 24 14 -2.16066 0 110 -2.16066 1
gene 1 24 15 -2.67538 0 111 -2.67538 1
gene 1 24 16 1.62802 0 112 1.62802 1
gene 1 24 17 0.209781 0 113 0.209781 1
gene 1 24 18 -1.158 0 114 -1.158 1
gene 1 24 19 2.92074 0 115 2.92074 1
gene 1 24 20 1.15507 0 116 1.15507 1
gene 1 25 10 -1.12818 0 117 -1.12818 1
gene 1 25 11 -0.919237 0 118 -0.919237 1
gene 1 25 12 -0.380013 0 119 -0.380013 1
gene 1 25 13 -2.1132 0 120 -2.1132 1
gene 1 25 14 -1.93508 0 121 -1.93508 1
gene 1 25 15 -0.267956 0 122 -0.267956 1
gene 1 25 16 -1.05566 0 123 -1.05566 1
gene 1 25 17 -0.126411 0 124 -0.126411 1
gene 1 25 18 1.70283 0 125 1.70283 1
gene 1 25 19 1.9453 0 126 1.9453 1
gene 1 25 20 0.544145 0 127 0.544145 1
gene 1 26 10 -0.189286 0 128 -0.189286 1
gene 1 26 11 -1.34318 0 129 -1.34318 1
gene 1 26 12 1.23173 0 130 1.23173 1
gene 1 26 13 2.43489 0 131 2.43489 1
gene 1 26 14 -1.30838 0 132 -1.30838 1
gene 1 26 15 -0.337896 0 133 -0.337896 1
gene 1 26 16 1.69946 0 134 1.69946 1
gene 1 26 17 1.53502 0 135 1.53502 1
gene 1 26 18 -0.871068 0 136 -0.871068 1
gene 1 26 19 1.30133 0 137 1.30133 1
gene 1 26 20 2.09829 0 138 2.09829 1
gene 1 27 10 0.112518 0 139 0.112518 1
gene 1 27 11 -0.998002 0 140 -0.998002 1
gene 1 27 12 -0.882221 0 141 -0.882221 1
gene 1 27 13 -0.944621 0 142 -0.944621 1
gene 1 27 14 -1.15457 0 143 -1.15457 1
gene 1 27 15 -0.742315 0 144 -0.742315 1
gene 1 27 16 0.407455 0 145 0.407455 1
gene 1 27 17 1.84083 0 146 1.84083 1
gene 1 27 18 2.68411 0 147 2.68411 1
gene 1 27 19 1.39174 0 148 1.39174 1
gene 1 27 20 -1.19719 0 149 -1.19719 1
genomeend 485
