/* Organism #281 Fitness: 1.007 Error: 0.993 */
genomestart 281
trait 1 0.303155 0 0 0.232951 0.912 0.611076 0.0828251 0 
node 1 1 0
node 2 1 1
node 3 1 1
node 4 1 1
node 5 1 1
node 6 1 1
node 7 1 1
node 8 1 1
node 9 1 1
node 10 1 2
node 11 1 2
node 12 1 2
node 13 1 2
node 14 1 2
node 15 1 2
node 16 1 2
node 17 1 2
node 18 1 2
node 19 1 2
node 20 1 2
node 21 1 3
node 22 1 3
node 23 1 3
node 25 1 3
node 27 1 3
gene 1 1 21 -2.19474 0 1 -2.19474 1
gene 1 1 22 1.54364 0 2 1.54364 1
gene 1 1 25 -4.79855 0 5 -4.79855 1
gene 1 1 27 -2.3606 0 7 -2.3606 1
gene 1 2 21 0.385764 0 9 0.385764 1
gene 1 2 22 -1.18692 0 10 -1.18692 1
gene 1 2 25 0.211368 0 13 0.211368 1
gene 1 2 27 -0.864662 0 15 -0.864662 1
gene 1 3 22 -0.610048 0 18 -0.610048 1
gene 1 3 23 0.773866 0 19 0.773866 1
gene 1 3 27 -3.15283 0 23 -3.15283 1
gene 1 4 21 -2.51104 0 25 -2.51104 1
gene 1 4 22 1.2079 0 26 1.2079 1
gene 1 4 23 0.105773 0 27 0.105773 1
gene 1 4 25 -0.918312 0 29 -0.918312 1
gene 1 4 27 1.04548 0 31 1.04548 1
gene 1 5 21 -1.08311 0 33 -1.08311 1
gene 1 5 22 3.62231 0 34 3.62231 1
gene 1 5 23 0.331164 0 35 0.331164 1
gene 1 5 25 -0.757278 0 37 -0.757278 1
gene 1 5 27 0.162022 0 39 0.162022 1
gene 1 6 21 0.470054 0 41 0.470054 1
gene 1 6 22 0.0879061 0 42 0.0879061 1
gene 1 6 25 -0.77713 0 45 -0.77713 1
gene 1 6 27 -1.18238 0 47 -1.18238 1
gene 1 7 21 1.39704 0 49 1.39704 1
gene 1 7 22 -0.790353 0 50 -0.790353 1
gene 1 7 23 2.10756 0 51 2.10756 1
gene 1 7 25 1.38574 0 53 1.38574 1
gene 1 7 27 -0.257761 0 55 -0.257761 1
gene 1 8 21 -2.27137 0 57 -2.27137 1
gene 1 8 22 0.561141 0 58 0.561141 1
gene 1 8 23 -1.38067 0 59 -1.38067 1
gene 1 8 25 2.16741 0 61 2.16741 1
gene 1 8 27 -1.62838 0 63 -1.62838 1
gene 1 9 21 0.818158 0 65 0.818158 1
gene 1 9 22 0.0562237 0 66 0.0562237 1
gene 1 9 25 1.10596 0 69 1.10596 1
gene 1 9 27 -1.65413 0 71 -1.65413 1
gene 1 21 10 -0.0333671 0 73 -0.0333671 1
gene 1 21 11 -0.38215 0 74 -0.38215 1
gene 1 21 12 -1.70203 0 75 -1.70203 1
gene 1 21 13 1.64138 0 76 1.64138 1
gene 1 21 14 2.19431 0 77 2.19431 1
gene 1 21 15 0.434759 0 78 0.434759 1
gene 1 21 16 1.38534 0 79 1.38534 1
gene 1 21 18 1.23532 0 81 1.23532 1
gene 1 21 19 2.19999 0 82 2.19999 1
gene 1 21 20 0.2599 0 83 0.2599 1
gene 1 22 10 1.03391 0 84 1.03391 1
gene 1 22 11 1.82482 0 85 1.82482 1
gene 1 22 12 2.39257 0 86 2.39257 1
gene 1 22 13 1.06144 0 87 1.06144 1
gene 1 22 14 -2.9903 0 88 -2.9903 1
gene 1 22 15 -0.449666 0 89 -0.449666 1
gene 1 22 16 -2.43546 0 90 -2.43546 1
gene 1 22 18 -1.99646 0 92 -1.99646 1
gene 1 22 19 -0.330183 0 93 -0.330183 1
gene 1 22 20 -0.190471 0 94 -0.190471 1
gene 1 23 10 -3.10725 0 95 -3.10725 1
gene 1 23 11 -2.43296 0 96 -2.43296 1
gene 1 23 13 2.60733 0 98 2.60733 1
gene 1 23 14 -1.93323 0 99 -1.93323 1
gene 1 23 15 1.44948 0 100 1.44948 1
gene 1 23 16 0.195035 0 101 0.195035 1
gene 1 23 17 -0.819574 0 102 -0.819574 1
gene 1 23 19 1.7979 0 104 1.7979 1
gene 1 23 20 -0.404196 0 105 -0.404196 1
gene 1 25 10 1.05496 0 117 1.05496 1
gene 1 25 11 3.75294 0 118 3.75294 1
gene 1 25 12 -1.76269 0 119 -1.76269 1
gene 1 25 13 -1.19547 0 120 -1.19547 1
gene 1 25 14 -1.21919 0 121 -1.21919 1
gene 1 25 15 0.146452 0 122 0.146452 1
gene 1 25 16 -1.04448 0 123 -1.04448 1
gene 1 25 17 0.355576 0 124 0.355576 1
gene 1 25 18 2.28828 0 125 2.28828 1
gene 1 25 19 1.73466 0 126 1.73466 1
gene 1 25 20 -0.0688767 0 127 -0.0688767 1
gene 1 27 10 -0.45978 0 139 -0.45978 1
gene 1 27 11 1.78082 0 140 1.78082 1
gene 1 27 12 -2.90738 0 141 -2.90738 1
gene 1 27 13 1.25934 0 142 1.25934 1
gene 1 27 14 0.851321 0 143 0.851321 1
gene 1 27 15 3.12432 0 144 3.12432 1
gene 1 27 17 -0.149125 0 146 -0.149125 1
gene 1 27 18 -0.260927 0 147 -0.260927 1
gene 1 27 19 0.794987 0 148 0.794987 1
gene 1 27 20 1.7273 0 149 1.7273 1
gene 1 9 14 -0.501167 0 382 -0.501167 1
gene 1 6 18 1.83892 0 491 1.83892 1
gene 1 22 23 -4.53155 0 651 -4.53155 1
gene 1 22 21 -0.127884 0 767 -0.127884 1
gene 1 18 12 1.97103 0 1057 1.97103 1
gene 1 19 16 -0.483047 0 1090 -0.483047 1
gene 1 6 20 0.15148 0 1468 0.15148 1
gene 1 3 14 -0.897213 0 2054 -0.897213 1
gene 1 8 17 -2.0324 0 2171 -2.0324 1
gene 1 13 12 -0.585371 0 2273 -0.585371 1
gene 1 22 27 -0.918845 0 2687 -0.918845 1
gene 1 12 23 -0.15902 1 2805 -0.15902 1
gene 1 16 16 -1.79427 1 3224 -1.79427 1
gene 1 10 15 0.881562 0 3386 0.881562 1
gene 1 1 16 -1.76068 0 3540 -1.76068 1
gene 1 7 15 -0.168737 0 3733 -0.168737 1
gene 1 8 12 0.558002 0 3939 0.558002 1
gene 1 16 12 0.566952 0 4086 0.566952 1
gene 1 25 25 -1.28154 1 4487 -1.28154 1
gene 1 19 21 0.640111 1 4600 0.640111 1
gene 1 17 20 0.462748 0 4697 0.462748 1
gene 1 3 19 -0.81219 0 4796 -0.81219 1
gene 1 1 14 0.464167 0 5006 0.464167 1
gene 1 20 19 0.0876764 0 5114 0.0876764 1
gene 1 16 14 0.419661 0 5311 0.419661 1
genomeend 281
