/* Organism #67 Fitness: 1.006 Error: 0.994 */
genomestart 67
trait 1 0.303155 0.590199 0.242492 0.232951 0.912 0.354007 0.9412 0.0291938 
node 1 1 0
node 2 1 1
node 3 1 1
node 4 1 1
node 5 1 1
node 6 1 1
node 7 1 1
node 8 1 1
node 9 1 1
node 10 1 2
node 11 1 2
node 12 1 2
node 13 1 2
node 14 1 2
node 15 1 2
node 16 1 2
node 17 1 2
node 18 1 2
node 19 1 2
node 20 1 2
node 22 1 3
node 23 1 3
node 25 1 3
node 26 1 3
gene 1 1 22 2.19236 0 2 2.19236 1
gene 1 1 23 0.844959 0 3 0.844959 1
gene 1 1 25 -2.1884 0 5 -2.1884 1
gene 1 1 26 1.87151 0 6 1.87151 1
gene 1 2 22 -1.66695 0 10 -1.66695 1
gene 1 2 23 -0.74056 0 11 -0.74056 1
gene 1 2 25 -0.299692 0 13 -0.299692 1
gene 1 2 26 -0.260671 0 14 -0.260671 1
gene 1 3 22 0.332789 0 18 0.332789 1
gene 1 3 23 -1.17926 0 19 -1.17926 1
gene 1 3 25 -1.12529 0 21 -1.12529 1
gene 1 3 26 -1.07561 0 22 -1.07561 1
gene 1 4 22 -0.528947 0 26 -0.528947 1
gene 1 4 23 0.12611 0 27 0.12611 1
gene 1 4 25 -2.00608 0 29 -2.00608 1
gene 1 4 26 -0.958986 0 30 -0.958986 1
gene 1 5 22 3.55768 0 34 3.55768 1
gene 1 5 23 -1.24678 0 35 -1.24678 1
gene 1 5 25 -1.78176 0 37 -1.78176 1
gene 1 5 26 0.783435 0 38 0.783435 1
gene 1 6 22 -1.02864 0 42 -1.02864 1
gene 1 6 25 -1.74192 0 45 -1.74192 1
gene 1 6 26 -0.46572 0 46 -0.46572 1
gene 1 7 22 -1.45861 0 50 -1.45861 1
gene 1 7 23 1.11631 0 51 1.11631 1
gene 1 7 26 0.0895951 0 54 0.0895951 1
gene 1 8 22 2.07231 0 58 2.07231 1
gene 1 8 23 -0.61914 0 59 -0.61914 1
gene 1 8 25 0.315078 0 61 0.315078 1
gene 1 8 26 1.04307 0 62 1.04307 1
gene 1 9 22 0.750127 0 66 0.750127 1
gene 1 9 25 -0.0062762 0 69 -0.0062762 1
gene 1 9 26 0.290337 0 70 0.290337 1
gene 1 22 10 0.976212 0 84 0.976212 1
gene 1 22 11 0.578997 0 85 0.578997 1
gene 1 22 12 1.28471 0 86 1.28471 1
gene 1 22 13 -0.473743 0 87 -0.473743 1
gene 1 22 14 -1.66836 0 88 -1.66836 1
gene 1 22 15 0.173165 0 89 0.173165 1
gene 1 22 16 -2.46607 0 90 -2.46607 1
gene 1 22 17 0.194375 0 91 0.194375 1
gene 1 22 18 -1.54276 0 92 -1.54276 1
gene 1 22 19 0.869885 0 93 0.869885 1
gene 1 22 20 0.245579 0 94 0.245579 1
gene 1 23 10 -2.06349 0 95 -2.06349 1
gene 1 23 11 -2.05605 0 96 -2.05605 1
gene 1 23 12 1.25607 0 97 1.25607 1
gene 1 23 13 2.05609 0 98 2.05609 1
gene 1 23 15 1.60416 0 100 1.60416 1
gene 1 23 16 -0.400714 0 101 -0.400714 1
gene 1 23 18 3.49116 0 103 3.49116 1
gene 1 23 19 1.1003 0 104 1.1003 1
gene 1 23 20 1.6147 0 105 1.6147 1
gene 1 25 10 -0.202101 0 117 -0.202101 1
gene 1 25 11 2.8851 0 118 2.8851 1
gene 1 25 12 0.22343 0 119 0.22343 1
gene 1 25 13 0.0980746 0 120 0.0980746 1
gene 1 25 14 -1.0674 0 121 -1.0674 1
gene 1 25 15 1.64511 0 122 1.64511 1
gene 1 25 16 -0.559688 0 123 -0.559688 1
gene 1 25 18 2.7961 0 125 2.7961 1
gene 1 25 19 1.56466 0 126 1.56466 1
gene 1 25 20 0.275288 0 127 0.275288 1
gene 1 26 10 -0.825864 0 128 -0.825864 1
gene 1 26 11 0.807171 0 129 0.807171 1
gene 1 26 12 1.23256 0 130 1.23256 1
gene 1 26 13 -1.97626 0 131 -1.97626 1
gene 1 26 14 -1.95129 0 132 -1.95129 1
gene 1 26 15 0.290026 0 133 0.290026 1
gene 1 26 16 1.0371 0 134 1.0371 1
gene 1 26 17 2.43302 0 135 2.43302 1
gene 1 26 18 1.95282 0 136 1.95282 1
gene 1 26 19 1.30347 0 137 1.30347 1
gene 1 26 20 -1.13265 0 138 -1.13265 1
gene 1 9 14 0.447285 0 382 0.447285 1
gene 1 6 18 1.81868 0 491 1.81868 1
gene 1 22 23 -2.84435 0 651 -2.84435 1
gene 1 18 12 1.64456 0 1057 1.64456 1
gene 1 19 16 -0.478802 0 1090 -0.478802 1
gene 1 6 20 -0.193195 0 1468 -0.193195 1
gene 1 3 14 0.172534 0 2054 0.172534 1
gene 1 8 17 -0.397977 0 2171 -0.397977 1
gene 1 13 12 0.159184 0 2273 0.159184 1
gene 1 11 19 -0.00719155 0 2590 -0.00719155 1
gene 1 12 23 0.496392 1 2805 0.496392 1
gene 1 16 16 0.201155 1 3224 0.201155 1
gene 1 10 15 -0.638563 0 3386 -0.638563 1
gene 1 1 16 0.147279 0 3540 0.147279 1
gene 1 7 15 0.0447609 0 3733 0.0447609 1
gene 1 8 12 -0.837189 0 3939 -0.837189 1
gene 1 16 12 -0.785917 0 4086 -0.785917 1
gene 1 14 13 -0.0228962 0 4269 -0.0228962 1
gene 1 25 25 -0.870329 1 4487 -0.870329 1
gene 1 17 20 0.780592 0 4697 0.780592 1
gene 1 3 19 0.910157 0 4796 0.910157 1
gene 1 1 14 -0.0591236 0 5006 -0.0591236 1
gene 1 20 19 -0.553658 0 5114 -0.553658 1
gene 1 16 14 0.419661 0 5311 0.419661 1
gene 1 1 20 -0.889533 0 5549 -0.889533 1
gene 1 16 18 0.452771 0 5776 0.452771 1
genomeend 67
