/* Organism #478 Fitness: 1.005 Error: 0.995 */
genomestart 478
trait 1 0.650334 0.421318 0.116766 0.143129 0.0101814 0.00351967 1 0.501479 
node 1 1 0
node 2 1 1
node 3 1 1
node 4 1 1
node 5 1 1
node 6 1 1
node 7 1 1
node 8 1 1
node 9 1 1
node 10 1 2
node 11 1 2
node 12 1 2
node 13 1 2
node 14 1 2
node 15 1 2
node 16 1 2
node 17 1 2
node 18 1 2
node 19 1 2
node 20 1 2
node 21 1 3
node 22 1 3
node 24 1 3
node 25 1 3
node 26 1 3
node 27 1 3
gene 1 1 21 -0.0486935 0 1 -0.0486935 1
gene 1 1 22 1.68921 0 2 1.68921 1
gene 1 1 24 0.131116 0 4 0.131116 1
gene 1 1 25 3.58487 0 5 3.58487 1
gene 1 1 26 2.84399 0 6 2.84399 1
gene 1 1 27 -1.10818 0 7 -1.10818 1
gene 1 2 21 0.0497029 0 9 0.0497029 1
gene 1 2 22 -5.83902 0 10 -5.83902 1
gene 1 2 24 -1.30528 0 12 -1.30528 1
gene 1 2 25 -1.99966 0 13 -1.99966 1
gene 1 2 26 -3.86186 0 14 -3.86186 1
gene 1 2 27 0.822528 0 15 0.822528 1
gene 1 3 21 -0.870681 0 17 -0.870681 1
gene 1 3 22 -0.487089 0 18 -0.487089 1
gene 1 3 24 0.696727 0 20 0.696727 1
gene 1 3 25 -1.29656 0 21 -1.29656 1
gene 1 3 26 -3.51414 0 22 -3.51414 1
gene 1 3 27 1.70612 0 23 1.70612 1
gene 1 4 21 -0.254769 0 25 -0.254769 1
gene 1 4 22 0.453715 0 26 0.453715 1
gene 1 4 24 3.10218 0 28 3.10218 1
gene 1 4 25 2.82542 0 29 2.82542 1
gene 1 4 26 -1.34466 0 30 -1.34466 1
gene 1 4 27 0.439767 0 31 0.439767 1
gene 1 5 21 -2.45791 0 33 -2.45791 1
gene 1 5 22 -3.55265 0 34 -3.55265 1
gene 1 5 24 -1.12716 0 36 -1.12716 1
gene 1 5 25 1.25338 0 37 1.25338 1
gene 1 5 26 7.92871 0 38 7.92871 1
gene 1 5 27 -1.53082 0 39 -1.53082 1
gene 1 6 21 3.23065 0 41 3.23065 1
gene 1 6 22 -4.79615 0 42 -4.79615 1
gene 1 6 24 1.75222 0 44 1.75222 1
gene 1 6 25 0.762667 0 45 0.762667 1
gene 1 6 26 0.784162 0 46 0.784162 1
gene 1 6 27 0.292959 0 47 0.292959 1
gene 1 7 21 -3.5415 0 49 -3.5415 1
gene 1 7 22 -0.0599887 0 50 -0.0599887 1
gene 1 7 24 -0.0461021 0 52 -0.0461021 1
gene 1 7 25 3.25202 0 53 3.25202 1
gene 1 7 27 3.59739 0 55 3.59739 1
gene 1 8 21 1.61586 0 57 1.61586 1
gene 1 8 22 5.395 0 58 5.395 1
gene 1 8 24 1.18862 0 60 1.18862 1
gene 1 8 27 1.35572 0 63 1.35572 1
gene 1 9 21 -7.22895 0 65 -7.22895 1
gene 1 9 22 2.12632 0 66 2.12632 1
gene 1 9 24 -0.749677 0 68 -0.749677 1
gene 1 9 25 1.44583 0 69 1.44583 1
gene 1 9 26 -2.24449 0 70 -2.24449 1
gene 1 9 27 -0.243757 0 71 -0.243757 1
gene 1 21 10 1.27346 0 73 1.27346 1
gene 1 21 11 -1.53678 0 74 -1.53678 1
gene 1 21 12 -4.5769 0 75 -4.5769 1
gene 1 21 13 1.66835 0 76 1.66835 1
gene 1 21 14 0.999377 0 77 0.999377 1
gene 1 21 15 -4.06604 0 78 -4.06604 1
gene 1 21 16 3.95718 0 79 3.95718 1
gene 1 21 17 -2.97832 0 80 -2.97832 1
gene 1 21 18 3.2992 0 81 3.2992 1
gene 1 21 19 -0.691008 0 82 -0.691008 1
gene 1 21 20 -2.30201 0 83 -2.30201 1
gene 1 22 10 -2.41826 0 84 -2.41826 1
gene 1 22 11 -2.21587 0 85 -2.21587 1
gene 1 22 12 -2.03864 0 86 -2.03864 1
gene 1 22 13 4.95583 0 87 4.95583 1
gene 1 22 14 -4.5187 0 88 -4.5187 1
gene 1 22 15 2.19666 0 89 2.19666 1
gene 1 22 16 0.785573 0 90 0.785573 1
gene 1 22 17 -0.20861 0 91 -0.20861 1
gene 1 22 18 2.50351 0 92 2.50351 1
gene 1 22 19 -4.08451 0 93 -4.08451 1
gene 1 22 20 2.86081 0 94 2.86081 1
gene 1 24 10 -0.313169 0 106 -0.313169 1
gene 1 24 11 -7.60288 0 107 -7.60288 1
gene 1 24 12 -1.92439 0 108 -1.92439 1
gene 1 24 13 1.19099 0 109 1.19099 1
gene 1 24 14 0.85571 0 110 0.85571 1
gene 1 24 15 -2.44892 0 111 -2.44892 1
gene 1 24 16 -0.463661 0 112 -0.463661 1
gene 1 24 17 -1.91703 0 113 -1.91703 1
gene 1 24 18 -2.16725 0 114 -2.16725 1
gene 1 24 19 -3.8964 0 115 -3.8964 1
gene 1 24 20 1.66502 0 116 1.66502 1
gene 1 25 10 0.480024 0 117 0.480024 1
gene 1 25 11 -4.60805 0 118 -4.60805 1
gene 1 25 12 -1.92143 0 119 -1.92143 1
gene 1 25 13 -8 0 120 -8 1
gene 1 25 14 2.28236 0 121 2.28236 1
gene 1 25 15 0.169601 0 122 0.169601 1
gene 1 25 16 2.25508 0 123 2.25508 1
gene 1 25 17 1.6983 0 124 1.6983 1
gene 1 25 18 0.654896 0 125 0.654896 1
gene 1 25 19 1.19559 0 126 1.19559 1
gene 1 25 20 1.58445 0 127 1.58445 1
gene 1 26 10 -0.213928 0 128 -0.213928 1
gene 1 26 11 1.64174 0 129 1.64174 1
gene 1 26 12 2.66918 0 130 2.66918 1
gene 1 26 13 1.51456 0 131 1.51456 1
gene 1 26 15 -2.10522 0 133 -2.10522 1
gene 1 26 16 1.49699 0 134 1.49699 1
gene 1 26 17 1.17287 0 135 1.17287 1
gene 1 26 18 1.36715 0 136 1.36715 1
gene 1 27 10 0.224571 0 139 0.224571 1
gene 1 27 11 0.497682 0 140 0.497682 1
gene 1 27 12 0.0178265 0 141 0.0178265 1
gene 1 27 13 -1.35539 0 142 -1.35539 1
gene 1 27 14 0.0463697 0 143 0.0463697 1
gene 1 27 15 1.18562 0 144 1.18562 1
gene 1 27 16 1.72023 0 145 1.72023 1
gene 1 27 17 0.954563 0 146 0.954563 1
gene 1 27 18 1.52575 0 147 1.52575 1
gene 1 27 19 0.628154 0 148 0.628154 1
gene 1 27 20 1.69325 0 149 1.69325 1
gene 1 2 19 -2.07786 0 593 -2.07786 1
gene 1 15 15 1.59039 1 660 1.59039 1
gene 1 17 18 1.11369 0 1192 1.11369 1
gene 1 12 13 0.0752147 0 1530 0.0752147 1
gene 1 21 25 1.72661 0 1730 1.72661 1
gene 1 24 24 -1.31087 1 1816 -1.31087 1
gene 1 3 11 -0.0115403 0 2141 -0.0115403 1
gene 1 17 25 0.298452 1 2712 0.298452 1
gene 1 15 14 -1.37943 0 3050 -1.37943 1
gene 1 19 19 0.185944 1 3156 0.185944 1
gene 1 13 13 1.19144 1 3392 1.19144 1
gene 1 20 27 -0.868205 1 3523 -0.868205 1
gene 1 3 14 0.812963 0 3762 0.812963 1
gene 1 4 18 0.424792 0 4048 0.424792 1
genomeend 478
