/* Organism #208 Fitness: 1.009 Error: 0.991 */
genomestart 208
trait 1 0.129281 0.0922049 0.170622 0.136703 0.864406 0.260482 0.845417 0.153052 
node 1 1 0
node 2 1 1
node 3 1 1
node 4 1 1
node 5 1 1
node 6 1 1
node 7 1 1
node 8 1 1
node 9 1 1
node 10 1 2
node 11 1 2
node 12 1 2
node 13 1 2
node 14 1 2
node 15 1 2
node 16 1 2
node 17 1 2
node 18 1 2
node 19 1 2
node 20 1 2
node 21 1 3
node 23 1 3
node 25 1 3
node 26 1 3
node 107 1 3
gene 1 1 21 -3.36443 0 1 -3.36443 1
gene 1 1 23 1.62863 0 3 1.62863 1
gene 1 1 25 3.43007 0 5 3.43007 1
gene 1 1 26 4.59684 0 6 4.59684 1
gene 1 2 21 -0.542075 0 9 -0.542075 1
gene 1 2 23 -7.30929 0 11 -7.30929 1
gene 1 2 25 -0.506227 0 13 -0.506227 1
gene 1 2 26 0.560815 0 14 0.560815 1
gene 1 3 21 2.53337 0 17 2.53337 1
gene 1 3 23 -0.284029 0 19 -0.284029 1
gene 1 3 25 -0.30913 0 21 -0.30913 1
gene 1 3 26 -1.0137 0 22 -1.0137 1
gene 1 4 21 3.44858 0 25 3.44858 1
gene 1 4 23 0.970011 0 27 0.970011 1
gene 1 4 25 -5.17401 0 29 -5.17401 1
gene 1 4 26 4.77362 0 30 4.77362 1
gene 1 5 21 3.07292 0 33 3.07292 1
gene 1 5 23 -2.95542 0 35 -2.95542 1
gene 1 5 25 2.7162 0 37 2.7162 1
gene 1 5 26 2.13448 0 38 2.13448 1
gene 1 6 21 1.87641 0 41 1.87641 1
gene 1 6 23 -3.62961 0 43 -3.62961 1
gene 1 6 25 5.27676 0 45 5.27676 1
gene 1 6 26 1.84383 0 46 1.84383 1
gene 1 7 21 0.537759 0 49 0.537759 1
gene 1 7 23 1.48977 0 51 1.48977 1
gene 1 7 26 -0.584868 0 54 -0.584868 1
gene 1 8 21 -3.53807 0 57 -3.53807 1
gene 1 8 23 4.26837 0 59 4.26837 1
gene 1 8 25 -0.990491 0 61 -0.990491 1
gene 1 8 26 2.93049 0 62 2.93049 1
gene 1 9 21 -1.8833 0 65 -1.8833 1
gene 1 9 23 -1.95738 0 67 -1.95738 1
gene 1 9 26 1.45791 0 70 1.45791 1
gene 1 21 10 -4.66136 0 73 -4.66136 1
gene 1 21 11 -1.42718 0 74 -1.42718 1
gene 1 21 12 -1.69315 0 75 -1.69315 1
gene 1 21 13 0.173177 0 76 0.173177 1
gene 1 21 15 0.390981 0 78 0.390981 1
gene 1 21 16 1.40938 0 79 1.40938 1
gene 1 21 18 3.93128 0 81 3.93128 1
gene 1 21 20 -0.555067 0 83 -0.555067 1
gene 1 23 10 -6.10074 0 95 -6.10074 1
gene 1 23 11 -0.947517 0 96 -0.947517 1
gene 1 23 12 5.56635 0 97 5.56635 1
gene 1 23 13 0.274766 0 98 0.274766 1
gene 1 23 15 -3.97703 0 100 -3.97703 1
gene 1 23 16 0.734849 0 101 0.734849 1
gene 1 23 17 0.167634 0 102 0.167634 1
gene 1 23 18 0.0233859 0 103 0.0233859 1
gene 1 23 20 -2.96683 0 105 -2.96683 1
gene 1 25 10 -4.38276 0 117 -4.38276 1
gene 1 25 12 0.783096 0 119 0.783096 1
gene 1 25 13 -1.41522 0 120 -1.41522 1
gene 1 25 14 4.4642 0 121 4.4642 1
gene 1 25 15 -3.28898 0 122 -3.28898 1
gene 1 25 16 3.54848 0 123 3.54848 1
gene 1 25 17 2.25874 0 124 2.25874 1
gene 1 25 18 -6.20145 0 125 -6.20145 1
gene 1 25 19 4.36468 0 126 4.36468 1
gene 1 25 20 -1.94225 0 127 -1.94225 1
gene 1 26 10 -3.47428 0 128 -3.47428 1
gene 1 26 11 -4.972 0 129 -4.972 1
gene 1 26 12 2.33169 0 130 2.33169 1
gene 1 26 13 -3.64076 0 131 -3.64076 1
gene 1 26 14 -1.5099 0 132 -1.5099 1
gene 1 26 15 5.07462 0 133 5.07462 1
gene 1 26 16 -2.0118 0 134 -2.0118 1
gene 1 26 17 -1.04374 0 135 -1.04374 1
gene 1 26 18 7.7607 0 136 7.7607 1
gene 1 26 19 0.825993 0 137 0.825993 1
gene 1 26 20 -1.81373 0 138 -1.81373 1
gene 1 26 25 -0.874171 0 742 -0.874171 1
gene 1 14 17 -1.14814 0 1119 -1.14814 1
gene 1 16 10 0.0124364 0 1397 0.0124364 1
gene 1 10 15 1.89638 0 2088 1.89638 1
gene 1 23 107 0.790487 0 2200 0.790487 1
gene 1 107 19 0.960623 0 2201 0.960623 1
gene 1 20 12 -0.903734 0 2668 -0.903734 1
gene 1 2 16 0.0646187 0 2783 0.0646187 1
gene 1 14 14 -1.61915 1 3068 -1.61915 1
gene 1 13 13 0.277407 1 3314 0.277407 1
gene 1 18 17 3.11548 0 3641 3.11548 1
gene 1 20 19 2.91318 0 3847 2.91318 1
gene 1 20 14 -0.516274 0 3885 -0.516274 1
gene 1 6 19 0.146954 0 4060 0.146954 1
gene 1 8 16 1.8231 0 4341 1.8231 1
gene 1 18 18 0.663754 1 4491 0.663754 1
gene 1 20 20 1.26106 1 4609 1.26106 1
gene 1 25 25 -0.00358035 1 5108 -0.00358035 1
gene 1 7 25 0.234168 0 5232 0.234168 1
gene 1 2 11 -0.179289 0 5347 -0.179289 1
gene 1 15 18 0.844685 0 5581 0.844685 1
genomeend 208
