/* Organism #51 Fitness: 1.01 Error: 0.99 */
genomestart 51
trait 1 0.129281 0.0881396 0.200634 0.136703 0.898305 0.260482 0.845417 0.114789 
node 1 1 0
node 2 1 1
node 3 1 1
node 4 1 1
node 5 1 1
node 6 1 1
node 7 1 1
node 8 1 1
node 9 1 1
node 10 1 2
node 11 1 2
node 12 1 2
node 13 1 2
node 14 1 2
node 15 1 2
node 16 1 2
node 17 1 2
node 18 1 2
node 19 1 2
node 20 1 2
node 21 1 3
node 22 1 3
node 23 1 3
node 25 1 3
node 26 1 3
node 27 1 3
node 107 1 3
node 241 1 3
gene 1 1 21 -1.32487 0 1 -1.32487 1
gene 1 1 22 1.43438 0 2 1.43438 1
gene 1 1 23 2.17253 0 3 2.17253 1
gene 1 1 25 2.40862 0 5 2.40862 1
gene 1 1 26 4.51682 0 6 4.51682 1
gene 1 1 27 -1.4653 0 7 -1.4653 1
gene 1 2 21 -1.29709 0 9 -1.29709 1
gene 1 2 22 -0.125234 0 10 -0.125234 1
gene 1 2 23 -7.03417 0 11 -7.03417 1
gene 1 2 25 -0.712421 0 13 -0.712421 1
gene 1 2 26 -0.106316 0 14 -0.106316 1
gene 1 2 27 -1.16018 0 15 -1.16018 1
gene 1 3 21 2.98438 0 17 2.98438 1
gene 1 3 23 0.170932 0 19 0.170932 1
gene 1 3 25 0.70758 0 21 0.70758 1
gene 1 3 26 -1.00351 0 22 -1.00351 1
gene 1 3 27 -2.47847 0 23 -2.47847 1
gene 1 4 21 3.5534 0 25 3.5534 1
gene 1 4 23 -0.256734 0 27 -0.256734 1
gene 1 4 25 -5.68022 0 29 -5.68022 1
gene 1 4 26 3.70633 0 30 3.70633 1
gene 1 4 27 -1.56542 0 31 -1.56542 1
gene 1 5 21 1.3982 0 33 1.3982 1
gene 1 5 22 0.871479 0 34 0.871479 1
gene 1 5 23 -3.61959 0 35 -3.61959 1
gene 1 5 25 3.7139 0 37 3.7139 1
gene 1 5 26 3.83854 0 38 3.83854 1
gene 1 5 27 2.07227 0 39 2.07227 1
gene 1 6 21 1.01892 0 41 1.01892 1
gene 1 6 22 -0.673042 0 42 -0.673042 1
gene 1 6 23 -2.24561 0 43 -2.24561 1
gene 1 6 25 4.57317 0 45 4.57317 1
gene 1 6 26 2.16469 0 46 2.16469 1
gene 1 6 27 2.60666 0 47 2.60666 1
gene 1 7 21 -0.844992 0 49 -0.844992 1
gene 1 7 22 -0.677388 0 50 -0.677388 1
gene 1 7 23 1.0149 0 51 1.0149 1
gene 1 7 26 0.945619 0 54 0.945619 1
gene 1 7 27 0.344258 0 55 0.344258 1
gene 1 8 21 -3.42805 0 57 -3.42805 1
gene 1 8 22 -0.931641 0 58 -0.931641 1
gene 1 8 23 3.11867 0 59 3.11867 1
gene 1 8 25 -0.998872 0 61 -0.998872 1
gene 1 8 27 -4.39984 0 63 -4.39984 1
gene 1 9 22 -1.86597 0 66 -1.86597 1
gene 1 9 23 -1.0586 0 67 -1.0586 1
gene 1 9 26 1.17099 0 70 1.17099 1
gene 1 9 27 1.06891 0 71 1.06891 1
gene 1 21 10 -5.53535 0 73 -5.53535 1
gene 1 21 11 -2.08996 0 74 -2.08996 1
gene 1 21 12 -0.244745 0 75 -0.244745 1
gene 1 21 13 0.0576306 0 76 0.0576306 1
gene 1 21 15 0.25827 0 78 0.25827 1
gene 1 21 16 0.936412 0 79 0.936412 1
gene 1 21 18 2.61223 0 81 2.61223 1
gene 1 21 19 0.0147065 0 82 0.0147065 1
gene 1 21 20 -0.478013 0 83 -0.478013 1
gene 1 22 10 0.780903 0 84 0.780903 1
gene 1 22 11 1.04483 0 85 1.04483 1
gene 1 22 12 0.881214 0 86 0.881214 1
gene 1 22 13 -2.71711 0 87 -2.71711 1
gene 1 22 14 -0.630468 0 88 -0.630468 1
gene 1 22 15 1.76423 0 89 1.76423 1
gene 1 22 16 -4.50484 0 90 -4.50484 1
gene 1 22 17 0.909972 0 91 0.909972 1
gene 1 22 19 -1.45586 0 93 -1.45586 1
gene 1 22 20 -1.25475 0 94 -1.25475 1
gene 1 23 10 -6.80989 0 95 -6.80989 1
gene 1 23 11 -0.948858 0 96 -0.948858 1
gene 1 23 13 0.44511 0 98 0.44511 1
gene 1 23 14 -1.40778 0 99 -1.40778 1
gene 1 23 15 -2.25957 0 100 -2.25957 1
gene 1 23 16 -0.530808 0 101 -0.530808 1
gene 1 23 17 0.991177 0 102 0.991177 1
gene 1 23 18 -0.117546 0 103 -0.117546 1
gene 1 23 20 -1.74693 0 105 -1.74693 1
gene 1 25 10 -2.66805 0 117 -2.66805 1
gene 1 25 11 -0.247036 0 118 -0.247036 1
gene 1 25 12 -0.127178 0 119 -0.127178 1
gene 1 25 13 -1.31676 0 120 -1.31676 1
gene 1 25 14 3.20899 0 121 3.20899 1
gene 1 25 15 -2.29812 0 122 -2.29812 1
gene 1 25 16 4.6872 0 123 4.6872 1
gene 1 25 17 0.814346 0 124 0.814346 1
gene 1 25 18 -5.55061 0 125 -5.55061 1
gene 1 25 19 3.40436 0 126 3.40436 1
gene 1 25 20 -3.22635 0 127 -3.22635 1
gene 1 26 10 -2.59531 0 128 -2.59531 1
gene 1 26 11 -5.91105 0 129 -5.91105 1
gene 1 26 12 2.31445 0 130 2.31445 1
gene 1 26 13 -2.70819 0 131 -2.70819 1
gene 1 26 14 -0.743177 0 132 -0.743177 1
gene 1 26 15 3.91693 0 133 3.91693 1
gene 1 26 16 -4.11845 0 134 -4.11845 1
gene 1 26 18 6.7337 0 136 6.7337 1
gene 1 26 20 -2.18828 0 138 -2.18828 1
gene 1 27 11 0.535996 0 140 0.535996 1
gene 1 27 12 0.583274 0 141 0.583274 1
gene 1 27 13 -0.253982 0 142 -0.253982 1
gene 1 27 14 1.48738 0 143 1.48738 1
gene 1 27 15 1.61676 0 144 1.61676 1
gene 1 27 16 -2.62356 0 145 -2.62356 1
gene 1 27 17 -0.126064 0 146 -0.126064 1
gene 1 27 18 1.89015 0 147 1.89015 1
gene 1 27 19 1.12904 0 148 1.12904 1
gene 1 27 20 0.799763 0 149 0.799763 1
gene 1 27 26 -1.42723 0 631 -1.42723 1
gene 1 26 25 -1.42117 0 742 -1.42117 1
gene 1 14 17 -2.67276 0 1119 -2.67276 1
gene 1 16 10 -0.271464 0 1397 -0.271464 1
gene 1 10 15 0.426246 0 2088 0.426246 1
gene 1 23 107 1.71196 0 2200 1.71196 1
gene 1 107 19 2.07837 0 2201 2.07837 1
gene 1 20 12 1.02417 0 2668 1.02417 1
gene 1 2 16 -0.889496 0 2783 -0.889496 1
gene 1 14 14 -1.05274 1 3068 -1.05274 1
gene 1 13 13 1.16596 1 3314 1.16596 1
gene 1 18 17 2.37039 0 3641 2.37039 1
gene 1 20 19 3.22545 0 3847 3.22545 1
gene 1 20 14 1.00532 0 3885 1.00532 1
gene 1 6 19 -1.50613 0 4060 -1.50613 1
gene 1 8 16 1.42867 0 4341 1.42867 1
gene 1 18 18 -0.220288 1 4491 -0.220288 1
gene 1 20 20 1.26106 1 4609 1.26106 1
gene 1 25 25 0.0715916 1 4812 0.0715916 1
gene 1 19 107 -0.134234 1 4946 -0.134234 1
gene 1 16 11 0.685155 0 5419 0.685155 1
gene 1 17 19 -0.0709377 0 5748 -0.0709377 1
gene 1 2 11 0.123047 0 5881 0.123047 1
gene 1 11 11 -0.289294 1 6020 -0.289294 1
gene 1 27 107 -0.278048 0 6126 -0.278048 1
gene 1 3 241 1 0 6251 0 1
gene 1 241 22 1.50363 0 6252 0 1
genomeend 51
