/* Organism #260 Fitness: 1.007 Error: 0.993 */
genomestart 260
trait 1 0.129281 0.0983519 0.479121 0.145817 0.864406 0.377157 0.7568 0.153052 
node 1 1 0
node 2 1 1
node 3 1 1
node 4 1 1
node 5 1 1
node 6 1 1
node 7 1 1
node 8 1 1
node 9 1 1
node 10 1 2
node 11 1 2
node 12 1 2
node 13 1 2
node 14 1 2
node 15 1 2
node 16 1 2
node 17 1 2
node 18 1 2
node 19 1 2
node 20 1 2
node 21 1 3
node 22 1 3
node 23 1 3
node 25 1 3
node 26 1 3
node 27 1 3
node 107 1 3
gene 1 1 21 0.094629 0 1 0.094629 1
gene 1 1 22 0.186327 0 2 0.186327 1
gene 1 1 23 -0.481115 0 3 -0.481115 1
gene 1 1 25 2.01854 0 5 2.01854 1
gene 1 1 26 5.08897 0 6 5.08897 1
gene 1 1 27 1.58019 0 7 1.58019 1
gene 1 2 21 1.30296 0 9 1.30296 1
gene 1 2 22 0.137738 0 10 0.137738 1
gene 1 2 23 -2.7119 0 11 -2.7119 1
gene 1 2 25 -1.33288 0 13 -1.33288 1
gene 1 2 26 0.837084 0 14 0.837084 1
gene 1 2 27 -0.765863 0 15 -0.765863 1
gene 1 3 21 -0.0534774 0 17 -0.0534774 1
gene 1 3 22 4.08998 0 18 4.08998 1
gene 1 3 23 -2.8075 0 19 -2.8075 1
gene 1 3 25 -2.11108 0 21 -2.11108 1
gene 1 3 26 -0.199939 0 22 -0.199939 1
gene 1 3 27 -0.153816 0 23 -0.153816 1
gene 1 4 21 -0.588426 0 25 -0.588426 1
gene 1 4 23 1.50429 0 27 1.50429 1
gene 1 4 25 -4.1567 0 29 -4.1567 1
gene 1 4 26 1.68139 0 30 1.68139 1
gene 1 4 27 0.108571 0 31 0.108571 1
gene 1 5 21 -1.61743 0 33 -1.61743 1
gene 1 5 22 0.869108 0 34 0.869108 1
gene 1 5 23 -5.36611 0 35 -5.36611 1
gene 1 5 25 -0.581188 0 37 -0.581188 1
gene 1 5 26 -0.157691 0 38 -0.157691 1
gene 1 5 27 -2.30254 0 39 -2.30254 1
gene 1 6 21 -3.87908 0 41 -3.87908 1
gene 1 6 22 1.66258 0 42 1.66258 1
gene 1 6 23 -2.63955 0 43 -2.63955 1
gene 1 6 25 5.08327 0 45 5.08327 1
gene 1 6 26 3.43037 0 46 3.43037 1
gene 1 6 27 3.71671 0 47 3.71671 1
gene 1 7 21 1.47264 0 49 1.47264 1
gene 1 7 22 1.42685 0 50 1.42685 1
gene 1 7 23 5.11051 0 51 5.11051 1
gene 1 7 25 3.87458 0 53 3.87458 1
gene 1 7 26 -0.966272 0 54 -0.966272 1
gene 1 7 27 2.5664 0 55 2.5664 1
gene 1 8 21 -4.85511 0 57 -4.85511 1
gene 1 8 22 -7.3248 0 58 -7.3248 1
gene 1 8 23 4.59377 0 59 4.59377 1
gene 1 8 25 -0.427495 0 61 -0.427495 1
gene 1 8 26 -0.443078 0 62 -0.443078 1
gene 1 8 27 -2.46407 0 63 -2.46407 1
gene 1 9 21 -1.76793 0 65 -1.76793 1
gene 1 9 22 -2.18824 0 66 -2.18824 1
gene 1 9 23 -0.664977 0 67 -0.664977 1
gene 1 9 26 1.65186 0 70 1.65186 1
gene 1 9 27 2.76951 0 71 2.76951 1
gene 1 21 10 -4.08645 0 73 -4.08645 1
gene 1 21 11 4.44187 0 74 4.44187 1
gene 1 21 12 0.869938 0 75 0.869938 1
gene 1 21 13 0.872677 0 76 0.872677 1
gene 1 21 14 4.25662 0 77 4.25662 1
gene 1 21 15 -0.0581322 0 78 -0.0581322 1
gene 1 21 16 2.14301 0 79 2.14301 1
gene 1 21 18 3.7898 0 81 3.7898 1
gene 1 21 19 -2.33265 0 82 -2.33265 1
gene 1 21 20 0.11628 0 83 0.11628 1
gene 1 22 10 2.81963 0 84 2.81963 1
gene 1 22 11 1.54182 0 85 1.54182 1
gene 1 22 12 3.3547 0 86 3.3547 1
gene 1 22 13 -2.83033 0 87 -2.83033 1
gene 1 22 14 3.61159 0 88 3.61159 1
gene 1 22 15 0.182418 0 89 0.182418 1
gene 1 22 16 -6.60132 0 90 -6.60132 1
gene 1 22 17 -1.65064 0 91 -1.65064 1
gene 1 22 18 -0.96006 0 92 -0.96006 1
gene 1 22 19 -3.46132 0 93 -3.46132 1
gene 1 22 20 3.22844 0 94 3.22844 1
gene 1 23 10 -3.81902 0 95 -3.81902 1
gene 1 23 11 -0.949133 0 96 -0.949133 1
gene 1 23 12 0.648567 0 97 0.648567 1
gene 1 23 13 2.71082 0 98 2.71082 1
gene 1 23 14 -2.11959 0 99 -2.11959 1
gene 1 23 15 -3.48309 0 100 -3.48309 1
gene 1 23 16 -2.08224 0 101 -2.08224 1
gene 1 23 17 -3.08272 0 102 -3.08272 1
gene 1 23 18 3.61599 0 103 3.61599 1
gene 1 23 20 -3.10764 0 105 -3.10764 1
gene 1 25 10 -2.96252 0 117 -2.96252 1
gene 1 25 11 0.206215 0 118 0.206215 1
gene 1 25 12 2.02201 0 119 2.02201 1
gene 1 25 13 -0.655335 0 120 -0.655335 1
gene 1 25 14 3.26675 0 121 3.26675 1
gene 1 25 15 1.65814 0 122 1.65814 1
gene 1 25 16 -0.552578 0 123 -0.552578 1
gene 1 25 17 -1.17357 0 124 -1.17357 1
gene 1 25 18 -3.60862 0 125 -3.60862 1
gene 1 25 19 2.17459 0 126 2.17459 1
gene 1 25 20 -1.35844 0 127 -1.35844 1
gene 1 26 10 -4.23617 0 128 -4.23617 1
gene 1 26 11 -4.61081 0 129 -4.61081 1
gene 1 26 12 -0.943262 0 130 -0.943262 1
gene 1 26 13 -5.62164 0 131 -5.62164 1
gene 1 26 14 -0.908481 0 132 -0.908481 1
gene 1 26 15 -0.543193 0 133 -0.543193 1
gene 1 26 16 -4.62 0 134 -4.62 1
gene 1 26 17 4.05188 0 135 4.05188 1
gene 1 26 18 3.85392 0 136 3.85392 1
gene 1 26 19 -1.00459 0 137 -1.00459 1
gene 1 26 20 1.67661 0 138 1.67661 1
gene 1 27 10 -0.0713122 0 139 -0.0713122 1
gene 1 27 11 3.32108 0 140 3.32108 1
gene 1 27 12 1.40114 0 141 1.40114 1
gene 1 27 13 -2.08663 0 142 -2.08663 1
gene 1 27 14 -1.66975 0 143 -1.66975 1
gene 1 27 15 0.0460567 0 144 0.0460567 1
gene 1 27 16 -1.09501 0 145 -1.09501 1
gene 1 27 17 0.337003 0 146 0.337003 1
gene 1 27 18 -0.0798608 0 147 -0.0798608 1
gene 1 27 19 -1.12193 0 148 -1.12193 1
gene 1 27 20 -0.134064 0 149 -0.134064 1
gene 1 27 26 -0.683808 0 631 -0.683808 1
gene 1 26 25 -4.5322 0 742 -4.5322 1
gene 1 14 17 -1.08864 0 1119 -1.08864 1
gene 1 16 10 2.15096 0 1397 2.15096 1
gene 1 10 15 -0.470185 0 2088 -0.470185 1
gene 1 23 107 0.920303 0 2200 0.920303 1
gene 1 107 19 4.00251 0 2201 4.00251 1
gene 1 20 12 -1.95856 0 2668 -1.95856 1
gene 1 2 16 0.122342 0 2783 0.122342 1
gene 1 14 14 1.30126 1 3068 1.30126 1
gene 1 13 13 -1.29103 1 3314 -1.29103 1
gene 1 18 17 -1.27679 0 3641 -1.27679 1
gene 1 20 19 -1.55167 0 3847 -1.55167 1
gene 1 20 14 0.71227 0 3885 0.71227 1
gene 1 107 15 -0.502019 0 4029 -0.502019 1
gene 1 27 25 -1.64485 0 4357 -1.64485 1
genomeend 260
