/* Organism #169 Fitness: 1.008 Error: 0.992 */
genomestart 169
trait 1 0.863042 1 0.191735 0.561149 0.864406 0.277848 0.835112 0.0853041 
node 1 1 0
node 2 1 1
node 3 1 1
node 4 1 1
node 5 1 1
node 6 1 1
node 7 1 1
node 8 1 1
node 9 1 1
node 10 1 2
node 11 1 2
node 12 1 2
node 13 1 2
node 14 1 2
node 15 1 2
node 16 1 2
node 17 1 2
node 18 1 2
node 19 1 2
node 20 1 2
node 22 1 3
node 23 1 3
node 25 1 3
node 26 1 3
node 107 1 3
gene 1 1 22 2.83134 0 2 2.83134 1
gene 1 1 23 0.296008 0 3 0.296008 1
gene 1 1 25 -1.21247 0 5 -1.21247 1
gene 1 1 26 1.33297 0 6 1.33297 1
gene 1 2 22 2.33712 0 10 2.33712 1
gene 1 2 23 -4.07174 0 11 -4.07174 1
gene 1 2 25 -2.41558 0 13 -2.41558 1
gene 1 2 26 2.81599 0 14 2.81599 1
gene 1 3 22 5.8995 0 18 5.8995 1
gene 1 3 23 -1.78791 0 19 -1.78791 1
gene 1 3 25 2.685 0 21 2.685 1
gene 1 3 26 -0.421031 0 22 -0.421031 1
gene 1 4 23 1.56561 0 27 1.56561 1
gene 1 4 25 0.588712 0 29 0.588712 1
gene 1 4 26 6.3468 0 30 6.3468 1
gene 1 5 22 -2.68482 0 34 -2.68482 1
gene 1 5 23 -4.67844 0 35 -4.67844 1
gene 1 5 25 0.415777 0 37 0.415777 1
gene 1 5 26 4.15485 0 38 4.15485 1
gene 1 6 22 -1.14847 0 42 -1.14847 1
gene 1 6 23 -0.947779 0 43 -0.947779 1
gene 1 6 25 5.66429 0 45 5.66429 1
gene 1 7 23 0.662771 0 51 0.662771 1
gene 1 7 25 4.40214 0 53 4.40214 1
gene 1 7 26 0.73373 0 54 0.73373 1
gene 1 8 22 0.855274 0 58 0.855274 1
gene 1 8 23 3.61457 0 59 3.61457 1
gene 1 8 25 -4.826 0 61 -4.826 1
gene 1 8 26 -1.59298 0 62 -1.59298 1
gene 1 9 22 -0.248727 0 66 -0.248727 1
gene 1 9 23 0.257709 0 67 0.257709 1
gene 1 9 26 -0.205817 0 70 -0.205817 1
gene 1 22 10 0.861573 0 84 0.861573 1
gene 1 22 11 0.387776 0 85 0.387776 1
gene 1 22 12 0.110381 0 86 0.110381 1
gene 1 22 13 -0.343907 0 87 -0.343907 1
gene 1 22 14 -0.895723 0 88 -0.895723 1
gene 1 22 15 -0.96964 0 89 -0.96964 1
gene 1 22 16 0.588926 0 90 0.588926 1
gene 1 22 17 1.56124 0 91 1.56124 1
gene 1 22 18 -0.470623 0 92 -0.470623 1
gene 1 22 19 -5.65051 0 93 -5.65051 1
gene 1 22 20 -0.233183 0 94 -0.233183 1
gene 1 23 10 -6.7441 0 95 -6.7441 1
gene 1 23 11 -1.70847 0 96 -1.70847 1
gene 1 23 12 -0.406919 0 97 -0.406919 1
gene 1 23 13 -1.12095 0 98 -1.12095 1
gene 1 23 14 -6.59799 0 99 -6.59799 1
gene 1 23 15 -2.08578 0 100 -2.08578 1
gene 1 23 16 1.17821 0 101 1.17821 1
gene 1 23 17 -1.33565 0 102 -1.33565 1
gene 1 23 18 1.12955 0 103 1.12955 1
gene 1 23 20 0.115833 0 105 0.115833 1
gene 1 25 10 -1.51024 0 117 -1.51024 1
gene 1 25 11 -0.989485 0 118 -0.989485 1
gene 1 25 12 1.34326 0 119 1.34326 1
gene 1 25 13 1.4082 0 120 1.4082 1
gene 1 25 14 2.36047 0 121 2.36047 1
gene 1 25 15 0.19922 0 122 0.19922 1
gene 1 25 16 1.71198 0 123 1.71198 1
gene 1 25 17 0.480562 0 124 0.480562 1
gene 1 25 18 -6.30712 0 125 -6.30712 1
gene 1 25 19 1.59047 0 126 1.59047 1
gene 1 25 20 2.84932 0 127 2.84932 1
gene 1 26 10 0.789208 0 128 0.789208 1
gene 1 26 11 1.35848 0 129 1.35848 1
gene 1 26 12 -0.317802 0 130 -0.317802 1
gene 1 26 13 -4.53133 0 131 -4.53133 1
gene 1 26 14 1.96186 0 132 1.96186 1
gene 1 26 15 0.132054 0 133 0.132054 1
gene 1 26 16 -4.24124 0 134 -4.24124 1
gene 1 26 17 7.12879 0 135 7.12879 1
gene 1 26 18 8 0 136 8 1
gene 1 26 19 -0.303833 0 137 -0.303833 1
gene 1 26 20 -0.28837 0 138 -0.28837 1
gene 1 26 25 -1.65322 0 742 -1.65322 1
gene 1 14 17 0.220101 0 1119 0.220101 1
gene 1 16 10 0.391404 0 1397 0.391404 1
gene 1 10 15 -1.0039 0 2088 -1.0039 1
gene 1 23 107 -0.606835 0 2200 -0.606835 1
gene 1 107 19 4.07407 0 2201 4.07407 1
gene 1 20 12 -1.72921 0 2668 -1.72921 1
gene 1 2 16 -0.0815552 0 2783 -0.0815552 1
gene 1 14 14 1.67185 1 3068 1.67185 1
gene 1 13 13 -0.10499 1 3314 -0.10499 1
gene 1 18 17 -2.0407 0 3641 -2.0407 1
gene 1 20 19 -2.53919 0 3847 -2.53919 1
gene 1 20 14 1.2026 0 3885 1.2026 1
gene 1 107 16 1.18296 0 4032 1.18296 1
gene 1 6 13 0.734525 0 4145 0.734525 1
gene 1 107 11 -0.739138 0 4323 -0.739138 1
gene 1 1 12 -1.10107 0 4488 -1.10107 1
gene 1 107 17 0.470568 0 4851 0.470568 1
genomeend 169
