/* Organism #106 Fitness: 1.007 Error: 0.993 */
genomestart 106
trait 1 0.32671 0.0736281 0.0744423 0.0656045 0.956573 0.223315 0.82566 0 
node 1 1 0
node 2 1 1
node 3 1 1
node 4 1 1
node 5 1 1
node 6 1 1
node 7 1 1
node 8 1 1
node 9 1 1
node 10 1 2
node 11 1 2
node 12 1 2
node 13 1 2
node 14 1 2
node 15 1 2
node 16 1 2
node 17 1 2
node 18 1 2
node 19 1 2
node 20 1 2
node 21 1 3
node 23 1 3
node 24 1 3
node 25 1 3
node 26 1 3
node 27 1 3
node 28 1 3
node 214 1 3
gene 1 1 21 2.31081 0 1 2.31081 1
gene 1 1 23 1.03146 0 3 1.03146 1
gene 1 1 24 -2.97177 0 4 -2.97177 1
gene 1 1 25 3.35497 0 5 3.35497 1
gene 1 1 26 3.01404 0 6 3.01404 1
gene 1 1 27 -2.57604 0 7 -2.57604 1
gene 1 2 21 1.15298 0 9 1.15298 1
gene 1 2 23 0.0346243 0 11 0.0346243 1
gene 1 2 24 0.35745 0 12 0.35745 1
gene 1 2 25 -1.00686 0 13 -1.00686 1
gene 1 2 26 -2.20717 0 14 -2.20717 1
gene 1 2 27 -0.716207 0 15 -0.716207 1
gene 1 2 28 1.88579 0 16 1.88579 1
gene 1 3 21 0.0960366 0 17 0.0960366 1
gene 1 3 23 4.28164 0 19 4.28164 1
gene 1 3 24 2.85494 0 20 2.85494 1
gene 1 3 25 -4.87384 0 21 -4.87384 1
gene 1 3 26 5.69459 0 22 5.69459 1
gene 1 3 27 -5.12645 0 23 -5.12645 1
gene 1 3 28 3.96546 0 24 3.96546 1
gene 1 4 21 1.69744 0 25 1.69744 1
gene 1 4 23 2.90732 0 27 2.90732 1
gene 1 4 24 0.372865 0 28 0.372865 1
gene 1 4 25 -1.1936 0 29 -1.1936 1
gene 1 4 26 -0.135123 0 30 -0.135123 1
gene 1 4 27 -2.33448 0 31 -2.33448 1
gene 1 4 28 3.42854 0 32 3.42854 1
gene 1 5 21 -8 0 33 -8 1
gene 1 5 23 0.0979986 0 35 0.0979986 1
gene 1 5 24 -1.39505 0 36 -1.39505 1
gene 1 5 25 -4.7902 0 37 -4.7902 1
gene 1 5 26 -1.21135 0 38 -1.21135 1
gene 1 5 28 -0.856886 0 40 -0.856886 1
gene 1 6 21 0.109715 0 41 0.109715 1
gene 1 6 23 -1.62035 0 43 -1.62035 1
gene 1 6 25 0.698417 0 45 0.698417 1
gene 1 6 26 -3.40004 0 46 -3.40004 1
gene 1 6 27 -2.46961 0 47 -2.46961 1
gene 1 6 28 -1.80509 0 48 -1.80509 1
gene 1 7 21 -0.403934 0 49 -0.403934 1
gene 1 7 23 -0.121399 0 51 -0.121399 1
gene 1 7 24 -1.6559 0 52 -1.6559 1
gene 1 7 25 2.09054 0 53 2.09054 1
gene 1 7 26 2.16623 0 54 2.16623 1
gene 1 7 27 -1.40396 0 55 -1.40396 1
gene 1 7 28 2.30612 0 56 2.30612 1
gene 1 8 21 0.52366 0 57 0.52366 1
gene 1 8 23 -1.40838 0 59 -1.40838 1
gene 1 8 24 0.485699 0 60 0.485699 1
gene 1 8 25 -1.53089 0 61 -1.53089 1
gene 1 8 26 0.359654 0 62 0.359654 1
gene 1 8 27 0.203003 0 63 0.203003 1
gene 1 8 28 2.80248 0 64 2.80248 1
gene 1 9 21 -1.07228 0 65 -1.07228 1
gene 1 9 23 3.18507 0 67 3.18507 1
gene 1 9 24 -1.16492 0 68 -1.16492 1
gene 1 9 25 -1.62368 0 69 -1.62368 1
gene 1 9 26 2.11986 0 70 2.11986 1
gene 1 9 27 -2.15807 0 71 -2.15807 1
gene 1 9 28 -2.87092 0 72 -2.87092 1
gene 1 21 10 -4.77387 0 73 -4.77387 1
gene 1 21 11 -0.0797652 0 74 -0.0797652 1
gene 1 21 12 1.57715 0 75 1.57715 1
gene 1 21 13 2.24499 0 76 2.24499 1
gene 1 21 14 -4.14269 0 77 -4.14269 1
gene 1 21 15 0.305247 0 78 0.305247 1
gene 1 21 16 -4.13733 0 79 -4.13733 1
gene 1 21 17 -2.44436 0 80 -2.44436 1
gene 1 21 18 -2.60701 0 81 -2.60701 1
gene 1 21 19 3.03757 0 82 3.03757 1
gene 1 21 20 2.81767 0 83 2.81767 1
gene 1 23 10 -1.24013 0 95 -1.24013 1
gene 1 23 11 0.0558962 0 96 0.0558962 1
gene 1 23 12 -2.92463 0 97 -2.92463 1
gene 1 23 13 -3.68868 0 98 -3.68868 1
gene 1 23 14 -1.1771 0 99 -1.1771 1
gene 1 23 15 -0.642412 0 100 -0.642412 1
gene 1 23 16 -1.84892 0 101 -1.84892 1
gene 1 23 17 -1.75171 0 102 -1.75171 1
gene 1 23 18 2.35309 0 103 2.35309 1
gene 1 23 19 0.948474 0 104 0.948474 1
gene 1 23 20 -0.462207 0 105 -0.462207 1
gene 1 24 10 -4.6854 0 106 -4.6854 1
gene 1 24 11 -0.523036 0 107 -0.523036 1
gene 1 24 12 -3.20014 0 108 -3.20014 1
gene 1 24 13 2.98183 0 109 2.98183 1
gene 1 24 14 -0.42623 0 110 -0.42623 1
gene 1 24 15 5.61585 0 111 5.61585 1
gene 1 24 16 2.05157 0 112 2.05157 1
gene 1 24 17 -0.175452 0 113 -0.175452 1
gene 1 24 18 3.68952 0 114 3.68952 1
gene 1 24 19 1.75238 0 115 1.75238 1
gene 1 24 20 4.18644 0 116 4.18644 1
gene 1 25 10 -2.25397 0 117 -2.25397 1
gene 1 25 11 -0.882262 0 118 -0.882262 1
gene 1 25 12 -1.50506 0 119 -1.50506 1
gene 1 25 13 1.73859 0 120 1.73859 1
gene 1 25 14 0.0925357 0 121 0.0925357 1
gene 1 25 15 1.46855 0 122 1.46855 1
gene 1 25 16 7.51818 0 123 7.51818 1
gene 1 25 17 -1.67614 0 124 -1.67614 1
gene 1 25 18 4.67758 0 125 4.67758 1
gene 1 25 19 0.122418 0 126 0.122418 1
gene 1 25 20 3.55762 0 127 3.55762 1
gene 1 26 10 -2.39713 0 128 -2.39713 1
gene 1 26 12 3.17161 0 130 3.17161 1
gene 1 26 13 -5.8567 0 131 -5.8567 1
gene 1 26 14 2.20372 0 132 2.20372 1
gene 1 26 15 -0.448366 0 133 -0.448366 1
gene 1 26 16 5.56272 0 134 5.56272 1
gene 1 26 17 -2.40117 0 135 -2.40117 1
gene 1 26 18 -0.215966 0 136 -0.215966 1
gene 1 26 19 0.270033 0 137 0.270033 1
gene 1 26 20 -1.30646 0 138 -1.30646 1
gene 1 27 10 0.892192 0 139 0.892192 1
gene 1 27 11 0.0491433 0 140 0.0491433 1
gene 1 27 12 -3.72912 0 141 -3.72912 1
gene 1 27 13 2.38147 0 142 2.38147 1
gene 1 27 14 -1.25921 0 143 -1.25921 1
gene 1 27 15 0.818839 0 144 0.818839 1
gene 1 27 16 0.123966 0 145 0.123966 1
gene 1 27 17 -0.867304 0 146 -0.867304 1
gene 1 27 18 4.71429 0 147 4.71429 1
gene 1 27 19 1.09821 0 148 1.09821 1
gene 1 27 20 -0.33962 0 149 -0.33962 1
gene 1 28 10 -2.20309 0 150 -2.20309 1
gene 1 28 11 -2.18907 0 151 -2.18907 1
gene 1 28 12 -5.43781 0 152 -5.43781 1
gene 1 28 13 -0.848089 0 153 -0.848089 1
gene 1 28 14 4.43406 0 154 4.43406 1
gene 1 28 15 0.591745 0 155 0.591745 1
gene 1 28 16 -2.13944 0 156 -2.13944 1
gene 1 28 17 1.66596 0 157 1.66596 1
gene 1 28 18 0.707446 0 158 0.707446 1
gene 1 28 19 1.48436 0 159 1.48436 1
gene 1 28 20 -0.461042 0 160 -0.461042 1
gene 1 24 23 1.2846 0 729 1.2846 1
gene 1 9 13 1.01838 0 1055 1.01838 1
gene 1 17 15 -0.451646 0 2212 -0.451646 1
gene 1 19 19 -1.66334 1 2282 -1.66334 1
gene 1 19 12 -0.624877 0 2496 -0.624877 1
gene 1 3 10 -2.94638 0 2839 -2.94638 1
gene 1 11 11 1.67261 1 3061 1.67261 1
gene 1 25 23 -1.3 0 3176 -1.3 1
gene 1 11 15 0.387046 0 3297 0.387046 1
gene 1 19 17 0.00691796 0 4094 0.00691796 1
gene 1 28 21 -1.27799 0 4204 -1.27799 1
gene 1 16 16 0.653666 1 4311 0.653666 1
gene 1 4 19 -1.30626 0 4546 -1.30626 1
gene 1 7 16 0.417291 0 4630 0.417291 1
gene 1 9 19 -0.372403 0 4745 -0.372403 1
gene 1 26 214 1.52545 0 4834 1.52545 1
gene 1 214 11 -0.470165 0 4835 -0.470165 1
gene 1 28 28 -1.05537 1 4953 -1.05537 1
genomeend 106
