/* Organism #412 Fitness: 1.011 Error: 0.989 */
genomestart 412
trait 1 0.210903 0.887859 0.187897 0.356156 0.712757 0.306762 0.593222 0.738313 
node 1 1 0
node 2 1 1
node 3 1 1
node 4 1 1
node 5 1 1
node 6 1 1
node 7 1 1
node 8 1 1
node 9 1 1
node 10 1 2
node 11 1 2
node 12 1 2
node 13 1 2
node 14 1 2
node 15 1 2
node 16 1 2
node 17 1 2
node 18 1 2
node 19 1 2
node 20 1 2
node 21 1 3
node 23 1 3
node 26 1 3
node 27 1 3
gene 1 1 21 -5.01728 0 1 -5.01728 1
gene 1 1 23 1.94771 0 3 1.94771 1
gene 1 1 26 -0.954629 0 6 -0.954629 1
gene 1 1 27 1.1303 0 7 1.1303 1
gene 1 2 21 1.64143 0 9 1.64143 1
gene 1 2 23 -3.31613 0 11 -3.31613 1
gene 1 2 26 0.806505 0 14 0.806505 1
gene 1 2 27 1.55746 0 15 1.55746 1
gene 1 3 21 3.06431 0 17 3.06431 1
gene 1 3 23 3.70426 0 19 3.70426 1
gene 1 3 26 -0.51837 0 22 -0.51837 1
gene 1 3 27 7.49697 0 23 7.49697 1
gene 1 4 21 4.09934 0 25 4.09934 1
gene 1 4 23 0.317176 0 27 0.317176 1
gene 1 4 27 2.59108 0 31 2.59108 1
gene 1 5 21 0.115432 0 33 0.115432 1
gene 1 5 23 1.45028 0 35 1.45028 1
gene 1 5 26 1.48933 0 38 1.48933 1
gene 1 5 27 7.37141 0 39 7.37141 1
gene 1 6 21 -1.29473 0 41 -1.29473 1
gene 1 6 26 -1.92523 0 46 -1.92523 1
gene 1 7 21 -6.50696 0 49 -6.50696 1
gene 1 7 23 5.15561 0 51 5.15561 1
gene 1 7 27 0.54852 0 55 0.54852 1
gene 1 8 21 -3.24457 0 57 -3.24457 1
gene 1 8 23 2.28455 0 59 2.28455 1
gene 1 8 26 -1.96236 0 62 -1.96236 1
gene 1 8 27 1.35312 0 63 1.35312 1
gene 1 9 23 -1.02458 0 67 -1.02458 1
gene 1 9 26 4.92576 0 70 4.92576 1
gene 1 9 27 -5.75427 0 71 -5.75427 1
gene 1 21 10 0.486748 0 73 0.486748 1
gene 1 21 12 -2.08332 0 75 -2.08332 1
gene 1 21 13 -1.77181 0 76 -1.77181 1
gene 1 21 15 -2.65635 0 78 -2.65635 1
gene 1 21 16 -4.11271 0 79 -4.11271 1
gene 1 21 17 1.11444 0 80 1.11444 1
gene 1 21 18 -0.782812 0 81 -0.782812 1
gene 1 21 19 -0.012464 0 82 -0.012464 1
gene 1 21 20 -0.586109 0 83 -0.586109 1
gene 1 23 12 8 0 97 8 1
gene 1 23 13 0.372656 0 98 0.372656 1
gene 1 23 14 -1.3894 0 99 -1.3894 1
gene 1 23 15 1.94603 0 100 1.94603 1
gene 1 23 16 -0.679423 0 101 -0.679423 1
gene 1 23 17 0.517761 0 102 0.517761 1
gene 1 23 18 -4.20956 0 103 -4.20956 1
gene 1 23 19 1.32288 0 104 1.32288 1
gene 1 23 20 2.28336 0 105 2.28336 1
gene 1 26 10 -0.28246 0 128 -0.28246 1
gene 1 26 11 -2.55447 0 129 -2.55447 1
gene 1 26 12 -0.448431 0 130 -0.448431 1
gene 1 26 14 -0.0784202 0 132 -0.0784202 1
gene 1 26 15 -1.7424 0 133 -1.7424 1
gene 1 26 16 0.834588 0 134 0.834588 1
gene 1 26 17 0.916486 0 135 0.916486 1
gene 1 26 18 0.327146 0 136 0.327146 1
gene 1 26 20 0.76967 0 138 0.76967 1
gene 1 27 10 4.35878 0 139 4.35878 1
gene 1 27 11 0.330621 0 140 0.330621 1
gene 1 27 12 1.39632 0 141 1.39632 1
gene 1 27 13 0.00972118 0 142 0.00972118 1
gene 1 27 14 6.38578 0 143 6.38578 1
gene 1 27 15 -8 0 144 -8 1
gene 1 27 16 -0.421544 0 145 -0.421544 1
gene 1 27 17 0.984844 0 146 0.984844 1
gene 1 27 18 -1.95777 0 147 -1.95777 1
gene 1 27 19 -0.589279 0 148 -0.589279 1
gene 1 27 20 -0.394902 0 149 -0.394902 1
gene 1 13 20 3.64899 0 987 3.64899 1
gene 1 4 12 1.37675 0 1181 1.37675 1
gene 1 14 14 -0.105651 1 1303 -0.105651 1
gene 1 6 14 -0.411692 0 1670 -0.411692 1
gene 1 13 17 2.58471 0 2075 2.58471 1
gene 1 8 10 -0.926437 0 2296 -0.926437 1
gene 1 8 17 1.62573 0 2463 1.62573 1
gene 1 14 18 -2.9628 0 2717 -2.9628 1
gene 1 7 10 0.765276 0 2891 0.765276 1
gene 1 18 19 -2.09371 0 3765 -2.09371 1
gene 1 23 11 -2.53728 0 4904 -2.53728 1
gene 1 17 19 -0.0630206 0 4953 -0.0630206 1
gene 1 7 18 -1.68109 0 5840 -1.68109 1
gene 1 2 11 0.314014 0 6115 0.314014 1
genomeend 412
