/* Organism #368 Fitness: 1.007 Error: 0.993 */
genomestart 368
trait 1 0.3081 0.0524554 0.0911055 0.126535 0.765078 0.190946 0.819525 0.0335858 
node 1 1 0
node 2 1 1
node 3 1 1
node 4 1 1
node 5 1 1
node 6 1 1
node 7 1 1
node 8 1 1
node 9 1 1
node 10 1 2
node 11 1 2
node 12 1 2
node 13 1 2
node 14 1 2
node 15 1 2
node 16 1 2
node 17 1 2
node 18 1 2
node 19 1 2
node 20 1 2
node 23 1 3
node 24 1 3
node 26 1 3
node 27 1 3
node 38 1 3
node 134 1 3
gene 1 1 23 0.914323 0 3 0.914323 1
gene 1 1 24 1.43387 0 4 1.43387 1
gene 1 1 26 3.10342 0 6 3.10342 1
gene 1 1 27 2.89167 0 7 2.89167 1
gene 1 2 23 1.83024 0 11 1.83024 1
gene 1 2 24 0.549057 0 12 0.549057 1
gene 1 2 26 -1.59795 0 14 -1.59795 1
gene 1 2 27 -0.0980485 0 15 -0.0980485 1
gene 1 3 23 -6.00969 0 19 -6.00969 1
gene 1 3 26 -1.40118 0 22 -1.40118 1
gene 1 4 23 -3.62356 0 27 -3.62356 1
gene 1 4 24 0.399142 0 28 0.399142 1
gene 1 4 26 0.668472 0 30 0.668472 1
gene 1 4 27 -1.15422 0 31 -1.15422 1
gene 1 5 23 -4.98976 0 35 -4.98976 1
gene 1 5 24 -1.99189 0 36 -1.99189 1
gene 1 5 26 -3.00342 0 38 -3.00342 1
gene 1 5 27 2.63831 0 39 2.63831 1
gene 1 6 23 -0.805251 0 43 -0.805251 1
gene 1 6 24 -0.745248 0 44 -0.745248 1
gene 1 6 26 -0.258643 0 46 -0.258643 1
gene 1 6 27 -0.219468 0 47 -0.219468 1
gene 1 7 23 0.0793259 0 51 0.0793259 1
gene 1 7 24 2.21418 0 52 2.21418 1
gene 1 7 26 0.538162 0 54 0.538162 1
gene 1 7 27 -2.04625 0 55 -2.04625 1
gene 1 8 23 -1.01279 0 59 -1.01279 1
gene 1 8 24 1.36312 0 60 1.36312 1
gene 1 8 26 2.84186 0 62 2.84186 1
gene 1 9 24 -0.66555 0 68 -0.66555 1
gene 1 9 26 -1.66535 0 70 -1.66535 1
gene 1 9 27 -1.05342 0 71 -1.05342 1
gene 1 23 10 -1.96954 0 95 -1.96954 1
gene 1 23 11 1.61952 0 96 1.61952 1
gene 1 23 12 1.04947 0 97 1.04947 1
gene 1 23 13 6.18568 0 98 6.18568 1
gene 1 23 14 -0.557146 0 99 -0.557146 1
gene 1 23 15 -5.25621 0 100 -5.25621 1
gene 1 23 16 1.26744 0 101 1.26744 1
gene 1 23 17 -1.69861 0 102 -1.69861 1
gene 1 23 18 2.44433 0 103 2.44433 1
gene 1 23 19 3.99842 0 104 3.99842 1
gene 1 23 20 0.112 0 105 0.112 1
gene 1 24 10 0.322896 0 106 0.322896 1
gene 1 24 11 0.100183 0 107 0.100183 1
gene 1 24 12 1.84873 0 108 1.84873 1
gene 1 24 14 0.363259 0 110 0.363259 1
gene 1 24 15 -0.738722 0 111 -0.738722 1
gene 1 24 17 -3.84292 0 113 -3.84292 1
gene 1 24 18 -0.958609 0 114 -0.958609 1
gene 1 24 19 -1.36985 0 115 -1.36985 1
gene 1 24 20 0.14081 0 116 0.14081 1
gene 1 26 10 -1.69647 0 128 -1.69647 1
gene 1 26 12 4.86667 0 130 4.86667 1
gene 1 26 13 -0.185658 0 131 -0.185658 1
gene 1 26 14 0.163822 0 132 0.163822 1
gene 1 26 15 1.29573 0 133 1.29573 1
gene 1 26 17 -2.59389 0 135 -2.59389 1
gene 1 26 18 -5.36204 0 136 -5.36204 1
gene 1 26 19 -0.0595455 0 137 -0.0595455 1
gene 1 26 20 3.3208 0 138 3.3208 1
gene 1 27 11 -3.23778 0 140 -3.23778 1
gene 1 27 12 0.00154568 0 141 0.00154568 1
gene 1 27 13 -0.312836 0 142 -0.312836 1
gene 1 27 14 2.11449 0 143 2.11449 1
gene 1 27 16 3.24131 0 145 3.24131 1
gene 1 27 17 2.80089 0 146 2.80089 1
gene 1 27 18 0.404386 0 147 0.404386 1
gene 1 27 19 1.68511 0 148 1.68511 1
gene 1 27 38 0.0206027 0 537 0.0206027 1
gene 1 38 20 0.676211 0 538 0.676211 1
gene 1 7 18 1.57773 0 772 1.57773 1
gene 1 19 18 0.0302558 0 1097 0.0302558 1
gene 1 6 11 0.289331 0 1428 0.289331 1
gene 1 13 24 -0.784932 1 1713 -0.784932 1
gene 1 5 10 -3.15746 0 1829 -3.15746 1
gene 1 13 16 0.782828 0 2254 0.782828 1
gene 1 13 15 0.424023 0 2454 0.424023 1
gene 1 24 134 0.301983 0 2591 0.301983 1
gene 1 134 13 -1.01765 0 2592 -1.01765 1
gene 1 27 10 0.530285 0 3392 0.530285 1
gene 1 15 12 0.976075 0 4829 0.976075 1
gene 1 8 13 -0.842873 0 4894 -0.842873 1
gene 1 10 134 0.828824 0 5110 0.828824 1
gene 1 38 19 -0.636548 0 5395 -0.636548 1
gene 1 9 19 -0.949642 0 5902 -0.949642 1
gene 1 15 11 0.395099 0 6115 0.395099 1
gene 1 17 134 0.233696 0 6325 0.233696 1
gene 1 11 20 0.000247145 0 6424 0.000247145 1
gene 1 2 17 0.16687 0 6524 0.16687 1
gene 1 2 14 -0.353759 0 6731 -0.353759 1
gene 1 4 12 0.546725 0 6834 0.546725 1
gene 1 19 15 -0.250427 0 6967 -0.250427 1
gene 1 38 23 0.338951 0 7054 0.338951 1
gene 1 27 27 -0.499737 1 7187 -0.499737 1
gene 1 3 13 -0.68595 0 7417 -0.68595 1
gene 1 12 14 0.0897295 0 7567 0.0897295 1
genomeend 368
