/* Organism #463 Fitness: 1.006 Error: 0.994 */
genomestart 463
trait 1 0.0930739 0.688422 0.159839 0.0244635 0.958065 0.326959 0.620405 0.2 
node 1 1 0
node 2 1 1
node 3 1 1
node 4 1 1
node 5 1 1
node 6 1 1
node 7 1 1
node 8 1 1
node 9 1 1
node 10 1 2
node 11 1 2
node 12 1 2
node 13 1 2
node 14 1 2
node 15 1 2
node 16 1 2
node 17 1 2
node 18 1 2
node 19 1 2
node 20 1 2
node 21 1 3
node 23 1 3
node 25 1 3
gene 1 1 21 -2.11304 0 1 -2.11304 1
gene 1 1 23 -1.17236 0 3 -1.17236 1
gene 1 1 25 -2.45942 0 5 -2.45942 1
gene 1 2 21 -0.334296 0 9 -0.334296 1
gene 1 2 23 1.29717 0 11 1.29717 1
gene 1 3 21 -3.66702 0 17 -3.66702 1
gene 1 3 23 1.75874 0 19 1.75874 1
gene 1 3 25 -2.86692 0 21 -2.86692 1
gene 1 4 21 0.933265 0 25 0.933265 1
gene 1 4 23 0.535454 0 27 0.535454 1
gene 1 4 25 -1.53391 0 29 -1.53391 1
gene 1 5 21 -3.27954 0 33 -3.27954 1
gene 1 5 23 -5.57226 0 35 -5.57226 1
gene 1 5 25 4.94291 0 37 4.94291 1
gene 1 6 21 4.95974 0 41 4.95974 1
gene 1 6 23 0.269456 0 43 0.269456 1
gene 1 6 25 -0.493732 0 45 -0.493732 1
gene 1 7 21 -4.15676 0 49 -4.15676 1
gene 1 7 23 -0.335598 0 51 -0.335598 1
gene 1 7 25 0.741833 0 53 0.741833 1
gene 1 8 21 -3.80448 0 57 -3.80448 1
gene 1 8 23 0.316925 0 59 0.316925 1
gene 1 8 25 -1.43039 0 61 -1.43039 1
gene 1 9 21 -1.27776 0 65 -1.27776 1
gene 1 9 23 4.10342 0 67 4.10342 1
gene 1 9 25 2.85651 0 69 2.85651 1
gene 1 21 10 2.22429 0 73 2.22429 1
gene 1 21 11 -1.19419 0 74 -1.19419 1
gene 1 21 12 -0.311407 0 75 -0.311407 1
gene 1 21 13 2.03916 0 76 2.03916 1
gene 1 21 14 -1.79415 0 77 -1.79415 1
gene 1 21 15 -1.35879 0 78 -1.35879 1
gene 1 21 16 -1.1561 0 79 -1.1561 1
gene 1 21 17 -2.11435 0 80 -2.11435 1
gene 1 21 18 -2.77209 0 81 -2.77209 1
gene 1 21 19 0.407862 0 82 0.407862 1
gene 1 21 20 1.83356 0 83 1.83356 1
gene 1 23 10 -3.90312 0 95 -3.90312 1
gene 1 23 11 1.09897 0 96 1.09897 1
gene 1 23 12 1.8741 0 97 1.8741 1
gene 1 23 13 0.363305 0 98 0.363305 1
gene 1 23 15 1.75491 0 100 1.75491 1
gene 1 23 16 -0.38976 0 101 -0.38976 1
gene 1 23 18 3.83589 0 103 3.83589 1
gene 1 23 19 -1.79655 0 104 -1.79655 1
gene 1 23 20 -1.11839 0 105 -1.11839 1
gene 1 25 10 -1.07062 0 117 -1.07062 1
gene 1 25 11 -1.10715 0 118 -1.10715 1
gene 1 25 12 -0.208164 0 119 -0.208164 1
gene 1 25 13 -1.64369 0 120 -1.64369 1
gene 1 25 14 1.71179 0 121 1.71179 1
gene 1 25 15 1.56985 0 122 1.56985 1
gene 1 25 16 -0.60224 0 123 -0.60224 1
gene 1 25 17 1.08922 0 124 1.08922 1
gene 1 25 18 -4.78717 0 125 -4.78717 1
gene 1 25 19 -1.23708 0 126 -1.23708 1
gene 1 25 20 -1.63802 0 127 -1.63802 1
gene 1 9 14 1.09908 0 523 1.09908 1
gene 1 19 17 -1.62758 0 643 -1.62758 1
gene 1 12 19 -0.235367 0 878 -0.235367 1
gene 1 9 13 4.49422 0 1146 4.49422 1
gene 1 6 11 0.113249 0 1896 0.113249 1
gene 1 16 12 -1.35816 0 2231 -1.35816 1
gene 1 11 20 1.37674 0 2460 1.37674 1
genomeend 463
