/* Organism #77 Fitness: 1.01 Error: 0.99 */
genomestart 77
trait 1 0.398201 0.688422 0.159839 0 0.484281 0.477098 0.620405 0.2 
node 1 1 0
node 2 1 1
node 3 1 1
node 4 1 1
node 5 1 1
node 6 1 1
node 7 1 1
node 8 1 1
node 9 1 1
node 10 1 2
node 11 1 2
node 12 1 2
node 13 1 2
node 14 1 2
node 15 1 2
node 16 1 2
node 17 1 2
node 18 1 2
node 19 1 2
node 20 1 2
node 21 1 3
node 23 1 3
node 25 1 3
gene 1 1 21 -4.05541 0 1 -4.05541 1
gene 1 1 23 -0.875572 0 3 -0.875572 1
gene 1 1 25 1.06479 0 5 1.06479 1
gene 1 2 21 -0.380278 0 9 -0.380278 1
gene 1 2 23 -4.44784 0 11 -4.44784 1
gene 1 3 23 1.89503 0 19 1.89503 1
gene 1 3 25 -5.42063 0 21 -5.42063 1
gene 1 4 23 -1.15791 0 27 -1.15791 1
gene 1 4 25 -0.464386 0 29 -0.464386 1
gene 1 5 23 -5.66181 0 35 -5.66181 1
gene 1 5 25 1.87923 0 37 1.87923 1
gene 1 6 21 -0.898465 0 41 -0.898465 1
gene 1 6 25 2.58381 0 45 2.58381 1
gene 1 7 21 0.997703 0 49 0.997703 1
gene 1 7 23 -0.24696 0 51 -0.24696 1
gene 1 7 25 0.697297 0 53 0.697297 1
gene 1 8 21 0.261453 0 57 0.261453 1
gene 1 8 23 -0.292339 0 59 -0.292339 1
gene 1 8 25 4.78488 0 61 4.78488 1
gene 1 9 21 -4.02163 0 65 -4.02163 1
gene 1 9 23 6.21586 0 67 6.21586 1
gene 1 9 25 2.11249 0 69 2.11249 1
gene 1 21 10 1.69524 0 73 1.69524 1
gene 1 21 11 -0.931898 0 74 -0.931898 1
gene 1 21 12 -2.52695 0 75 -2.52695 1
gene 1 21 13 -1.16126 0 76 -1.16126 1
gene 1 21 14 -0.503871 0 77 -0.503871 1
gene 1 21 15 -3.31292 0 78 -3.31292 1
gene 1 21 16 -2.36425 0 79 -2.36425 1
gene 1 21 17 -0.612922 0 80 -0.612922 1
gene 1 21 18 -0.0255741 0 81 -0.0255741 1
gene 1 21 19 1.36798 0 82 1.36798 1
gene 1 21 20 0.694367 0 83 0.694367 1
gene 1 23 10 -7.70549 0 95 -7.70549 1
gene 1 23 11 1.07355 0 96 1.07355 1
gene 1 23 12 0.510152 0 97 0.510152 1
gene 1 23 13 0.133376 0 98 0.133376 1
gene 1 23 15 -0.868717 0 100 -0.868717 1
gene 1 23 16 1.28027 0 101 1.28027 1
gene 1 23 18 -0.162642 0 103 -0.162642 1
gene 1 23 19 -4.39925 0 104 -4.39925 1
gene 1 23 20 2.30691 0 105 2.30691 1
gene 1 25 10 -0.0786554 0 117 -0.0786554 1
gene 1 25 11 -1.00808 0 118 -1.00808 1
gene 1 25 12 -1.06598 0 119 -1.06598 1
gene 1 25 13 -4.42863 0 120 -4.42863 1
gene 1 25 14 1.7619 0 121 1.7619 1
gene 1 25 15 3.5995 0 122 3.5995 1
gene 1 25 16 1.2739 0 123 1.2739 1
gene 1 25 17 3.82932 0 124 3.82932 1
gene 1 25 18 -1.06982 0 125 -1.06982 1
gene 1 25 19 -1.28419 0 126 -1.28419 1
gene 1 25 20 -1.50864 0 127 -1.50864 1
gene 1 9 14 -0.519669 0 523 -0.519669 1
gene 1 19 17 0.00893258 0 643 0.00893258 1
gene 1 12 19 1.33532 0 878 1.33532 1
gene 1 9 13 3.48318 0 1146 3.48318 1
gene 1 6 11 0.354768 0 1896 0.354768 1
gene 1 16 12 -1.70003 0 2231 -1.70003 1
gene 1 11 20 -1.01174 0 2460 -1.01174 1
gene 1 25 23 1.53144 0 4636 1.53144 1
gene 1 12 10 -0.612585 0 5812 -0.612585 1
genomeend 77
