/* Organism #299 Fitness: 1.003 Error: 0.997 */
genomestart 299
trait 1 0.195263 0.229099 0.110485 0.368832 0.930629 0.226727 0.82126 6.68686e-05 
node 1 1 0
node 2 1 1
node 3 1 1
node 4 1 1
node 5 1 1
node 6 1 1
node 7 1 1
node 8 1 1
node 9 1 1
node 10 1 2
node 11 1 2
node 12 1 2
node 13 1 2
node 14 1 2
node 15 1 2
node 16 1 2
node 17 1 2
node 18 1 2
node 19 1 2
node 20 1 2
node 21 1 3
node 22 1 3
node 23 1 3
node 24 1 3
node 25 1 3
node 27 1 3
node 28 1 3
gene 1 1 21 2.02509 0 1 2.02509 1
gene 1 1 22 -1.06373 0 2 -1.06373 1
gene 1 1 23 0.987281 0 3 0.987281 1
gene 1 1 24 0.213805 0 4 0.213805 1
gene 1 1 25 -0.497382 0 5 -0.497382 1
gene 1 1 27 -1.67531 0 7 -1.67531 1
gene 1 1 28 -2.22706 0 8 -2.22706 1
gene 1 2 21 -0.10686 0 9 -0.10686 1
gene 1 2 22 1.16487 0 10 1.16487 1
gene 1 2 23 0.180005 0 11 0.180005 1
gene 1 2 24 -0.37667 0 12 -0.37667 1
gene 1 2 25 3.35052 0 13 3.35052 1
gene 1 2 27 0.0580016 0 15 0.0580016 1
gene 1 2 28 4.26529 0 16 4.26529 1
gene 1 3 21 0.488128 0 17 0.488128 1
gene 1 3 22 1.27165 0 18 1.27165 1
gene 1 3 23 -3.32223 0 19 -3.32223 1
gene 1 3 24 -2.98817 0 20 -2.98817 1
gene 1 3 25 1.23674 0 21 1.23674 1
gene 1 3 27 -0.0430458 0 23 -0.0430458 1
gene 1 3 28 0.0657459 0 24 0.0657459 1
gene 1 4 21 0.34535 0 25 0.34535 1
gene 1 4 22 -0.431366 0 26 -0.431366 1
gene 1 4 23 -1.62114 0 27 -1.62114 1
gene 1 4 24 -1.21055 0 28 -1.21055 1
gene 1 4 25 -2.28045 0 29 -2.28045 1
gene 1 4 27 -0.668977 0 31 -0.668977 1
gene 1 4 28 -2.58199 0 32 -2.58199 1
gene 1 5 21 -0.616059 0 33 -0.616059 1
gene 1 5 22 -3.10058 0 34 -3.10058 1
gene 1 5 23 -4.18556 0 35 -4.18556 1
gene 1 5 24 1.01009 0 36 1.01009 1
gene 1 5 25 -0.907741 0 37 -0.907741 1
gene 1 5 27 3.36353 0 39 3.36353 1
gene 1 5 28 -0.390012 0 40 -0.390012 1
gene 1 6 21 1.34319 0 41 1.34319 1
gene 1 6 22 0.025952 0 42 0.025952 1
gene 1 6 23 0.598085 0 43 0.598085 1
gene 1 6 24 -0.524741 0 44 -0.524741 1
gene 1 6 25 -2.02647 0 45 -2.02647 1
gene 1 6 27 0.573692 0 47 0.573692 1
gene 1 6 28 0.682236 0 48 0.682236 1
gene 1 7 21 -0.687591 0 49 -0.687591 1
gene 1 7 22 -1.31251 0 50 -1.31251 1
gene 1 7 23 -0.418366 0 51 -0.418366 1
gene 1 7 24 0.974868 0 52 0.974868 1
gene 1 7 25 2.13605 0 53 2.13605 1
gene 1 7 27 -0.535587 0 55 -0.535587 1
gene 1 7 28 0.117154 0 56 0.117154 1
gene 1 8 21 -1.12568 0 57 -1.12568 1
gene 1 8 22 0.455243 0 58 0.455243 1
gene 1 8 23 1.7263 0 59 1.7263 1
gene 1 8 24 0.901478 0 60 0.901478 1
gene 1 8 25 0.672398 0 61 0.672398 1
gene 1 8 27 0.835965 0 63 0.835965 1
gene 1 8 28 0.959945 0 64 0.959945 1
gene 1 9 21 -1.54218 0 65 -1.54218 1
gene 1 9 22 -0.681053 0 66 -0.681053 1
gene 1 9 23 -1.31683 0 67 -1.31683 1
gene 1 9 24 0.474923 0 68 0.474923 1
gene 1 9 25 2.8374 0 69 2.8374 1
gene 1 9 27 1.71772 0 71 1.71772 1
gene 1 9 28 -0.00390623 0 72 -0.00390623 1
gene 1 21 10 1.42818 0 73 1.42818 1
gene 1 21 11 -0.957773 0 74 -0.957773 1
gene 1 21 12 3.57784 0 75 3.57784 1
gene 1 21 13 -1.33617 0 76 -1.33617 1
gene 1 21 14 0.598862 0 77 0.598862 1
gene 1 21 15 -0.863367 0 78 -0.863367 1
gene 1 21 16 -0.204945 0 79 -0.204945 1
gene 1 21 17 -0.179556 0 80 -0.179556 1
gene 1 21 18 -0.847375 0 81 -0.847375 1
gene 1 21 19 2.60129 0 82 2.60129 1
gene 1 21 20 -2.0122 0 83 -2.0122 1
gene 1 22 10 1.35667 0 84 1.35667 1
gene 1 22 11 -0.60416 0 85 -0.60416 1
gene 1 22 12 -1.67452 0 86 -1.67452 1
gene 1 22 13 1.50404 0 87 1.50404 1
gene 1 22 14 0.843528 0 88 0.843528 1
gene 1 22 15 -1.65949 0 89 -1.65949 1
gene 1 22 16 -0.66156 0 90 -0.66156 1
gene 1 22 17 -0.67735 0 91 -0.67735 1
gene 1 22 18 3.50808 0 92 3.50808 1
gene 1 22 19 3.61299 0 93 3.61299 1
gene 1 22 20 -0.0415726 0 94 -0.0415726 1
gene 1 23 10 -1.41171 0 95 -1.41171 1
gene 1 23 11 -1.02887 0 96 -1.02887 1
gene 1 23 12 2.47233 0 97 2.47233 1
gene 1 23 13 -0.710997 0 98 -0.710997 1
gene 1 23 14 0.873146 0 99 0.873146 1
gene 1 23 15 1.18874 0 100 1.18874 1
gene 1 23 16 -0.105848 0 101 -0.105848 1
gene 1 23 17 0.510561 0 102 0.510561 1
gene 1 23 18 0.308275 0 103 0.308275 1
gene 1 23 19 0.551793 0 104 0.551793 1
gene 1 23 20 -0.362454 0 105 -0.362454 1
gene 1 24 10 0.502094 0 106 0.502094 1
gene 1 24 11 -0.567389 0 107 -0.567389 1
gene 1 24 12 -0.30723 0 108 -0.30723 1
gene 1 24 13 0.0949222 0 109 0.0949222 1
gene 1 24 14 0.228192 0 110 0.228192 1
gene 1 24 15 -0.825677 0 111 -0.825677 1
gene 1 24 16 -0.601149 0 112 -0.601149 1
gene 1 24 17 0.250853 0 113 0.250853 1
gene 1 24 18 0.55535 0 114 0.55535 1
gene 1 24 19 -2.73831 0 115 -2.73831 1
gene 1 24 20 -0.182438 0 116 -0.182438 1
gene 1 25 10 -0.943227 0 117 -0.943227 1
gene 1 25 11 3.0129 0 118 3.0129 1
gene 1 25 12 2.61697 0 119 2.61697 1
gene 1 25 13 -0.0295984 0 120 -0.0295984 1
gene 1 25 14 -1.27204 0 121 -1.27204 1
gene 1 25 15 0.500795 0 122 0.500795 1
gene 1 25 16 1.57597 0 123 1.57597 1
gene 1 25 17 -0.0646344 0 124 -0.0646344 1
gene 1 25 18 0.788926 0 125 0.788926 1
gene 1 25 19 1.5389 0 126 1.5389 1
gene 1 25 20 -2.5813 0 127 -2.5813 1
gene 1 27 10 1.33235 0 139 1.33235 1
gene 1 27 11 -1.79776 0 140 -1.79776 1
gene 1 27 12 -0.942036 0 141 -0.942036 1
gene 1 27 13 -0.843916 0 142 -0.843916 1
gene 1 27 14 0.167369 0 143 0.167369 1
gene 1 27 15 -0.859421 0 144 -0.859421 1
gene 1 27 16 0.979319 0 145 0.979319 1
gene 1 27 17 -0.113255 0 146 -0.113255 1
gene 1 27 18 0.618792 0 147 0.618792 1
gene 1 27 19 0.233631 0 148 0.233631 1
gene 1 27 20 -1.27078 0 149 -1.27078 1
gene 1 28 10 0.450119 0 150 0.450119 1
gene 1 28 11 1.37225 0 151 1.37225 1
gene 1 28 12 -2.25894 0 152 -2.25894 1
gene 1 28 13 1.05822 0 153 1.05822 1
gene 1 28 14 -1.8651 0 154 -1.8651 1
gene 1 28 15 -0.903349 0 155 -0.903349 1
gene 1 28 16 -2.10089 0 156 -2.10089 1
gene 1 28 17 0.862218 0 157 0.862218 1
gene 1 28 18 0.75087 0 158 0.75087 1
gene 1 28 19 -0.321082 0 159 -0.321082 1
gene 1 28 20 0.181556 0 160 0.181556 1
gene 1 18 18 -1.23363 1 699 -1.23363 1
gene 1 10 11 -1.81457 0 999 -1.81457 1
gene 1 17 22 2.14767 1 1090 2.14767 1
gene 1 16 22 1.40135 1 1385 1.40135 1
gene 1 2 14 0.0250831 0 1481 0.0250831 1
gene 1 3 17 -1.44128 0 1824 -1.44128 1
gene 1 22 22 -0.615076 1 1860 -0.615076 1
gene 1 21 24 0.462214 0 2384 0.462214 1
gene 1 27 27 0.231133 1 2513 0.231133 1
genomeend 299
