/* Organism #0 Fitness: 1.001 Error: 0.999 */
genomestart 0
trait 1 0.149081 0.0747968 0.128545 0.107977 0.908219 0.227115 0.795648 0 
node 1 1 0
node 2 1 1
node 3 1 1
node 4 1 1
node 5 1 1
node 6 1 1
node 7 1 1
node 8 1 1
node 9 1 1
node 10 1 2
node 11 1 2
node 12 1 2
node 13 1 3
node 14 1 3
node 15 1 3
node 16 1 3
node 17 1 3
node 18 1 3
node 19 1 3
node 20 1 3
gene 1 1 13 0.85438 0 1 0.85438 1
gene 1 1 14 0.871624 0 2 0.871624 1
gene 1 1 15 -0.618348 0 3 -0.618348 1
gene 1 1 16 0.97108 0 4 0.97108 1
gene 1 1 17 0.588355 0 5 0.588355 1
gene 1 1 18 -0.0338917 0 6 -0.0338917 1
gene 1 1 19 0.109334 0 7 0.109334 1
gene 1 1 20 0.129433 0 8 0.129433 1
gene 1 2 13 -0.0975496 0 9 -0.0975496 1
gene 1 2 14 0.464803 0 10 0.464803 1
gene 1 2 15 0.0391063 0 11 0.0391063 1
gene 1 2 16 -0.426546 0 12 -0.426546 1
gene 1 2 17 0.00724129 0 13 0.00724129 1
gene 1 2 18 0.654719 0 14 0.654719 1
gene 1 2 19 0.183505 0 15 0.183505 1
gene 1 2 20 -0.196043 0 16 -0.196043 1
gene 1 3 13 0.978241 0 17 0.978241 1
gene 1 3 14 -0.41692 0 18 -0.41692 1
gene 1 3 15 -0.114266 0 19 -0.114266 1
gene 1 3 16 -0.112451 0 20 -0.112451 1
gene 1 3 17 0.467891 0 21 0.467891 1
gene 1 3 18 0.643584 0 22 0.643584 1
gene 1 3 19 0.111537 0 23 0.111537 1
gene 1 3 20 0.287607 0 24 0.287607 1
gene 1 4 13 0.355723 0 25 0.355723 1
gene 1 4 14 0.317028 0 26 0.317028 1
gene 1 4 15 -0.16134 0 27 -0.16134 1
gene 1 4 16 0.339338 0 28 0.339338 1
gene 1 4 17 -0.170047 0 29 -0.170047 1
gene 1 4 18 0.799545 0 30 0.799545 1
gene 1 4 19 0.589455 0 31 0.589455 1
gene 1 4 20 0.242092 0 32 0.242092 1
gene 1 5 13 0.269953 0 33 0.269953 1
gene 1 5 14 -0.674434 0 34 -0.674434 1
gene 1 5 15 -0.572404 0 35 -0.572404 1
gene 1 5 16 -0.78262 0 36 -0.78262 1
gene 1 5 17 -0.905482 0 37 -0.905482 1
gene 1 5 18 -0.160239 0 38 -0.160239 1
gene 1 5 19 -0.04385 0 39 -0.04385 1
gene 1 5 20 0.424461 0 40 0.424461 1
gene 1 6 13 0.156958 0 41 0.156958 1
gene 1 6 14 0.219464 0 42 0.219464 1
gene 1 6 15 0.411328 0 43 0.411328 1
gene 1 6 16 -0.026478 0 44 -0.026478 1
gene 1 6 17 -0.855367 0 45 -0.855367 1
gene 1 6 18 -0.670394 0 46 -0.670394 1
gene 1 6 19 -0.581811 0 47 -0.581811 1
gene 1 6 20 0.880526 0 48 0.880526 1
gene 1 7 13 -0.423743 0 49 -0.423743 1
gene 1 7 14 0.774767 0 50 0.774767 1
gene 1 7 15 0.538943 0 51 0.538943 1
gene 1 7 16 -0.605248 0 52 -0.605248 1
gene 1 7 17 -0.0918534 0 53 -0.0918534 1
gene 1 7 18 0.477638 0 54 0.477638 1
gene 1 7 19 0.877858 0 55 0.877858 1
gene 1 7 20 -0.864755 0 56 -0.864755 1
gene 1 8 13 0.371721 0 57 0.371721 1
gene 1 8 14 0.0848162 0 58 0.0848162 1
gene 1 8 15 0.967478 0 59 0.967478 1
gene 1 8 16 -0.936945 0 60 -0.936945 1
gene 1 8 17 -0.904498 0 61 -0.904498 1
gene 1 8 18 0.00686577 0 62 0.00686577 1
gene 1 8 19 -0.298688 0 63 -0.298688 1
gene 1 8 20 -0.737283 0 64 -0.737283 1
gene 1 9 13 0.40252 0 65 0.40252 1
gene 1 9 14 -0.839151 0 66 -0.839151 1
gene 1 9 15 0.815954 0 67 0.815954 1
gene 1 9 16 0.988978 0 68 0.988978 1
gene 1 9 17 0.723209 0 69 0.723209 1
gene 1 9 18 0.261083 0 70 0.261083 1
gene 1 9 19 -0.477081 0 71 -0.477081 1
gene 1 9 20 -0.968553 0 72 -0.968553 1
gene 1 13 10 -0.695397 0 73 -0.695397 1
gene 1 13 11 0.146403 0 74 0.146403 1
gene 1 13 12 0.127838 0 75 0.127838 1
gene 1 14 10 0.308526 0 76 0.308526 1
gene 1 14 11 -0.699914 0 77 -0.699914 1
gene 1 14 12 -0.953278 0 78 -0.953278 1
gene 1 15 10 0.750875 0 79 0.750875 1
gene 1 15 11 0.717161 0 80 0.717161 1
gene 1 15 12 -0.163736 0 81 -0.163736 1
gene 1 16 10 0.773645 0 82 0.773645 1
gene 1 16 11 0.183274 0 83 0.183274 1
gene 1 16 12 -0.0145664 0 84 -0.0145664 1
gene 1 17 10 0.780882 0 85 0.780882 1
gene 1 17 11 -0.311631 0 86 -0.311631 1
gene 1 17 12 0.672068 0 87 0.672068 1
gene 1 18 10 -0.316025 0 88 -0.316025 1
gene 1 18 11 -0.440844 0 89 -0.440844 1
gene 1 18 12 -0.263864 0 90 -0.263864 1
gene 1 19 10 0.322144 0 91 0.322144 1
gene 1 19 11 -0.235349 0 92 -0.235349 1
gene 1 19 12 0.289854 0 93 0.289854 1
gene 1 20 10 0.486032 0 94 0.486032 1
gene 1 20 11 0.449365 0 95 0.449365 1
gene 1 20 12 -0.299159 0 96 -0.299159 1
genomeend 0
