60
0 21 95 82 56 41 6 25 10 4 63 6 44 40 75 79 0 89 35 9 1 85 84 12 0 26 91 11 35 82 26 69 56 86 45 91 59 18 76 39 18 57 36 61 36 21 71 11 29 82 82 6 71 8 77 74 30 89 76 76
21 0 40 54 83 14 71 77 36 53 37 26 87 76 91 13 29 11 77 32 87 67 94 79 2 10 99 56 70 99 60 4 56 2 60 72 74 46 13 20 86 4 77 15 89 48 14 89 44 59 22 57 63 6 0 62 41 62 46 25
95 40 0 17 68 27 21 6 67 26 82 44 35 3 62 8 51 1 91 39 87 72 45 96 7 87 68 33 3 21 90 45 47 25 30 43 97 33 35 61 42 36 43 7 84 6 0 0 48 62 59 29 94 82 29 3 3 51 67 39
82 54 17 0 28 31 75 1 95 7 92 69 62 32 97 5 39 50 82 93 71 35 14 20 74 49 50 37 79 19 51 70 42 26 79 98 60 35 9 96 70 21 37 37 67 93 93 39 2 52 26 90 26 1 68 93 7 94 19 54
56 83 68 28 0 12 91 63 70 1 22 49 24 58 62 49 94 92 63 13 45 22 69 70 18 1 44 32 3 72 99 34 45 18 96 82 79 75 83 43 26 81 39 66 22 71 58 42 91 56 27 56 28 64 98 69 69 93 35 41
41 14 27 31 12 0 15 99 64 57 84 83 61 25 41 8 46 52 22 33 68 52 28 75 99 6 85 65 47 90 24 79 70 28 19 87 80 4 21 34 12 20 67 24 94 10 64 52 92 49 68 65 66 28 81 17 58 99 90 70
6 71 21 75 91 15 0 91 74 82 96 2 13 4 4 35 48 29 42 56 3 30 60 81 37 42 3 17 25 37 26 88 95 55 53 62 22 44 86 43 43 40 36 53 34 59 43 50 58 62 43 9 22 64 46 68 53 8 30 30
25 77 6 1 63 99 91 0 48 22 85 23 3 30 12 98 69 29 61 34 53 98 94 33 77 31 54 71 78 8 78 50 76 56 80 72 26 20 57 39 68 55 71 19 32 87 41 94 21 21 20 61 13 5 46 97 61 8 92 33
10 36 67 95 70 64 74 48 0 33 99 40 29 60 95 28 44 30 88 66 9 41 3 4 63 61 87 34 28 55 63 10 78 17 90 0 66 62 30 76 0 91 62 73 38 49 85 86 88 13 71 46 75 98 53 52 10 84 70 44
4 53 26 7 1 57 82 22 33 0 53 20 47 17 66 60 86 14 52 27 77 5 37 27 53 88 84 63 1 26 18 85 59 24 64 81 12 72 32 64 18 79 23 56 63 2 78 3 32 3 2 18 89 50 69 66 20 97 52 81
63 37 82 92 22 84 96 85 99 53 0 87 55 48 63 81 55 12 28 79 62 63 11 56 0 10 34 1 75 62 33 68 51 53 80 84 40 3 32 27 32 61 27 92 25 2 15 9 30 0 97 24 14 10 84 56 83 0 16 67
6 26 44 69 49 83 2 23 40 20 87 0 3 5 26 36 92 8 94 75 8 64 73 47 68 78 8 40 6 31 85 47 96 5 98 44 86 0 93 53 16 87 94 23 61 80 35 17 45 51 26 54 59 57 25 99 87 34 79 24
44 87 35 62 24 61 13 3 29 47 55 3 0 24 94 53 66 98 6 98 30 31 41 74 23 56 15 63 91 67 10 63 5 20 27 20 15 75 56 89 93 60 37 44 41 76 25 6 62 60 51 57 79 34 41 82 95 15 94 12
40 76 3 32 58 25 4 30 60 17 48 5 24 0 29 74 7 30 64 45 13 7 96 98 47 0 60 94 53 6 97 20 94 42 4 30 25 64 12 44 74 96 54 44 32 74 5 84 4 44 64 68 38 35 29 11 39 69 85 79
75 91 62 97 62 41 4 12 95 66 63 26 94 29 0 23 44 0 39 53 80 33 43 99 80 98 61 46 15 4 33 66 6 77 84 82 33 12 24 91 45 83 85 44 45 51 78 88 31 3 42 34 46 71 12 80 15 81 21 54
79 13 8 5 49 8 35 98 28 60 81 36 53 74 23 0 97 32 73 94 16 2 30 89 9 89 0 90 9 2 79 37 54 71 49 19 9 29 53 17 79 33 12 6 9 18 80 29 45 9 81 2 97 39 92 76 21 69 1 24
0 29 51 39 94 46 48 69 44 86 55 92 66 7 44 97 0 11 10 49 1 47 85 13 41 22 65 61 42 33 77 91 12 91 56 35 45 31 45 25 58 7 86 58 24 6 37 69 57 6 50 87 63 85 35 20 72 91 86 11
89 11 1 50 92 52 29 29 30 14 12 8 98 30 0 32 11 0 9 93 47 40 55 3 55 81 58 29 44 33 30 48 3 80 43 88 43 17 27 56 4 86 32 76 6 41 55 32 41 20 61 75 46 60 10 38 99 62 70 30
35 77 91 82 63 22 42 61 88 52 28 94 6 64 39 73 10 9 0 67 68 65 78 33 92 21 34 27 9 26 79 33 1 22 2 10 27 38 25 59 44 28 72 91 32 30 55 30 3 57 9 34 94 18 7 17 85 28 38 40
9 32 39 93 13 33 56 34 66 27 79 75 98 45 53 94 49 93 67 0 10 6 35 25 75 56 78 92 4 92 98 29 9 79 98 86 40 18 53 12 48 71 15 87 79 94 1 97 40 31 87 97 57 26 41 21 51 38 82 68
1 87 87 71 45 68 3 53 9 77 62 8 30 13 80 16 1 47 68 10 0 85 26 5 62 3 26 46 91 49 27 73 21 58 3 21 27 57 83 30 60 94 44 97 94 66 5 36 21 99 83 28 2 26 60 34 76 64 87 53
85 67 72 35 22 52 30 98 41 5 63 64 31 7 33 2 47 40 65 6 85 0 25 18 48 95 78 77 90 23 9 85 55 54 66 11 57 69 81 99 83 16 40 23 10 67 58 30 4 4 39 58 31 92 11 53 97 56 53 64
84 94 45 14 69 28 60 94 3 37 11 73 41 96 43 30 85 55 78 35 26 25 0 18 5 90 69 61 57 4 75 3 37 27 3 80 24 14 91 48 55 9 62 70 76 99 57 83 84 64 74 13 17 47 96 86 14 84 7 30
12 79 96 20 70 75 81 33 4 27 56 47 74 98 99 89 13 3 33 25 5 18 18 0 68 20 78 45 99 9 16 22 83 46 86 17 66 45 3 13 3 19 88 49 84 57 93 76 49 29 25 36 24 95 48 11 58 17 45 19
0 2 7 74 18 99 37 77 63 53 0 68 23 47 80 9 41 55 92 75 62 48 5 68 0 48 3 92 92 71 44 4 98 93 16 78 10 15 88 81 92 45 61 38 28 94 86 22 0 55 91 67 91 3 60 38 24 90 93 12
26 10 87 49 1 6 42 31 61 88 10 78 56 0 98 89 22 81 21 56 3 95 90 20 48 0 70 89 54 96 62 46 60 18 97 12 6 43 6 73 14 66 69 97 32 97 63 72 27 3 86 77 94 8 56 28 79 54 73 65
91 99 68 50 44 85 3 54 87 84 34 8 15 60 61 0 65 58 34 78 26 78 69 78 3 70 0 1 44 89 5 2 0 42 81 57 75 58 10 1 35 29 88 9 87 21 30 8 42 91 26 2 74 99 63 83 70 84 83 12
11 56 33 37 32 65 17 71 34 63 1 40 63 94 46 90 61 29 27 92 46 77 61 45 92 89 1 0 46 69 17 47 96 14 18 57 44 25 29 97 27 86 68 22 74 21 30 66 48 73 17 45 13 91 81 66 7 89 55 71
35 70 3 79 3 47 25 78 28 1 75 6 91 53 15 9 42 44 9 4 91 90 57 99 92 54 44 46 0 21 46 25 89 22 98 78 50 90 81 17 39 58 49 51 26 96 28 22 54 83 93 21 79 44 22 62 95 39 50 99
82 99 21 19 72 90 37 8 55 26 62 31 67 6 4 2 33 33 26 92 49 23 4 9 71 96 89 69 21 0 21 31 21 21 3 87 72 25 15 35 56 91 15 69 54 72 69 21 2 91 43 24 35 98 4 96 54 67 79 51
26 60 90 51 99 24 26 78 63 18 33 85 10 97 33 79 77 30 79 98 27 9 75 16 44 62 5 17 46 21 0 98 0 16 73 18 1 2 69 18 91 92 63 53 52 23 79 97 5 66 86 3 86 99 13 1 30 69 75 87
69 4 45 70 34 79 88 50 10 85 68 47 63 20 66 37 91 48 33 29 73 85 3 22 4 46 2 47 25 31 98 0 90 58 90 24 96 62 71 12 52 30 29 69 90 69 48 10 94 57 3 20 87 17 37 69 96 57 76 64
56 56 47 42 45 70 95 76 78 59 51 96 5 94 6 54 12 3 1 9 21 55 37 83 98 60 0 96 89 21 0 90 0 41 26 94 68 79 52 96 15 84 18 81 45 78 84 93 25 31 95 71 70 47 27 17 40 71 10 82
86 2 25 26 18 28 55 56 17 24 53 5 20 42 77 71 91 80 22 79 58 54 27 46 93 18 42 14 22 21 16 58 41 0 46 2 10 46 50 25 36 22 12 22 92 92 66 51 51 57 55 39 16 79 77 64 57 33 90 78
45 60 30 79 96 19 53 80 90 64 80 98 27 4 84 49 56 43 2 98 3 66 3 86 16 97 81 18 98 3 73 90 26 46 0 72 98 80 3 37 50 35 31 37 42 49 15 20 41 35 74 26 89 5 67 17 17 67 8 84
91 72 43 98 82 87 62 72 0 81 84 44 20 30 82 19 35 88 10 86 21 11 80 17 78 12 57 57 78 87 18 24 94 2 72 0 65 63 96 64 76 85 30 23 64 96 23 49 74 73 35 75 14 16 31 8 16 80 74 42
59 74 97 60 79 80 22 26 66 12 40 86 15 25 33 9 45 43 27 40 27 57 24 66 10 6 75 44 50 72 1 96 68 10 98 65 0 25 76 39 89 52 52 3 0 28 51 66 1 61 36 13 54 73 42 9 54 82 27 73
18 46 33 35 75 4 44 20 62 72 3 0 75 64 12 29 31 17 38 18 57 69 14 45 15 43 58 25 90 25 2 62 79 46 80 63 25 0 72 58 3 70 25 94 3 17 49 9 64 19 87 97 16 63 4 16 18 78 57 36
76 13 35 9 83 21 86 57 30 32 32 93 56 12 24 53 45 27 25 53 83 81 91 3 88 6 10 29 81 15 69 71 52 50 3 96 76 72 0 29 34 40 40 97 25 23 22 13 13 47 31 85 96 26 57 77 77 46 22 13
39 20 61 96 43 34 43 39 76 64 27 53 89 44 91 17 25 56 59 12 30 99 48 13 81 73 1 97 17 35 18 12 96 25 37 64 39 58 29 0 67 90 85 76 20 19 39 36 17 85 22 20 80 15 55 32 32 20 23 75
18 86 42 70 26 12 43 68 0 18 32 16 93 74 45 79 58 4 44 48 60 83 55 3 92 14 35 27 39 56 91 52 15 36 50 76 89 3 34 67 0 9 66 95 83 42 26 88 93 65 85 87 87 75 33 40 80 93 53 74
57 4 36 21 81 20 40 55 91 79 61 87 60 96 83 33 7 86 28 71 94 16 9 19 45 66 29 86 58 91 92 30 84 22 35 85 52 70 40 90 9 0 28 89 7 20 5 43 0 63 46 19 72 45 33 36 14 2 82 55
36 77 43 37 39 67 36 71 62 23 27 94 37 54 85 12 86 32 72 15 44 40 62 88 61 69 88 68 49 15 63 29 18 12 31 30 52 25 40 85 66 28 0 44 20 26 11 82 43 76 85 64 54 18 72 84 26 28 3 65
61 15 7 37 66 24 53 19 73 56 92 23 44 44 44 6 58 76 91 87 97 23 70 49 38 97 9 22 51 69 53 69 81 22 37 23 3 94 97 76 95 89 44 0 19 45 87 94 77 16 71 19 22 85 24 71 5 75 17 95
36 89 84 67 22 94 34 32 38 63 25 61 41 32 45 9 24 6 32 79 94 10 76 84 28 32 87 74 26 54 52 90 45 92 42 64 0 3 25 20 83 7 20 19 0 50 77 81 1 39 57 94 21 20 93 71 36 27 55 88
21 48 6 93 71 10 59 87 49 2 2 80 76 74 51 18 6 41 30 94 66 67 99 57 94 97 21 21 96 72 23 69 78 92 49 96 28 17 23 19 42 20 26 45 50 0 47 85 77 72 62 93 37 74 40 14 56 86 51 54
71 14 0 93 58 64 43 41 85 78 15 35 25 5 78 80 37 55 55 1 5 58 57 93 86 63 30 30 28 69 79 48 84 66 15 23 51 49 22 39 26 5 11 87 77 47 0 7 25 96 2 66 12 68 45 42 70 19 64 2
11 89 0 39 42 52 50 94 86 3 9 17 6 84 88 29 69 32 30 97 36 30 83 76 22 72 8 66 22 21 97 10 93 51 20 49 66 9 13 36 88 43 82 94 81 85 7 0 83 33 96 76 64 93 19 29 56 20 0 56
29 44 48 2 91 92 58 21 88 32 30 45 62 4 31 45 57 41 3 40 21 4 84 49 0 27 42 48 54 2 5 94 25 51 41 74 1 64 13 17 93 0 43 77 1 77 25 83 0 89 3 47 12 49 27 19 47 91 46 47
82 59 62 52 56 49 62 21 13 3 0 51 60 44 3 9 6 20 57 31 99 4 64 29 55 3 91 73 83 91 66 57 31 57 35 73 61 19 47 85 65 63 76 16 39 72 96 33 89 0 69 31 96 4 73 59 59 53 46 43
82 22 59 26 27 68 43 20 71 2 97 26 51 64 42 81 50 61 9 87 83 39 74 25 91 86 26 17 93 43 86 3 95 55 74 35 36 87 31 22 85 46 85 71 57 62 2 96 3 69 0 49 94 16 97 59 24 40 78 31
6 57 29 90 56 65 9 61 46 18 24 54 57 68 34 2 87 75 34 97 28 58 13 36 67 77 2 45 21 24 3 20 71 39 26 75 13 97 85 20 87 19 64 19 94 93 66 76 47 31 49 0 17 71 36 51 60 0 48 64
71 63 94 26 28 66 22 13 75 89 14 59 79 38 46 97 63 46 94 57 2 31 17 24 91 94 74 13 79 35 86 87 70 16 89 14 54 16 96 80 87 72 54 22 21 37 12 64 12 96 94 17 0 8 36 68 21 77 32 7
8 6 82 1 64 28 64 5 98 50 10 57 34 35 71 39 85 60 18 26 26 92 47 95 3 8 99 91 44 98 99 17 47 79 5 16 73 63 26 15 75 45 18 85 20 74 68 93 49 4 16 71 8 0 30 31 80 10 60 26
77 0 29 68 98 81 46 46 53 69 84 25 41 29 12 92 35 10 7 41 60 11 96 48 60 56 63 81 22 4 13 37 27 77 67 31 42 4 57 55 33 33 72 24 93 40 45 19 27 73 97 36 36 30 0 21 44 78 4 61
74 62 3 93 69 17 68 97 52 66 56 99 82 11 80 76 20 38 17 21 34 53 86 11 38 28 83 66 62 96 1 69 17 64 17 8 9 16 77 32 40 36 84 71 71 14 42 29 19 59 59 51 68 31 21 0 23 47 30 16
30 41 3 7 69 58 53 61 10 20 83 87 95 39 15 21 72 99 85 51 76 97 14 58 24 79 70 7 95 54 30 96 40 57 17 16 54 18 77 32 80 14 26 5 36 56 70 56 47 59 24 60 21 80 44 23 0 44 57 88
89 62 51 94 93 99 8 8 84 97 0 34 15 69 81 69 91 62 28 38 64 56 84 17 90 54 84 89 39 67 69 57 71 33 67 80 82 78 46 20 93 2 28 75 27 86 19 20 91 53 40 0 77 10 78 47 44 0 96 36
76 46 67 19 35 90 30 92 70 52 16 79 94 85 21 1 86 70 38 82 87 53 7 45 93 73 83 55 50 79 75 76 10 90 8 74 27 57 22 23 53 82 3 17 55 51 64 0 46 46 78 48 32 60 4 30 57 96 0 91
76 25 39 54 41 70 30 33 44 81 67 24 12 79 54 24 11 30 40 68 53 64 30 19 12 65 12 71 99 51 87 64 82 78 84 42 73 36 13 75 74 55 65 95 88 54 2 56 47 43 31 64 7 26 61 16 88 36 91 0
0 74 37 4 31 61 38 97 56 8 53 12 47 5 70 18 97 40 0 56 60 61 13 90 76 11 89 37 34 91 69 54 48 56 84 21 51 42 50 61 61 9 87 99 39 91 63 62 52 32 15 57 39 80 75 8 56 84 87 42
74 0 7 74 86 79 24 79 62 79 91 98 30 39 93 3 21 11 89 8 82 28 31 1 0 13 55 46 31 25 59 79 44 0 11 75 78 98 42 53 66 23 35 7 50 86 92 99 7 56 97 28 93 5 7 86 79 62 80 27
37 7 0 61 27 7 27 37 46 85 22 19 56 40 1 13 97 37 57 23 39 62 0 27 17 94 66 86 23 58 13 64 66 8 75 28 61 59 91 85 33 86 13 73 42 0 6 12 94 80 52 20 22 55 68 22 49 90 38 33
4 74 61 0 54 47 85 70 82 38 91 82 84 16 5 54 87 85 3 71 85 87 60 98 3 99 52 20 33 53 63 17 45 28 43 41 80 4 30 18 8 92 98 43 50 7 30 14 47 30 80 83 19 83 69 48 93 38 12 88
31 86 27 54 0 73 2 56 72 80 82 35 98 90 46 10 46 65 83 75 46 60 27 59 21 71 49 35 87 7 24 75 73 80 5 5 33 79 9 92 65 25 72 41 18 6 40 33 64 4 24 89 95 57 83 27 34 74 4 5
61 79 7 47 73 0 85 21 83 18 43 60 88 14 26 10 15 55 59 80 53 92 22 55 78 12 89 1 16 97 41 11 47 46 16 43 15 91 94 73 88 11 57 25 23 55 0 67 2 0 71 75 19 59 87 26 47 72 88 48
38 24 27 85 2 85 0 41 59 79 6 75 62 96 6 9 47 38 19 78 37 26 63 62 10 37 67 37 74 8 65 15 37 84 49 61 39 97 88 29 33 32 20 7 94 9 73 85 81 61 99 67 61 10 3 69 30 48 8 41
97 79 37 70 56 21 41 0 73 42 26 32 56 42 70 2 10 49 7 2 46 57 22 79 99 22 61 25 51 72 89 74 59 27 94 95 17 73 39 60 68 75 36 13 64 6 20 7 4 7 58 59 85 35 84 97 93 59 99 28
56 62 46 82 72 83 59 73 0 66 14 76 11 44 36 91 48 15 41 78 33 17 3 86 76 40 74 92 93 49 3 12 24 62 20 45 16 16 29 32 67 23 54 57 14 89 49 52 62 54 48 98 88 49 92 64 96 92 4 70
8 79 85 38 80 18 79 42 66 0 60 66 71 99 79 29 42 62 85 10 43 6 14 53 0 84 31 52 50 6 54 9 43 58 49 92 25 25 70 35 13 30 38 35 52 66 40 30 68 56 59 51 17 57 36 91 21 21 81 91
53 91 22 91 82 43 6 26 14 60 0 38 81 94 12 91 96 54 61 54 85 21 47 92 4 21 26 23 58 92 69 26 33 78 26 75 18 60 82 14 18 4 16 71 39 5 79 23 16 99 25 0 99 96 86 9 92 93 54 57
12 98 19 82 35 60 75 32 76 66 38 0 17 7 48 27 77 97 77 14 44 15 89 7 18 71 21 9 26 69 78 90 22 5 22 27 98 56 96 85 60 34 42 73 30 10 59 57 88 38 42 29 77 84 57 58 44 71 86 83
47 30 56 84 98 88 62 56 11 71 81 17 0 84 93 83 58 92 82 11 89 81 20 3 93 12 75 35 58 69 8 79 28 45 26 71 89 20 78 3 16 97 49 16 53 52 73 43 7 75 18 90 94 77 80 19 47 89 30 4
5 39 40 16 90 14 96 42 44 99 94 7 84 0 12 16 9 74 63 16 10 15 29 91 89 93 61 15 49 72 57 68 14 92 31 15 56 41 31 84 1 39 39 79 85 34 29 9 42 77 69 47 83 7 26 11 73 28 12 71
70 93 1 5 46 26 6 70 36 79 12 48 93 12 0 94 35 89 8 29 81 78 16 52 84 0 90 5 17 9 3 40 20 32 82 28 30 6 34 83 69 52 0 81 25 45 61 70 63 28 2 38 2 30 96 47 12 99 42 55
18 3 13 54 10 10 9 2 91 29 91 27 83 16 94 0 62 0 33 23 60 2 19 77 36 67 31 28 42 69 74 8 23 14 40 65 40 36 27 25 97 34 9 93 88 67 19 17 15 98 24 98 82 34 8 23 8 75 41 45
97 21 97 87 46 15 47 10 48 42 96 77 58 9 35 62 0 69 73 9 72 36 38 8 27 21 26 23 69 91 18 33 18 58 53 94 80 85 38 59 35 74 35 83 50 26 44 60 74 73 50 52 19 21 33 88 7 3 45 11
40 11 37 85 65 55 38 49 15 62 54 97 92 74 89 0 69 0 81 84 63 14 64 63 48 9 91 26 33 41 2 10 54 26 30 8 14 88 55 49 56 28 4 42 93 0 81 77 69 51 27 27 76 41 53 45 48 15 42 65
0 89 57 3 83 59 19 7 41 85 61 77 82 63 8 33 73 81 0 62 44 72 58 62 53 98 38 74 32 7 85 41 41 21 43 33 80 15 37 94 33 19 57 46 61 39 74 94 8 62 86 12 78 45 82 51 12 69 39 60
56 8 23 71 75 80 78 2 78 10 54 14 11 16 29 23 9 84 62 0 28 38 55 21 25 88 58 39 90 17 32 9 58 92 14 77 30 85 85 99 7 91 44 54 75 17 59 86 44 89 10 53 37 41 64 98 83 35 61 18
60 82 39 85 46 53 37 46 33 43 85 44 89 10 81 60 72 63 44 28 0 64 71 32 49 6 60 36 56 60 89 40 36 2 8 75 80 95 58 98 20 4 32 12 15 42 7 83 54 37 51 5 73 6 21 55 87 81 92 22
61 28 62 87 60 92 26 57 17 6 21 15 81 15 78 2 36 14 72 38 64 0 31 3 17 42 41 83 61 26 75 51 58 17 0 61 67 55 72 16 11 87 20 38 23 27 31 86 18 85 90 77 3 85 81 8 52 67 77 45
13 31 0 60 27 22 63 22 3 14 47 89 20 29 16 19 38 64 58 55 71 31 0 8 60 50 86 35 18 71 7 77 7 5 39 39 23 82 69 82 38 52 85 47 21 56 44 24 85 86 73 58 95 12 49 38 24 54 58 79
90 1 27 98 59 55 62 79 86 53 92 7 3 91 52 77 8 63 62 21 32 3 8 0 74 46 2 95 36 46 67 66 66 32 7 29 92 40 12 79 19 28 26 17 41 86 30 40 26 50 98 79 43 90 21 71 83 42 46 71
76 0 17 3 21 78 10 99 76 0 4 18 93 89 84 36 27 48 53 25 49 17 60 74 0 70 24 21 84 49 45 59 31 63 53 62 19 70 11 0 74 72 78 48 77 16 60 46 67 45 67 34 54 25 31 75 55 87 52 77
11 13 94 99 71 12 37 22 40 84 21 71 12 93 0 67 21 9 98 88 6 42 50 46 70 0 95 94 34 25 42 31 25 13 75 5 85 31 92 70 62 72 10 38 53 78 39 55 59 24 54 78 77 52 38 50 64 67 14 24
89 55 66 52 49 89 67 61 74 31 26 21 75 61 90 31 26 91 38 58 60 41 86 2 24 95 0 26 42 33 38 9 94 74 11 14 3 82 73 61 36 86 20 24 97 19 57 44 67 87 94 32 25 11 32 68 79 91 93 25
37 46 86 20 35 1 37 25 92 52 23 9 35 15 5 28 23 26 74 39 36 83 35 95 21 94 26 0 12 10 35 29 59 19 6 5 85 71 79 11 4 61 8 38 14 77 80 78 49 3 96 57 76 25 31 28 41 90 48 27
34 31 23 33 87 16 74 51 93 50 58 26 58 49 17 42 69 33 32 90 56 61 18 36 84 34 42 12 0 33 43 25 6 60 77 40 84 3 75 82 11 11 2 24 33 21 40 58 30 26 83 99 11 3 10 90 17 93 20 19
91 25 58 53 7 97 8 72 49 6 92 69 69 72 9 69 91 41 7 17 60 26 71 46 49 25 33 10 33 0 45 37 35 76 15 68 49 89 55 56 37 83 69 93 96 7 72 64 54 18 72 92 15 96 18 58 17 28 1 56
69 59 13 63 24 41 65 89 3 54 69 78 8 57 3 74 18 2 85 32 89 75 7 67 45 42 38 35 43 45 0 57 76 39 44 72 81 89 96 35 23 42 0 54 64 54 38 9 83 60 94 78 81 32 57 96 0 17 91 40
54 79 64 17 75 11 15 74 12 9 26 90 79 68 40 8 33 10 41 9 40 51 77 66 59 31 9 29 25 37 57 0 84 60 6 10 72 92 18 50 7 21 59 58 17 22 9 60 30 54 86 75 26 53 73 78 17 35 94 28
48 44 66 45 73 47 37 59 24 43 33 22 28 14 20 23 18 54 41 58 36 58 7 66 31 25 94 59 6 35 76 84 0 52 73 81 88 91 57 30 79 65 95 76 16 71 3 26 66 44 24 5 86 45 53 76 31 93 32 43
56 0 8 28 80 46 84 27 62 58 78 5 45 92 32 14 58 26 21 92 2 17 5 32 63 13 74 19 60 76 39 60 52 0 44 81 24 39 14 28 35 71 30 69 39 82 4 11 60 65 79 38 20 7 65 37 0 94 32 93
84 11 75 43 5 16 49 94 20 49 26 22 26 31 82 40 53 30 43 14 8 0 39 7 53 75 11 6 77 15 44 6 73 44 0 64 83 23 66 71 57 0 1 79 82 69 14 81 14 6 55 24 90 42 34 84 26 84 97 97
21 75 28 41 5 43 61 95 45 92 75 27 71 15 28 65 94 8 33 77 75 61 39 29 62 5 14 5 40 68 72 10 81 81 64 0 85 51 7 89 7 41 53 45 0 14 13 44 35 27 4 93 1 99 62 76 29 14 93 45
51 78 61 80 33 15 39 17 16 25 18 98 89 56 30 40 80 14 80 30 80 67 23 92 19 85 3 85 84 49 81 72 88 24 83 85 0 45 88 11 81 84 42 86 42 50 79 32 74 61 31 19 26 36 36 0 3 63 73 32
42 98 59 4 79 91 97 73 16 25 60 56 20 41 6 36 85 88 15 85 95 55 82 40 70 31 82 71 3 89 89 92 91 39 23 51 45 0 2 60 34 69 57 7 74 12 37 87 71 89 56 70 2 43 13 25 83 25 65 47
50 42 91 30 9 94 88 39 29 70 82 96 78 31 34 27 38 55 37 85 58 72 69 12 11 92 73 79 75 55 96 18 57 14 66 7 88 2 0 75 65 48 95 60 18 46 84 12 10 18 98 1 85 44 7 73 18 68 11 73
61 53 85 18 92 73 29 60 32 35 14 85 3 84 83 25 59 49 94 99 98 16 82 79 0 70 61 11 82 56 35 50 30 28 71 89 11 60 75 0 3 9 63 96 55 71 65 94 6 14 10 99 36 49 55 68 21 56 66 63
61 66 33 8 65 88 33 68 67 13 18 60 16 1 69 97 35 56 33 7 20 11 38 19 74 62 36 4 11 37 23 7 79 35 57 7 81 34 65 3 0 10 48 1 75 17 31 38 8 83 68 67 27 88 23 91 71 2 25 40
9 23 86 92 25 11 32 75 23 30 4 34 97 39 52 34 74 28 19 91 4 87 52 28 72 72 86 61 11 83 42 21 65 71 0 41 84 69 48 9 10 0 78 68 36 21 40 92 66 23 87 91 30 36 15 42 47 94 13 94
87 35 13 98 72 57 20 36 54 38 16 42 49 39 0 9 35 4 57 44 32 20 85 26 78 10 20 8 2 69 0 59 95 30 1 53 42 57 95 63 48 78 0 62 24 94 79 93 68 75 36 43 33 38 76 61 74 27 78 42
99 7 73 43 41 25 7 13 57 35 71 73 16 79 81 93 83 42 46 54 12 38 47 17 48 38 24 38 24 93 54 58 76 69 79 45 86 7 60 96 1 68 62 0 86 67 23 19 97 77 65 67 6 23 67 7 77 70 85 29
39 50 42 50 18 23 94 64 14 52 39 30 53 85 25 88 50 93 61 75 15 23 21 41 77 53 97 14 33 96 64 17 16 39 82 0 42 74 18 55 75 36 24 86 0 46 74 25 61 95 55 10 41 71 13 7 98 90 35 75
91 86 0 7 6 55 9 6 89 66 5 10 52 34 45 67 26 0 39 17 42 27 56 86 16 78 19 77 21 7 54 22 71 82 69 14 50 12 46 71 17 21 94 67 46 0 14 88 22 36 64 79 23 65 4 14 51 1 81 11
63 92 6 30 40 0 73 20 49 40 79 59 73 29 61 19 44 81 74 59 7 31 44 30 60 39 57 80 40 72 38 9 3 4 14 13 79 37 84 65 31 40 79 23 74 14 0 91 23 32 26 22 11 22 33 87 58 1 38 84
62 99 12 14 33 67 85 7 52 30 23 57 43 9 70 17 60 77 94 86 83 86 24 40 46 55 44 78 58 64 9 60 26 11 81 44 32 87 12 94 38 92 93 19 25 88 91 0 11 19 61 71 51 62 85 66 67 68 17 9
52 7 94 47 64 2 81 4 62 68 16 88 7 42 63 15 74 69 8 44 54 18 85 26 67 59 67 49 30 54 83 30 66 60 14 35 74 71 10 6 8 66 68 97 61 22 23 11 0 91 56 0 16 60 50 2 72 72 20 1
32 56 80 30 4 0 61 7 54 56 99 38 75 77 28 98 73 51 62 89 37 85 86 50 45 24 87 3 26 18 60 54 44 65 6 27 61 89 18 14 83 23 75 77 95 36 32 19 91 0 22 55 34 98 82 64 67 48 98 35
15 97 52 80 24 71 99 58 48 59 25 42 18 69 2 24 50 27 86 10 51 90 73 98 67 54 94 96 83 72 94 86 24 79 55 4 31 56 98 10 68 87 36 65 55 64 26 61 56 22 0 72 92 8 9 44 31 9 46 83
57 28 20 83 89 75 67 59 98 51 0 29 90 47 38 98 52 27 12 53 5 77 58 79 34 78 32 57 99 92 78 75 5 38 24 93 19 70 1 99 67 91 43 67 10 79 22 71 0 55 72 0 18 18 61 2 99 94 62 23
39 93 22 19 95 19 61 85 88 17 99 77 94 83 2 82 19 76 78 37 73 3 95 43 54 77 25 76 11 15 81 26 86 20 90 1 26 2 85 36 27 30 33 6 41 23 11 51 16 34 92 18 0 18 46 86 25 96 45 3
80 5 55 83 57 59 10 35 49 57 96 84 77 7 30 34 21 41 45 41 6 85 12 90 25 52 11 25 3 96 32 53 45 7 42 99 36 43 44 49 88 36 38 23 71 65 22 62 60 98 8 18 18 0 50 22 66 33 45 41
75 7 68 69 83 87 3 84 92 36 86 57 80 26 96 8 33 53 82 64 21 81 49 21 31 38 32 31 10 18 57 73 53 65 34 62 36 13 7 55 23 15 76 67 13 4 33 85 50 82 9 61 46 50 0 9 1 53 58 81
8 86 22 48 27 26 69 97 64 91 9 58 19 11 47 23 88 45 51 98 55 8 38 71 75 50 68 28 90 58 96 78 76 37 84 76 0 25 73 68 91 42 61 7 7 14 87 66 2 64 44 2 86 22 9 0 45 96 51 43
56 79 49 93 34 47 30 93 96 21 92 44 47 73 12 8 7 48 12 83 87 52 24 83 55 64 79 41 17 17 0 17 31 0 26 29 3 83 18 21 71 47 74 77 98 51 58 67 72 67 31 99 25 66 1 45 0 3 72 15
84 62 90 38 74 72 48 59 92 21 93 71 89 28 99 75 3 15 69 35 81 67 54 42 87 67 91 90 93 28 17 35 93 94 84 14 63 25 68 56 2 94 27 70 90 1 1 68 72 48 9 94 96 33 53 96 3 0 5 95
87 80 38 12 4 88 8 99 4 81 54 86 30 12 42 41 45 42 39 61 92 77 58 46 52 14 93 48 20 1 91 94 32 32 97 93 73 65 11 66 25 13 78 85 35 81 38 17 20 98 46 62 45 45 58 51 72 5 0 65
42 27 33 88 5 48 41 28 70 91 57 83 4 71 55 45 11 65 60 18 22 45 79 71 77 24 25 27 19 56 40 28 43 93 97 45 32 47 73 63 40 94 42 29 75 11 84 9 1 35 83 23 3 41 81 43 15 95 65 0