60
0 64 51 3 95 13 54 71 64 7 62 20 49 22 20 24 83 86 92 58 8 9 66 95 83 42 26 88 93 65 85 87 87 75 33 40 80 93 53 74 37 1 27 55 32 49 15 6 88 38 10 71 99 23 89 0 6 16 75 81
64 0 28 89 7 20 5 43 0 63 46 19 72 45 33 36 14 2 82 55 77 1 24 61 71 91 87 31 70 19 11 88 56 47 86 88 35 60 21 18 96 57 75 31 19 19 3 53 10 4 51 77 21 70 2 26 37 17 41 28
51 28 0 50 56 28 70 51 47 18 54 88 94 37 18 83 64 21 2 35 58 83 22 89 3 10 81 0 61 25 91 9 60 56 13 40 5 49 69 79 19 45 87 94 77 16 71 19 22 85 24 71 5 75 17 95 6 41 49 72
3 89 50 0 84 70 44 51 58 94 92 70 26 98 23 23 23 26 15 54 50 77 81 1 39 57 94 21 20 93 71 36 27 55 88 36 21 77 68 4 51 98 16 73 94 65 45 14 95 17 74 57 7 30 48 12 36 92 78 70
95 7 56 84 0 93 37 74 40 14 56 86 51 54 83 50 36 21 55 95 6 71 12 88 16 3 22 85 88 64 18 52 1 54 20 1 40 95 43 16 12 1 34 69 66 15 67 50 58 25 61 59 36 61 7 25 96 2 66 12
13 20 28 70 93 0 65 4 5 96 8 96 10 51 16 57 67 35 78 47 56 56 63 61 5 86 97 55 51 36 94 3 14 83 33 96 76 64 93 19 29 56 20 0 56 18 14 4 72 33 22 82 52 3 23 78 51 26 80 57
54 5 70 44 37 65 0 66 97 83 94 92 89 3 47 12 49 27 19 47 91 46 47 96 82 97 69 99 84 30 12 13 63 87 40 72 89 52 8 18 81 24 83 40 65 2 47 32 29 24 98 90 34 66 66 69 96 78 25 45
71 43 51 51 74 4 66 0 95 56 59 94 82 2 88 43 95 24 71 10 60 17 77 52 74 58 63 47 17 97 10 13 98 11 8 56 0 47 41 29 4 49 94 16 97 59 24 40 78 31 2 56 83 54 97 33 7 28 26 60
64 0 47 58 40 5 97 95 0 51 23 48 85 66 57 23 23 81 6 17 71 36 51 60 0 48 64 18 18 30 52 92 28 35 49 42 23 39 44 91 72 27 36 27 98 9 97 44 20 22 17 50 55 30 47 94 35 93 37 65
7 63 18 94 14 96 83 56 51 0 25 43 51 99 41 47 17 91 42 25 84 29 9 49 93 10 28 93 14 80 42 26 91 43 84 89 92 96 30 45 21 57 8 28 30 31 80 10 60 26 54 96 97 56 53 86 85 0 84 72
62 46 54 92 56 8 94 59 23 25 0 76 43 68 44 0 18 86 85 91 20 21 44 78 4 61 98 63 48 99 54 41 55 72 56 41 3 31 57 75 72 35 83 83 53 85 88 49 45 21 43 63 17 98 49 50 7 47 44 15
20 19 88 70 86 96 92 94 48 43 76 0 54 45 29 41 73 82 32 18 38 20 52 89 26 42 55 14 58 68 71 73 64 79 97 1 60 71 52 95 41 75 44 57 88 53 84 61 91 13 95 89 3 94 1 97 68 20 33 51
49 72 94 26 51 10 89 82 85 51 43 54 0 3 59 34 55 53 96 36 36 63 99 69 70 53 20 9 30 80 18 4 17 17 71 90 93 14 48 52 6 78 56 40 74 98 93 32 75 68 32 60 82 24 99 3 97 23 49 54
22 45 37 98 54 51 3 2 66 99 68 45 3 0 37 23 23 65 62 18 67 65 5 65 58 1 67 82 90 29 62 4 92 53 85 81 73 34 74 12 77 34 19 15 48 11 10 80 8 23 75 31 34 66 48 15 25 46 66 76
20 33 18 23 83 16 47 88 57 41 44 29 59 37 0 66 35 53 26 51 28 35 68 20 71 60 70 68 27 85 27 40 86 54 16 61 96 58 52 92 63 55 59 35 21 58 78 24 29 38 78 78 57 44 37 76 70 72 85 7
24 36 83 23 50 57 12 43 23 47 0 41 34 23 66 0 86 9 26 7 7 97 83 56 61 8 94 34 89 61 47 66 76 14 17 53 23 55 96 9 11 96 52 91 77 5 91 13 41 29 85 16 22 60 76 39 85 9 64 14
83 14 64 23 36 67 49 95 23 17 18 73 55 23 35 86 0 7 44 37 78 25 98 17 25 21 27 67 23 61 89 60 64 38 90 87 0 99 34 8 21 73 14 13 84 75 37 32 28 31 89 11 47 18 97 6 11 43 89 13
86 2 21 26 21 35 27 24 81 91 86 82 53 65 53 9 7 0 86 28 30 92 49 83 89 44 37 62 45 22 85 38 98 56 67 84 77 67 53 46 24 51 96 1 87 32 26 48 78 82 65 80 12 63 77 16 77 82 3 72
92 82 2 15 55 78 19 71 6 42 85 32 96 62 26 26 44 86 0 72 69 46 2 56 70 77 33 48 59 81 59 70 76 9 65 18 76 86 20 75 96 2 49 57 66 84 98 55 70 31 30 63 10 8 31 58 98 95 24 3
58 55 35 54 95 47 47 10 17 25 91 18 36 18 51 7 37 28 72 0 4 42 29 79 39 33 76 81 10 10 53 18 99 61 88 93 33 71 42 64 39 79 8 25 71 29 35 47 57 95 93 79 88 77 94 38 73 46 16 29
8 77 58 50 6 56 91 60 71 84 20 38 36 67 28 7 78 30 69 4 0 54 67 24 76 37 98 96 20 14 35 65 97 27 24 60 23 97 60 75 92 73 20 28 2 96 51 25 44 55 30 64 37 44 46 66 30 48 26 81
9 1 83 77 71 56 46 17 36 29 21 20 63 65 35 97 25 92 46 42 54 0 69 76 1 13 2 21 25 44 0 3 15 54 42 87 35 76 98 78 81 48 25 81 27 83 59 98 13 32 95 30 12 67 18 57 65 12 63 26
66 24 22 81 12 63 47 77 51 9 44 52 99 5 68 83 98 49 2 29 67 69 0 76 29 90 42 87 36 42 88 91 13 63 65 74 71 7 38 95 81 17 38 69 17 23 65 75 51 59 3 73 55 18 39 50 94 52 54 22
95 61 89 1 88 61 96 52 60 49 78 89 69 65 20 56 17 83 56 79 24 76 76 0 33 22 43 29 82 83 42 56 89 37 96 9 2 53 97 10 65 47 75 22 16 13 10 68 91 53 2 80 78 31 53 43 85 18 47 49
83 71 3 39 16 5 82 74 0 93 4 26 70 58 71 61 25 89 70 39 76 1 29 33 0 10 20 85 5 39 67 29 35 58 31 10 11 5 59 64 65 22 80 74 63 92 62 10 83 87 66 98 42 22 45 51 5 2 64 55
42 91 10 57 3 86 97 58 48 10 61 42 53 1 60 8 21 44 77 33 37 13 90 22 10 0 20 1 63 58 35 64 52 7 94 51 35 82 29 16 20 80 38 54 34 85 43 47 66 18 66 60 60 98 82 78 70 27 74 26
26 87 81 94 22 97 69 63 64 28 98 55 20 67 70 94 27 37 33 76 98 2 42 43 20 20 0 86 66 98 39 31 74 45 98 90 3 23 60 86 15 41 13 92 67 77 46 40 78 2 72 95 53 58 34 66 41 63 26 92
88 31 0 21 85 55 99 47 18 93 63 14 9 82 68 34 67 62 48 81 96 21 87 29 85 1 86 0 32 29 15 95 57 11 95 20 74 37 4 31 61 38 97 56 8 53 12 47 5 70 18 97 40 0 56 60 61 13 90 76
93 70 61 20 88 51 84 17 18 14 48 58 30 90 27 89 23 45 59 10 20 25 36 82 5 63 66 32 0 91 63 62 52 32 15 57 39 80 75 8 56 84 87 42 53 28 74 23 83 64 74 39 86 56 52 95 88 41 59 87
65 19 25 93 64 36 30 97 30 80 99 68 80 29 85 61 61 22 81 10 14 44 42 83 39 58 98 29 91 0 28 50 53 43 7 74 86 79 24 79 62 79 91 98 30 39 93 3 21 11 89 8 82 28 31 1 0 13 55 46
85 11 91 71 18 94 12 10 52 42 54 71 18 62 27 47 89 85 59 53 35 0 88 42 67 35 39 15 63 28 0 7 56 97 28 93 5 7 86 79 62 80 27 94 4 63 25 41 28 83 40 44 18 0 2 24 49 0 25 14
87 88 9 36 52 3 13 13 92 26 41 73 4 4 40 66 60 38 70 18 65 3 91 56 29 64 31 95 62 50 7 0 3 42 4 61 27 7 27 37 46 85 22 19 56 40 1 13 97 37 57 23 39 62 0 27 17 94 66 86
87 56 60 27 1 14 63 98 28 91 55 64 17 92 86 76 64 98 76 99 97 15 13 89 35 52 74 57 52 53 56 3 0 94 80 52 20 22 55 68 22 49 90 38 33 66 81 27 47 46 67 48 92 78 84 93 38 42 0 65
75 47 56 55 54 83 87 11 35 43 72 79 17 53 54 14 38 56 9 61 27 54 63 37 58 7 45 11 32 43 97 42 94 0 0 35 42 9 18 54 47 85 70 82 38 91 82 84 16 5 54 87 85 3 71 85 87 60 98 3
33 86 13 88 20 33 40 8 49 84 56 97 71 85 16 17 90 67 65 88 24 42 65 96 31 94 98 95 15 7 28 4 80 0 0 7 30 14 47 30 80 83 19 83 69 48 93 38 12 88 74 63 96 95 21 41 25 33 68 8
40 88 40 36 1 96 72 56 42 89 41 1 90 81 61 53 87 84 18 93 60 87 74 9 10 51 90 20 57 74 93 61 52 35 7 0 70 69 35 30 76 63 89 45 24 88 73 2 56 72 80 82 35 98 90 46 10 46 65 83
80 35 5 21 40 76 89 0 23 92 3 60 93 73 96 23 0 77 76 33 23 35 71 2 11 35 3 74 39 86 5 27 20 42 30 70 0 92 65 25 72 41 18 6 40 33 64 4 24 89 95 57 83 27 34 74 4 5 8 2
93 60 49 77 95 64 52 47 39 96 31 71 14 34 58 55 99 67 86 71 97 76 7 53 5 82 23 37 80 79 7 7 22 9 14 69 92 0 64 46 34 2 52 59 6 65 57 23 54 25 39 89 94 51 74 53 85 21 83 18
53 21 69 68 43 93 8 41 44 30 57 52 48 74 52 96 34 53 20 42 60 98 38 97 59 29 60 4 75 24 86 27 55 18 47 35 65 64 0 41 11 47 46 16 43 15 91 94 73 88 11 57 25 23 55 0 67 2 0 71
74 18 79 4 16 19 18 29 91 45 75 95 52 12 92 9 8 46 75 64 75 78 95 10 64 16 86 31 8 79 79 37 68 54 30 30 25 46 41 0 30 60 46 31 33 69 31 0 0 80 18 57 98 37 30 51 66 38 62 72
37 96 19 51 12 29 81 4 72 21 72 41 6 77 63 11 21 24 96 39 92 81 81 65 65 20 15 61 56 62 62 46 22 47 80 76 72 34 11 30 0 19 78 37 26 63 62 10 37 67 37 74 8 65 15 37 84 49 61 39
1 57 45 98 1 56 24 49 27 57 35 75 78 34 55 96 73 51 2 79 73 48 17 47 22 80 41 38 84 79 80 85 49 85 83 63 41 2 47 60 19 0 48 8 41 21 33 83 54 2 7 75 29 56 65 89 60 90 84 74
27 75 87 16 34 20 83 94 36 8 83 44 56 19 59 52 14 96 49 8 20 25 38 75 80 38 13 97 87 91 27 22 90 70 19 89 18 52 46 46 78 48 0 85 75 37 12 10 73 42 26 32 56 42 70 2 10 49 7 2
55 31 94 73 69 0 40 16 27 28 83 57 40 15 35 91 13 1 57 25 28 81 69 22 74 54 92 56 42 98 94 19 38 82 83 45 6 59 16 31 37 8 85 0 68 75 36 13 64 6 20 7 4 7 58 59 85 35 84 97
32 19 77 94 66 56 65 97 98 30 53 88 74 48 21 77 84 87 66 71 2 27 17 16 63 34 67 8 53 30 4 56 33 38 69 24 40 6 43 33 26 41 75 68 0 94 84 60 48 48 65 84 52 8 57 1 22 5 77 97
49 19 16 65 15 18 2 59 9 31 85 53 98 11 58 5 75 32 84 29 96 83 23 13 92 85 77 53 28 39 63 40 66 91 48 88 33 65 15 69 63 21 37 75 94 0 33 17 3 86 76 40 74 92 93 49 3 12 24 62
15 3 71 45 67 14 47 24 97 80 88 84 93 10 78 91 37 26 98 35 51 59 65 10 62 43 46 12 74 93 25 1 81 82 93 73 64 57 91 31 62 33 12 36 84 33 0 92 64 96 92 4 70 30 26 10 77 56 3 73
6 53 19 14 50 4 32 40 44 10 49 61 32 80 24 13 32 48 55 47 25 98 75 68 10 47 40 47 23 3 41 13 27 84 38 2 4 23 94 0 10 83 10 13 60 17 92 0 76 76 47 15 2 37 90 73 17 57 37 32
88 10 22 95 58 72 29 78 20 60 45 91 75 8 29 41 28 78 70 57 44 13 51 91 83 66 78 5 83 21 28 97 47 16 12 56 24 54 73 0 37 54 73 64 48 3 64 76 0 6 54 9 43 58 49 92 25 25 70 35
38 4 85 17 25 33 24 31 22 26 21 13 68 23 38 29 31 82 31 95 55 32 59 53 87 18 2 70 64 11 83 37 46 5 88 72 89 25 88 80 67 2 42 6 48 86 96 76 6 0 28 69 17 3 50 18 31 21 34 92
10 51 24 74 61 22 98 2 17 54 43 95 32 75 78 85 89 65 30 93 30 95 3 2 66 66 72 18 74 89 40 57 67 54 74 80 95 39 11 18 37 7 26 20 65 76 92 47 54 28 0 79 63 68 51 51 5 43 99 92
71 77 71 57 59 82 90 56 50 96 63 89 60 31 78 16 11 80 63 79 64 30 73 80 98 60 95 97 39 8 44 23 48 87 63 82 57 89 57 57 74 75 32 7 84 40 4 15 9 69 79 0 69 26 33 78 26 75 18 60
99 21 5 7 36 52 34 83 55 97 17 3 82 34 57 22 47 12 10 88 37 12 55 78 42 60 53 40 86 82 18 39 92 85 96 35 83 94 25 98 8 29 56 4 52 74 70 2 43 17 63 69 0 54 57 51 31 74 75 27
23 70 75 30 61 3 66 54 30 56 98 94 24 66 44 60 18 63 8 77 44 67 18 31 22 98 58 0 56 28 0 62 78 3 95 98 27 51 23 37 65 56 42 7 8 92 30 37 58 3 68 26 54 0 18 36 50 58 74 45
89 2 17 48 7 23 66 97 47 53 49 1 99 48 37 76 97 77 31 94 46 18 39 53 45 82 34 56 52 31 2 0 84 71 21 90 34 74 55 30 15 65 70 58 57 93 26 90 49 50 51 33 57 18 0 7 18 71 21 9
0 26 95 12 25 78 69 33 94 86 50 97 3 15 76 39 6 16 58 38 66 57 50 43 51 78 66 60 95 1 24 27 93 85 41 46 74 53 0 51 37 89 2 59 1 49 10 73 92 18 51 78 51 36 7 0 88 38 42 29
6 37 6 36 96 51 96 7 35 85 7 68 97 25 70 85 11 77 98 73 30 65 94 85 5 70 41 61 88 0 49 17 38 87 25 10 4 85 67 66 84 60 10 85 22 3 77 17 25 31 5 26 31 50 18 88 0 7 5 71
16 17 41 92 2 26 78 28 93 0 47 20 23 46 72 9 43 82 95 46 48 12 52 18 2 27 63 13 41 13 0 94 42 60 33 46 5 21 2 38 49 90 49 35 5 12 56 57 25 21 43 75 74 58 71 38 7 0 75 89
75 41 49 78 66 80 25 26 37 84 44 33 49 66 85 64 89 3 24 16 26 63 54 47 64 74 26 90 59 55 25 66 0 98 68 65 8 83 0 62 61 84 7 84 77 24 3 37 70 34 99 18 75 74 21 42 5 75 0 8
81 28 72 70 12 57 45 60 65 72 15 51 54 76 7 14 13 72 3 29 81 26 22 49 55 26 92 76 87 46 14 86 65 3 8 83 2 18 71 72 39 74 2 97 97 62 73 32 35 92 92 60 27 45 9 29 71 89 8 0
0 21 95 82 56 41 6 25 10 4 63 6 44 40 75 79 0 89 35 9 1 85 84 12 0 26 91 11 35 82 26 69 56 86 45 91 59 18 76 39 18 57 36 61 36 21 71 11 29 82 82 6 71 8 77 74 30 89 76 76
21 0 21 76 72 44 85 94 90 51 3 48 29 90 66 41 15 83 96 74 45 65 40 54 83 14 71 77 36 53 37 26 87 76 91 13 29 11 77 32 87 67 94 79 2 10 99 56 70 99 60 4 56 2 60 72 74 46 13 20
95 21 0 75 76 40 66 58 30 68 78 91 13 59 49 85 84 8 38 41 56 39 53 77 50 30 58 55 19 85 52 34 53 40 69 12 85 72 7 49 46 87 58 17 68 27 21 6 67 26 82 44 35 3 62 8 51 1 91 39
82 76 75 0 42 36 43 7 84 6 0 0 48 62 59 29 94 82 29 3 3 51 67 39 15 66 42 23 62 62 28 76 66 82 98 35 15 17 77 44 26 76 86 60 62 62 83 91 57 62 36 2 2 43 65 37 49 61 5 34
56 72 76 42 0 71 35 14 20 74 49 50 37 79 19 51 70 42 26 79 98 60 35 9 96 70 21 37 37 67 93 93 39 2 52 26 90 26 1 68 93 7 94 19 54 37 0 20 12 11 66 84 80 1 55 9 21 12 65 7
41 44 40 36 71 0 72 59 97 46 62 12 91 63 70 1 22 49 24 58 62 49 94 92 63 13 45 22 69 70 18 1 44 32 3 72 99 34 45 18 96 82 79 75 83 43 26 81 39 66 22 71 58 42 91 56 27 56 28 64
6 85 66 43 35 72 0 56 69 53 48 74 43 94 29 64 97 38 12 99 51 87 76 71 47 47 9 71 20 81 99 45 56 15 99 64 57 84 83 61 25 41 8 46 52 22 33 68 52 28 75 99 6 85 65 47 90 24 79 70
25 94 58 7 14 59 56 0 28 81 17 58 99 90 70 17 57 37 2 37 3 43 20 68 35 60 23 48 40 10 42 83 82 27 49 15 34 50 42 26 33 23 16 69 97 13 35 80 40 55 30 22 76 55 56 91 74 82 96 2
10 90 30 84 20 97 69 28 0 95 55 53 62 22 44 86 43 43 40 36 53 34 59 43 50 58 62 43 9 22 64 46 68 53 8 30 30 92 6 13 95 76 81 91 37 78 90 64 49 46 19 60 93 35 47 69 54 87 12 39
4 51 68 6 74 46 53 81 95 0 23 3 30 12 98 69 29 61 34 53 98 94 33 77 31 54 71 78 8 78 50 76 56 80 72 26 20 57 39 68 55 71 19 32 87 41 94 21 21 20 61 13 5 46 97 61 8 92 33 73
63 3 78 0 49 62 48 17 55 23 0 90 87 80 20 66 59 93 79 80 28 68 99 54 69 99 1 49 63 23 33 99 40 29 60 95 28 44 30 88 66 9 41 3 4 63 61 87 34 28 55 63 10 78 17 90 0 66 62 30
6 48 91 0 50 12 74 58 53 3 90 0 44 8 52 59 48 85 29 94 79 4 85 31 54 95 75 81 11 56 38 95 37 67 54 88 93 53 44 68 58 98 55 84 76 19 46 89 89 5 23 63 19 53 20 47 17 66 60 86
44 29 13 48 37 91 43 99 62 30 87 44 0 72 32 64 18 79 23 56 63 2 78 3 32 3 2 18 89 50 69 66 20 97 52 81 42 28 71 71 53 87 31 36 99 98 38 97 26 31 60 83 43 16 91 96 52 48 12 17
40 90 59 62 79 63 94 90 22 12 80 8 72 0 81 55 12 28 79 62 63 11 56 0 10 34 1 75 62 33 68 51 53 80 84 40 3 32 27 32 61 27 92 25 2 15 9 30 0 97 24 14 10 84 56 83 0 16 67 2
75 66 49 59 19 70 29 70 44 98 20 52 32 81 0 99 7 62 58 49 93 47 53 34 39 8 86 18 52 4 95 3 80 9 3 5 26 36 92 8 94 75 8 64 73 47 68 78 8 40 6 31 85 47 96 5 98 44 86 0
79 41 85 29 51 1 64 17 86 69 66 59 64 55 99 0 79 24 41 29 7 26 71 36 18 57 16 28 1 24 68 56 81 1 54 22 67 44 6 46 30 0 86 73 15 81 68 36 12 65 18 59 93 34 92 82 69 3 24 94
0 15 84 94 70 22 97 57 43 29 59 48 18 12 7 79 0 20 15 75 56 89 93 60 37 44 41 76 25 6 62 60 51 57 79 34 41 82 95 15 94 12 90 49 82 56 75 39 48 84 15 45 93 74 87 39 10 81 54 80
89 83 8 82 42 49 38 37 43 61 93 85 79 28 62 24 20 0 47 55 29 74 7 30 64 45 13 7 96 98 47 0 60 94 53 6 97 20 94 42 4 30 25 64 12 44 74 96 54 44 32 74 5 84 4 44 64 68 38 35
35 96 38 29 26 24 12 2 40 34 79 29 23 79 58 41 15 47 0 29 27 80 10 78 55 72 49 31 63 37 68 36 5 74 74 57 65 82 51 27 28 85 5 73 48 23 44 0 39 53 80 33 43 99 80 98 61 46 15 4
9 74 41 3 79 58 99 37 36 53 80 94 56 62 49 29 75 55 29 0 42 34 46 71 12 80 15 81 21 54 1 72 84 9 35 21 64 8 66 94 50 37 42 40 6 30 12 34 27 29 33 82 54 75 75 54 19 67 42 63
1 45 56 3 98 62 51 3 53 98 28 79 63 63 93 7 56 29 27 42 0 0 90 9 2 79 37 54 71 49 19 9 29 53 17 79 33 12 6 9 18 80 29 45 9 81 2 97 39 92 76 21 69 1 24 22 28 47 80 22
85 65 39 51 60 49 87 43 34 94 68 4 2 11 47 26 89 74 80 34 0 0 28 21 91 9 49 75 37 35 47 47 61 80 34 75 98 11 10 49 1 47 85 13 41 22 65 61 42 33 77 91 12 91 56 35 45 31 45 25
84 40 53 67 35 94 76 20 59 33 99 85 78 56 53 71 93 7 10 46 90 28 0 22 84 57 73 6 1 19 72 79 70 22 19 5 94 2 72 38 95 93 24 17 85 89 99 17 85 78 14 63 11 97 6 94 61 32 9 39
12 54 77 39 9 92 71 68 43 77 54 31 3 0 34 36 60 30 78 71 9 21 22 0 88 43 17 27 56 4 86 32 76 6 41 55 32 41 20 61 75 46 60 10 38 99 62 70 30 49 3 22 17 26 2 29 62 69 28 61
0 83 50 15 96 63 47 35 50 31 69 54 32 10 39 18 37 64 55 12 2 91 84 88 0 44 24 42 35 90 0 13 71 61 67 68 65 78 33 92 21 34 27 9 26 79 33 1 22 2 10 27 38 25 59 44 28 72 91 32
26 14 30 66 70 13 47 60 58 54 99 95 3 34 8 57 44 45 72 80 79 9 57 43 44 0 18 19 69 69 43 64 29 32 33 25 70 76 31 89 56 49 29 2 26 84 34 64 67 33 59 89 45 63 45 75 76 52 40 44
91 71 58 42 21 45 9 23 62 71 1 75 2 1 86 16 41 13 49 15 37 49 73 17 24 18 0 12 48 71 15 87 79 94 1 97 40 31 87 97 57 26 41 21 51 38 82 68 68 12 48 2 66 17 49 90 31 39 61 73
11 77 55 23 37 22 71 48 43 78 49 81 18 75 18 28 76 7 31 81 54 75 6 27 42 19 12 0 56 80 28 78 62 81 80 13 85 26 5 62 3 26 46 91 49 27 73 21 58 3 21 27 57 83 30 60 94 44 97 94
35 36 19 62 37 69 20 40 9 8 63 11 89 62 52 1 25 96 63 21 71 37 1 56 35 69 48 56 0 41 79 88 14 49 72 89 52 55 12 7 31 31 98 45 59 22 87 6 36 26 85 6 33 35 48 59 88 25 58 76
82 53 85 62 67 70 81 10 22 78 23 56 50 33 4 24 6 98 37 54 49 35 19 4 90 69 71 80 41 0 81 99 83 16 40 23 10 67 58 30 4 4 39 58 31 92 11 53 97 56 53 64 77 51 36 52 18 53 86 40
26 37 52 28 93 18 99 42 64 50 33 38 69 68 95 68 62 47 68 1 19 47 72 86 0 43 15 28 79 81 0 10 36 91 83 66 3 17 24 27 95 51 84 18 5 90 69 61 57 4 75 3 37 27 3 80 24 14 91 48
69 26 34 76 93 1 45 83 46 76 99 95 66 51 3 56 60 0 36 72 9 47 79 32 13 64 87 78 88 99 10 0 95 79 8 91 76 25 42 66 70 91 67 2 98 3 71 61 74 87 12 10 40 42 93 69 79 12 23 72
56 87 53 66 39 44 56 82 68 56 40 37 20 53 80 81 51 60 5 84 29 61 70 76 71 29 79 62 14 83 36 95 0 83 46 86 17 66 45 3 13 3 19 88 49 84 57 93 76 49 29 25 36 24 95 48 11 58 17 45
86 76 40 82 2 32 15 27 53 80 29 67 97 80 9 1 57 94 74 9 53 80 22 6 61 32 94 81 49 16 91 79 83 0 35 7 41 65 3 70 29 13 31 50 30 26 98 38 84 65 11 58 44 48 15 48 3 92 92 71
45 91 69 98 52 3 99 49 8 72 60 54 52 84 3 54 79 53 74 35 17 34 19 41 67 33 1 80 72 40 83 8 46 35 0 91 67 91 3 60 38 24 90 93 12 65 25 33 46 98 91 10 46 49 77 4 13 46 80 45
91 13 12 35 26 72 64 15 30 26 95 88 81 40 5 22 34 6 57 21 79 75 5 55 68 25 97 13 89 23 66 91 86 7 91 0 31 46 21 81 27 70 89 54 96 62 46 60 18 97 12 6 43 6 73 14 66 69 97 32
59 29 85 15 90 99 57 34 30 20 28 93 42 3 26 67 41 97 65 64 33 98 94 32 65 70 40 85 52 10 3 76 17 41 67 31 0 38 4 91 28 21 27 38 30 45 17 93 57 85 57 97 9 78 93 1 87 16 17 9
18 11 72 17 26 34 84 50 92 57 44 53 28 32 36 44 82 20 82 8 12 11 2 41 78 76 31 26 55 67 17 25 66 65 91 46 38 0 57 75 58 10 1 35 29 88 9 87 21 30 8 42 91 26 2 74 99 63 83 70
76 77 7 77 1 45 83 42 6 39 30 44 71 27 92 6 95 94 51 66 6 10 72 20 33 31 87 5 12 58 24 42 45 3 3 21 4 57 0 75 84 58 26 79 73 91 85 21 26 17 90 13 62 54 87 28 70 81 95 11
39 32 49 44 68 18 61 26 13 68 88 68 71 32 8 46 15 42 27 94 9 49 38 61 92 89 97 62 7 30 27 66 3 70 60 81 91 75 75 0 30 66 48 73 17 45 13 91 81 66 7 89 55 71 60 33 89 31 46 60
18 87 46 26 93 96 25 33 95 55 66 58 53 61 94 30 94 4 28 50 18 1 95 75 21 56 57 3 31 4 95 70 13 29 38 27 28 58 84 30 0 20 5 26 19 69 22 90 1 67 80 75 20 32 30 21 46 25 89 22
57 67 87 76 7 82 41 23 76 71 9 98 87 27 75 0 12 30 85 37 80 47 93 46 34 49 26 26 31 4 51 91 3 13 24 70 21 10 58 66 20 0 22 62 95 39 50 99 19 82 84 85 76 85 31 44 48 1 30 40
36 94 58 86 94 79 8 16 81 19 41 55 31 92 8 86 90 25 5 42 29 85 24 60 27 29 41 46 98 39 84 67 19 31 90 89 27 1 26 48 5 22 0 80 59 47 25 60 37 17 5 21 31 21 21 3 87 72 25 15
61 79 17 60 19 75 46 69 91 32 3 84 36 25 64 73 49 64 73 40 45 13 17 10 9 2 21 91 45 58 18 2 88 50 93 54 38 35 79 73 26 62 80 0 51 53 36 27 75 81 97 44 21 31 50 91 13 69 80 16
36 2 68 62 54 83 52 97 37 87 4 76 99 2 73 15 82 12 48 6 9 41 85 38 26 26 51 49 59 31 5 98 49 30 12 96 30 29 73 17 19 95 59 51 0 51 63 12 39 61 98 0 16 73 18 1 2 69 18 91
21 10 27 62 37 43 22 13 78 41 63 19 98 15 47 81 56 44 23 30 81 22 89 99 79 84 38 27 22 92 90 3 84 26 65 62 45 88 91 45 69 39 47 53 51 0 62 59 29 65 12 57 76 77 5 55 59 92 13 72
71 99 21 83 0 26 33 35 90 94 61 46 38 9 68 68 75 74 44 12 2 65 99 62 33 34 82 73 87 11 69 71 57 98 25 46 17 9 85 13 22 50 25 36 63 62 0 14 31 80 9 5 90 58 90 24 96 62 71 12
11 56 6 91 20 81 68 80 64 21 87 89 97 30 78 36 39 96 0 34 97 61 17 70 1 64 68 21 6 53 61 61 93 38 33 60 93 87 21 91 90 99 60 27 12 59 14 0 60 99 97 88 29 73 81 72 19 22 0 44
29 70 67 57 12 39 52 40 49 21 34 89 26 0 8 12 48 54 39 27 39 42 85 30 22 67 68 58 36 97 57 74 76 84 46 18 57 21 26 81 1 19 37 75 39 29 31 60 0 10 73 18 92 86 77 23 62 41 26 94
82 99 26 62 11 66 28 55 46 20 28 5 31 97 40 65 84 44 53 29 92 33 78 49 2 33 12 3 26 56 4 87 49 65 98 97 85 30 17 66 67 82 17 81 61 65 80 99 10 0 40 71 10 82 88 87 65 96 68 54
82 60 82 36 66 22 75 30 19 61 55 23 60 24 6 18 15 32 80 33 76 77 14 3 10 59 48 21 85 53 75 12 29 11 91 12 57 8 90 7 80 84 5 97 98 12 9 97 73 40 0 67 15 59 62 96 50 53 84 41
6 4 44 2 84 71 99 22 60 13 63 63 83 14 31 59 45 74 33 82 21 91 63 22 27 89 2 27 6 64 3 10 25 58 10 6 97 42 13 89 75 85 21 44 0 57 5 88 18 71 67 0 57 55 39 16 79 77 64 57
71 56 35 2 80 58 6 76 93 5 10 19 43 10 85 93 93 5 43 54 69 12 11 17 38 45 66 57 33 77 37 40 36 44 46 43 9 91 62 55 20 76 31 21 16 76 90 29 92 10 15 57 0 13 32 51 54 44 77 84
8 2 3 43 1 42 85 55 35 46 78 53 16 84 47 34 74 84 99 75 1 91 97 26 25 63 17 83 35 51 27 42 24 48 49 6 78 26 54 71 32 85 21 31 73 77 58 73 86 82 59 55 13 0 37 50 35 31 37 42
77 60 62 65 55 91 65 56 47 97 17 20 91 56 96 92 87 4 80 75 24 56 6 2 59 45 49 30 48 36 3 93 95 15 77 73 93 2 87 60 30 31 21 50 18 5 90 81 77 88 62 39 32 37 0 82 23 87 90 31
74 72 8 37 9 56 47 91 69 61 90 47 96 83 5 82 39 44 98 54 22 35 94 29 44 75 90 60 59 52 80 69 48 48 4 14 1 74 28 33 21 44 3 91 1 55 24 72 23 87 96 16 51 50 82 0 88 48 4 47
30 74 51 49 21 27 90 74 54 8 0 17 52 0 98 69 10 64 61 19 28 45 61 62 28 76 31 94 88 18 24 79 11 3 13 66 87 99 70 89 46 48 87 13 2 59 96 19 62 65 50 79 54 35 23 88 0 35 75 14
89 46 1 61 12 56 24 82 87 92 66 66 48 16 44 3 81 68 46 67 47 31 32 69 72 52 39 44 25 53 14 12 58 92 46 69 16 63 81 31 25 1 72 69 69 92 62 22 41 96 53 77 44 31 87 48 35 0 48 23
76 13 91 5 65 28 79 96 12 33 62 60 12 67 86 24 54 38 15 42 80 45 9 28 91 40 61 97 58 86 91 23 17 92 80 97 17 83 95 46 89 30 25 80 18 13 71 0 26 68 84 64 77 37 90 4 75 48 0 13
76 20 39 34 7 64 70 2 39 73 30 86 17 2 0 94 80 35 4 63 22 25 39 61 32 44 73 94 76 40 48 72 45 71 45 32 9 70 11 60 22 40 15 16 91 72 12 44 94 54 41 57 84 42 31 47 14 23 13 0