/* Organism #5 Fitness: 1.004 Error: 0.996 */
genomestart 5
trait 1 0.195263 0.229099 0.110485 0.368832 0.930629 0.226727 0.82126 6.68686e-05 
node 1 1 0
node 2 1 1
node 3 1 1
node 4 1 1
node 5 1 1
node 6 1 1
node 7 1 1
node 8 1 1
node 9 1 1
node 10 1 2
node 11 1 2
node 12 1 2
node 13 1 2
node 14 1 2
node 15 1 2
node 16 1 2
node 17 1 2
node 18 1 2
node 19 1 2
node 20 1 2
node 21 1 3
node 22 1 3
node 23 1 3
node 24 1 3
node 25 1 3
node 27 1 3
node 28 1 3
node 145 1 3
gene 1 1 21 1.96681 0 1 1.96681 1
gene 1 1 22 -1.06373 0 2 -1.06373 1
gene 1 1 23 0.987281 0 3 0.987281 1
gene 1 1 24 0.593876 0 4 0.593876 1
gene 1 1 25 1.0339 0 5 1.0339 1
gene 1 1 27 -0.252577 0 7 -0.252577 1
gene 1 1 28 -2.22706 0 8 -2.22706 1
gene 1 2 21 -0.10686 0 9 -0.10686 1
gene 1 2 22 1.16487 0 10 1.16487 1
gene 1 2 23 0.180005 0 11 0.180005 1
gene 1 2 24 -1.39476 0 12 -1.39476 1
gene 1 2 25 3.35052 0 13 3.35052 1
gene 1 2 27 0.0580016 0 15 0.0580016 1
gene 1 2 28 3.94262 0 16 3.94262 1
gene 1 3 21 -0.151848 0 17 -0.151848 1
gene 1 3 22 1.21476 0 18 1.21476 1
gene 1 3 23 -2.99686 0 19 -2.99686 1
gene 1 3 24 -3.23719 0 20 -3.23719 1
gene 1 3 25 0.975469 0 21 0.975469 1
gene 1 3 27 -0.663949 0 23 -0.663949 1
gene 1 3 28 -0.662581 0 24 -0.662581 1
gene 1 4 21 0.556088 0 25 0.556088 1
gene 1 4 22 -0.669955 0 26 -0.669955 1
gene 1 4 23 -1.62114 0 27 -1.62114 1
gene 1 4 24 -1.21055 0 28 -1.21055 1
gene 1 4 25 -2.28045 0 29 -2.28045 1
gene 1 4 27 0.0937913 0 31 0.0937913 1
gene 1 4 28 -2.14056 0 32 -2.14056 1
gene 1 5 21 1.061 0 33 1.061 1
gene 1 5 22 -2.72558 0 34 -2.72558 1
gene 1 5 23 -3.46591 0 35 -3.46591 1
gene 1 5 25 -1.04107 0 37 -1.04107 1
gene 1 5 27 3.96631 0 39 3.96631 1
gene 1 5 28 -0.390012 0 40 -0.390012 1
gene 1 6 21 0.523416 0 41 0.523416 1
gene 1 6 22 0.132685 0 42 0.132685 1
gene 1 6 23 0.598085 0 43 0.598085 1
gene 1 6 24 -0.524741 0 44 -0.524741 1
gene 1 6 25 -1.59989 0 45 -1.59989 1
gene 1 6 27 0.573692 0 47 0.573692 1
gene 1 6 28 0.678865 0 48 0.678865 1
gene 1 7 21 -0.687591 0 49 -0.687591 1
gene 1 7 22 -1.31251 0 50 -1.31251 1
gene 1 7 23 -0.418366 0 51 -0.418366 1
gene 1 7 24 0.974868 0 52 0.974868 1
gene 1 7 25 2.13605 0 53 2.13605 1
gene 1 7 27 0.465154 0 55 0.465154 1
gene 1 7 28 -0.529444 0 56 -0.529444 1
gene 1 8 21 -1.12568 0 57 -1.12568 1
gene 1 8 22 1.20938 0 58 1.20938 1
gene 1 8 23 1.38977 0 59 1.38977 1
gene 1 8 24 0.624628 0 60 0.624628 1
gene 1 8 25 0.672398 0 61 0.672398 1
gene 1 8 27 0.835965 0 63 0.835965 1
gene 1 8 28 0.959945 0 64 0.959945 1
gene 1 9 21 -0.6216 0 65 -0.6216 1
gene 1 9 22 -0.681053 0 66 -0.681053 1
gene 1 9 23 -1.31683 0 67 -1.31683 1
gene 1 9 24 0.127345 0 68 0.127345 1
gene 1 9 25 2.37696 0 69 2.37696 1
gene 1 9 28 -0.00390623 0 72 -0.00390623 1
gene 1 21 10 1.40935 0 73 1.40935 1
gene 1 21 11 -0.440273 0 74 -0.440273 1
gene 1 21 12 3.57784 0 75 3.57784 1
gene 1 21 13 -1.33617 0 76 -1.33617 1
gene 1 21 14 0.598862 0 77 0.598862 1
gene 1 21 15 -0.863367 0 78 -0.863367 1
gene 1 21 16 -0.748022 0 79 -0.748022 1
gene 1 21 17 -0.179556 0 80 -0.179556 1
gene 1 21 18 -0.847375 0 81 -0.847375 1
gene 1 21 19 2.60129 0 82 2.60129 1
gene 1 21 20 -1.85326 0 83 -1.85326 1
gene 1 22 10 1.35667 0 84 1.35667 1
gene 1 22 11 -1.26455 0 85 -1.26455 1
gene 1 22 12 -0.533452 0 86 -0.533452 1
gene 1 22 13 1.25206 0 87 1.25206 1
gene 1 22 14 1.29257 0 88 1.29257 1
gene 1 22 15 -2.14875 0 89 -2.14875 1
gene 1 22 16 -0.66156 0 90 -0.66156 1
gene 1 22 17 -1.55283 0 91 -1.55283 1
gene 1 22 18 3.40288 0 92 3.40288 1
gene 1 22 19 2.76527 0 93 2.76527 1
gene 1 22 20 -0.824614 0 94 -0.824614 1
gene 1 23 10 -1.41171 0 95 -1.41171 1
gene 1 23 11 -1.80126 0 96 -1.80126 1
gene 1 23 12 2.47233 0 97 2.47233 1
gene 1 23 13 -0.710997 0 98 -0.710997 1
gene 1 23 14 0.153735 0 99 0.153735 1
gene 1 23 15 1.18874 0 100 1.18874 1
gene 1 23 16 0.157036 0 101 0.157036 1
gene 1 23 17 -0.379999 0 102 -0.379999 1
gene 1 23 18 -0.755399 0 103 -0.755399 1
gene 1 23 19 0.603348 0 104 0.603348 1
gene 1 23 20 -0.362454 0 105 -0.362454 1
gene 1 24 10 0.502094 0 106 0.502094 1
gene 1 24 12 -0.30723 0 108 -0.30723 1
gene 1 24 13 0.0949222 0 109 0.0949222 1
gene 1 24 14 0.555175 0 110 0.555175 1
gene 1 24 15 -0.825677 0 111 -0.825677 1
gene 1 24 16 -0.282025 0 112 -0.282025 1
gene 1 24 17 0.250853 0 113 0.250853 1
gene 1 24 18 0.535565 0 114 0.535565 1
gene 1 24 19 -2.73831 0 115 -2.73831 1
gene 1 24 20 -0.182438 0 116 -0.182438 1
gene 1 25 10 -1.30252 0 117 -1.30252 1
gene 1 25 11 3.0129 0 118 3.0129 1
gene 1 25 12 1.83673 0 119 1.83673 1
gene 1 25 13 0.82826 0 120 0.82826 1
gene 1 25 14 -0.936467 0 121 -0.936467 1
gene 1 25 15 -0.858976 0 122 -0.858976 1
gene 1 25 16 1.80186 0 123 1.80186 1
gene 1 25 17 0.526707 0 124 0.526707 1
gene 1 25 18 1.83965 0 125 1.83965 1
gene 1 25 19 0.958252 0 126 0.958252 1
gene 1 25 20 -3.26427 0 127 -3.26427 1
gene 1 27 10 1.33235 0 139 1.33235 1
gene 1 27 11 -1.79776 0 140 -1.79776 1
gene 1 27 12 -0.391289 0 141 -0.391289 1
gene 1 27 13 -1.73329 0 142 -1.73329 1
gene 1 27 14 0.167369 0 143 0.167369 1
gene 1 27 15 -0.859421 0 144 -0.859421 1
gene 1 27 16 0.209004 0 145 0.209004 1
gene 1 27 17 -1.71081 0 146 -1.71081 1
gene 1 27 18 0.618792 0 147 0.618792 1
gene 1 27 19 0.233631 0 148 0.233631 1
gene 1 27 20 -3.11243 0 149 -3.11243 1
gene 1 28 10 0.450119 0 150 0.450119 1
gene 1 28 11 1.37225 0 151 1.37225 1
gene 1 28 12 -2.60303 0 152 -2.60303 1
gene 1 28 13 2.04962 0 153 2.04962 1
gene 1 28 14 -2.23434 0 154 -2.23434 1
gene 1 28 15 -2.16947 0 155 -2.16947 1
gene 1 28 16 -2.10089 0 156 -2.10089 1
gene 1 28 17 0.862218 0 157 0.862218 1
gene 1 28 18 0.75087 0 158 0.75087 1
gene 1 28 19 -2.37003 0 159 -2.37003 1
gene 1 28 20 0.0902006 0 160 0.0902006 1
gene 1 18 18 -1.8415 1 699 -1.8415 1
gene 1 16 22 0.590518 1 1385 0.590518 1
gene 1 2 14 0.553978 0 1481 0.553978 1
gene 1 3 17 -1.44128 0 1824 -1.44128 1
gene 1 22 22 -1.41526 1 1860 -1.41526 1
gene 1 21 24 0.462214 0 2384 0.462214 1
gene 1 27 27 0.231133 1 2513 0.231133 1
gene 1 24 145 1 0 2846 0 1
gene 1 145 11 -0.567389 0 2847 0 1
genomeend 5
