/* Organism #315 Fitness: 1.006 Error: 0.994 */
genomestart 315
trait 1 0.141222 0.0664098 0.413969 0.444353 0.671851 0.192937 0.770168 0.0833033 
node 1 1 0
node 2 1 1
node 3 1 1
node 4 1 1
node 5 1 1
node 6 1 1
node 7 1 1
node 8 1 1
node 9 1 1
node 10 1 2
node 11 1 2
node 12 1 2
node 13 1 2
node 14 1 2
node 15 1 2
node 16 1 2
node 17 1 2
node 18 1 2
node 19 1 2
node 20 1 2
node 21 1 3
node 22 1 3
node 23 1 3
node 24 1 3
node 25 1 3
node 27 1 3
node 28 1 3
gene 1 1 21 3.40601 0 1 3.40601 1
gene 1 1 22 -1.26125 0 2 -1.26125 1
gene 1 1 23 0.612687 0 3 0.612687 1
gene 1 1 25 0.188111 0 5 0.188111 1
gene 1 1 27 1.10749 0 7 1.10749 1
gene 1 1 28 -1.79443 0 8 -1.79443 1
gene 1 2 21 1.47598 0 9 1.47598 1
gene 1 2 22 -0.549816 0 10 -0.549816 1
gene 1 2 23 0.568146 0 11 0.568146 1
gene 1 2 24 0.371901 0 12 0.371901 1
gene 1 2 25 1.11925 0 13 1.11925 1
gene 1 2 27 -1.7144 0 15 -1.7144 1
gene 1 2 28 2.87766 0 16 2.87766 1
gene 1 3 21 0.782439 0 17 0.782439 1
gene 1 3 22 0.309439 0 18 0.309439 1
gene 1 3 23 -1.09311 0 19 -1.09311 1
gene 1 3 24 -1.44953 0 20 -1.44953 1
gene 1 3 25 -0.470584 0 21 -0.470584 1
gene 1 3 27 -1.64803 0 23 -1.64803 1
gene 1 3 28 -0.228864 0 24 -0.228864 1
gene 1 4 21 -3.23658 0 25 -3.23658 1
gene 1 4 22 2.49563 0 26 2.49563 1
gene 1 4 23 -0.942141 0 27 -0.942141 1
gene 1 4 24 -0.00570797 0 28 -0.00570797 1
gene 1 4 25 -1.06397 0 29 -1.06397 1
gene 1 4 27 0.237891 0 31 0.237891 1
gene 1 4 28 -0.15771 0 32 -0.15771 1
gene 1 5 21 -2.60784 0 33 -2.60784 1
gene 1 5 22 3.13304 0 34 3.13304 1
gene 1 5 23 1.27269 0 35 1.27269 1
gene 1 5 24 3.46734 0 36 3.46734 1
gene 1 5 25 -0.118349 0 37 -0.118349 1
gene 1 5 27 1.55074 0 39 1.55074 1
gene 1 5 28 -1.64496 0 40 -1.64496 1
gene 1 6 21 0.448514 0 41 0.448514 1
gene 1 6 22 -1.206 0 42 -1.206 1
gene 1 6 23 1.91007 0 43 1.91007 1
gene 1 6 24 -0.103479 0 44 -0.103479 1
gene 1 6 25 1.2469 0 45 1.2469 1
gene 1 6 27 0.848882 0 47 0.848882 1
gene 1 6 28 -0.821541 0 48 -0.821541 1
gene 1 7 21 0.282631 0 49 0.282631 1
gene 1 7 22 0.289694 0 50 0.289694 1
gene 1 7 23 -2.04937 0 51 -2.04937 1
gene 1 7 24 -0.266116 0 52 -0.266116 1
gene 1 7 25 -1.48802 0 53 -1.48802 1
gene 1 7 27 2.21358 0 55 2.21358 1
gene 1 7 28 -3.05103 0 56 -3.05103 1
gene 1 8 21 2.43721 0 57 2.43721 1
gene 1 8 22 -2.62617 0 58 -2.62617 1
gene 1 8 23 -1.20206 0 59 -1.20206 1
gene 1 8 24 -0.275318 0 60 -0.275318 1
gene 1 8 25 0.136018 0 61 0.136018 1
gene 1 8 27 -1.77918 0 63 -1.77918 1
gene 1 9 21 1.60976 0 65 1.60976 1
gene 1 9 22 2.03085 0 66 2.03085 1
gene 1 9 23 0.0477121 0 67 0.0477121 1
gene 1 9 24 -0.749034 0 68 -0.749034 1
gene 1 9 25 1.73064 0 69 1.73064 1
gene 1 9 27 2.00324 0 71 2.00324 1
gene 1 9 28 1.32861 0 72 1.32861 1
gene 1 21 10 -1.17525 0 73 -1.17525 1
gene 1 21 12 5.14734 0 75 5.14734 1
gene 1 21 13 0.764651 0 76 0.764651 1
gene 1 21 14 0.212216 0 77 0.212216 1
gene 1 21 15 0.782206 0 78 0.782206 1
gene 1 21 16 1.10073 0 79 1.10073 1
gene 1 21 17 -1.70201 0 80 -1.70201 1
gene 1 21 18 2.03033 0 81 2.03033 1
gene 1 21 19 0.554292 0 82 0.554292 1
gene 1 21 20 -0.583518 0 83 -0.583518 1
gene 1 22 10 0.203921 0 84 0.203921 1
gene 1 22 11 -0.768012 0 85 -0.768012 1
gene 1 22 12 0.74409 0 86 0.74409 1
gene 1 22 13 -0.923353 0 87 -0.923353 1
gene 1 22 14 0.160584 0 88 0.160584 1
gene 1 22 15 0.614891 0 89 0.614891 1
gene 1 22 16 -0.159887 0 90 -0.159887 1
gene 1 22 17 0.0634274 0 91 0.0634274 1
gene 1 22 18 0.0128536 0 92 0.0128536 1
gene 1 22 19 -0.523538 0 93 -0.523538 1
gene 1 22 20 -0.83808 0 94 -0.83808 1
gene 1 23 10 0.304135 0 95 0.304135 1
gene 1 23 11 0.168299 0 96 0.168299 1
gene 1 23 12 0.591879 0 97 0.591879 1
gene 1 23 13 1.6997 0 98 1.6997 1
gene 1 23 14 0.651147 0 99 0.651147 1
gene 1 23 15 2.9701 0 100 2.9701 1
gene 1 23 16 0.689965 0 101 0.689965 1
gene 1 23 17 0.52015 0 102 0.52015 1
gene 1 23 18 1.56015 0 103 1.56015 1
gene 1 23 19 -0.0847517 0 104 -0.0847517 1
gene 1 23 20 -1.90592 0 105 -1.90592 1
gene 1 24 10 3.26803 0 106 3.26803 1
gene 1 24 11 0.594214 0 107 0.594214 1
gene 1 24 12 1.12783 0 108 1.12783 1
gene 1 24 13 2.7286 0 109 2.7286 1
gene 1 24 14 1.69888 0 110 1.69888 1
gene 1 24 15 0.664229 0 111 0.664229 1
gene 1 24 16 -0.802326 0 112 -0.802326 1
gene 1 24 17 -0.621233 0 113 -0.621233 1
gene 1 24 18 0.848366 0 114 0.848366 1
gene 1 24 19 -0.105966 0 115 -0.105966 1
gene 1 24 20 -0.312491 0 116 -0.312491 1
gene 1 25 10 0.228223 0 117 0.228223 1
gene 1 25 11 0.2944 0 118 0.2944 1
gene 1 25 12 0.720598 0 119 0.720598 1
gene 1 25 13 -0.521122 0 120 -0.521122 1
gene 1 25 14 -2.59093 0 121 -2.59093 1
gene 1 25 15 -4.18352 0 122 -4.18352 1
gene 1 25 16 2.16132 0 123 2.16132 1
gene 1 25 17 0.109073 0 124 0.109073 1
gene 1 25 18 -0.132215 0 125 -0.132215 1
gene 1 25 19 0.897482 0 126 0.897482 1
gene 1 25 20 -0.239631 0 127 -0.239631 1
gene 1 27 10 1.8531 0 139 1.8531 1
gene 1 27 11 0.996896 0 140 0.996896 1
gene 1 27 12 -1.78253 0 141 -1.78253 1
gene 1 27 13 -2.41035 0 142 -2.41035 1
gene 1 27 14 -1.13779 0 143 -1.13779 1
gene 1 27 15 -0.425617 0 144 -0.425617 1
gene 1 27 16 -0.246523 0 145 -0.246523 1
gene 1 27 17 -1.27138 0 146 -1.27138 1
gene 1 27 19 0.861822 0 148 0.861822 1
gene 1 27 20 -2.50927 0 149 -2.50927 1
gene 1 28 10 -0.406734 0 150 -0.406734 1
gene 1 28 11 0.323145 0 151 0.323145 1
gene 1 28 12 0.160122 0 152 0.160122 1
gene 1 28 13 2.28084 0 153 2.28084 1
gene 1 28 14 -0.635532 0 154 -0.635532 1
gene 1 28 15 -0.345978 0 155 -0.345978 1
gene 1 28 16 -2.19294 0 156 -2.19294 1
gene 1 28 17 2.44581 0 157 2.44581 1
gene 1 28 18 0.349881 0 158 0.349881 1
gene 1 28 19 2.23834 0 159 2.23834 1
gene 1 28 20 1.06403 0 160 1.06403 1
gene 1 7 18 2.31209 0 624 2.31209 1
gene 1 9 16 0.118175 0 1839 0.118175 1
gene 1 6 14 -0.578326 0 2057 -0.578326 1
gene 1 18 10 0.537873 0 2344 0.537873 1
genomeend 315
