/* Organism #63 Fitness: 1.013 Error: 0.987 */
genomestart 63
trait 1 0.09965 0.817837 0.268741 0.319115 0.579332 0.549187 0.466986 0.740635 
node 1 1 0
node 2 1 1
node 3 1 1
node 4 1 1
node 5 1 1
node 6 1 1
node 7 1 1
node 8 1 1
node 9 1 1
node 10 1 2
node 11 1 2
node 12 1 2
node 13 1 2
node 14 1 2
node 15 1 2
node 16 1 2
node 17 1 2
node 18 1 2
node 19 1 2
node 20 1 2
node 23 1 3
node 24 1 3
node 25 1 3
node 26 1 3
node 28 1 3
node 31 1 3
node 42 1 3
node 174 1 3
gene 1 1 23 -1.26424 0 3 -1.26424 1
gene 1 1 24 0.951095 0 4 0.951095 1
gene 1 1 25 -2.92227 0 5 -2.92227 1
gene 1 1 26 3.69549 0 6 3.69549 1
gene 1 1 28 -3.34082 0 8 -3.34082 1
gene 1 2 23 -0.220425 0 11 -0.220425 1
gene 1 2 24 2.37815 0 12 2.37815 1
gene 1 2 25 0.518493 0 13 0.518493 1
gene 1 2 26 -2.42049 0 14 -2.42049 1
gene 1 2 28 0.920248 0 16 0.920248 1
gene 1 3 23 -2.49297 0 19 -2.49297 1
gene 1 3 24 -0.620426 0 20 -0.620426 1
gene 1 3 25 2.86061 0 21 2.86061 1
gene 1 4 24 -3.39495 0 28 -3.39495 1
gene 1 4 25 0.357187 0 29 0.357187 1
gene 1 4 26 0.842753 0 30 0.842753 1
gene 1 4 28 -1.36363 0 32 -1.36363 1
gene 1 5 23 -1.97889 0 35 -1.97889 1
gene 1 5 24 0.905262 0 36 0.905262 1
gene 1 5 25 -1.58155 0 37 -1.58155 1
gene 1 5 26 0.35745 0 38 0.35745 1
gene 1 5 28 -0.597366 0 40 -0.597366 1
gene 1 6 23 -0.755455 0 43 -0.755455 1
gene 1 6 24 3.43669 0 44 3.43669 1
gene 1 6 25 0.0352756 0 45 0.0352756 1
gene 1 6 26 1.47549 0 46 1.47549 1
gene 1 6 28 -3.57026 0 48 -3.57026 1
gene 1 7 23 3.70452 0 51 3.70452 1
gene 1 7 24 0.805354 0 52 0.805354 1
gene 1 7 25 -0.0283505 0 53 -0.0283505 1
gene 1 7 26 2.61929 0 54 2.61929 1
gene 1 7 28 0.721561 0 56 0.721561 1
gene 1 8 23 -1.76968 0 59 -1.76968 1
gene 1 8 24 0.307214 0 60 0.307214 1
gene 1 8 26 0.422597 0 62 0.422597 1
gene 1 8 28 0.799094 0 64 0.799094 1
gene 1 9 23 -2.10032 0 67 -2.10032 1
gene 1 9 24 -0.0724367 0 68 -0.0724367 1
gene 1 9 25 0.223623 0 69 0.223623 1
gene 1 9 26 -1.41906 0 70 -1.41906 1
gene 1 9 28 -2.56701 0 72 -2.56701 1
gene 1 23 10 -2.39759 0 95 -2.39759 1
gene 1 23 11 -0.408009 0 96 -0.408009 1
gene 1 23 13 1.55724 0 98 1.55724 1
gene 1 23 14 -0.946097 0 99 -0.946097 1
gene 1 23 16 -1.12654 0 101 -1.12654 1
gene 1 23 17 1.79279 0 102 1.79279 1
gene 1 23 18 1.39179 0 103 1.39179 1
gene 1 23 19 -2.07071 0 104 -2.07071 1
gene 1 23 20 0.160318 0 105 0.160318 1
gene 1 24 10 -1.80055 0 106 -1.80055 1
gene 1 24 11 0.559025 0 107 0.559025 1
gene 1 24 12 1.56384 0 108 1.56384 1
gene 1 24 13 -0.116273 0 109 -0.116273 1
gene 1 24 14 -0.302931 0 110 -0.302931 1
gene 1 24 15 0.316499 0 111 0.316499 1
gene 1 24 16 -0.696356 0 112 -0.696356 1
gene 1 24 18 -1.92796 0 114 -1.92796 1
gene 1 24 19 0.399593 0 115 0.399593 1
gene 1 24 20 -0.440315 0 116 -0.440315 1
gene 1 25 10 3.87728 0 117 3.87728 1
gene 1 25 11 3.22884 0 118 3.22884 1
gene 1 25 12 -2.92577 0 119 -2.92577 1
gene 1 25 13 1.87346 0 120 1.87346 1
gene 1 25 15 1.2109 0 122 1.2109 1
gene 1 25 16 -1.12783 0 123 -1.12783 1
gene 1 25 17 0.360305 0 124 0.360305 1
gene 1 25 18 -0.38175 0 125 -0.38175 1
gene 1 25 19 -1.15223 0 126 -1.15223 1
gene 1 25 20 0.953173 0 127 0.953173 1
gene 1 26 10 -2.57983 0 128 -2.57983 1
gene 1 26 11 -1.17609 0 129 -1.17609 1
gene 1 26 12 2.1341 0 130 2.1341 1
gene 1 26 14 0.505516 0 132 0.505516 1
gene 1 26 15 -0.659876 0 133 -0.659876 1
gene 1 26 16 -1.79626 0 134 -1.79626 1
gene 1 26 17 -1.86994 0 135 -1.86994 1
gene 1 26 18 -1.89956 0 136 -1.89956 1
gene 1 26 19 1.38058 0 137 1.38058 1
gene 1 26 20 1.4929 0 138 1.4929 1
gene 1 28 10 -1.48566 0 150 -1.48566 1
gene 1 28 11 0.895678 0 151 0.895678 1
gene 1 28 12 1.00142 0 152 1.00142 1
gene 1 28 13 -1.08424 0 153 -1.08424 1
gene 1 28 14 -0.539701 0 154 -0.539701 1
gene 1 28 15 -1.46453 0 155 -1.46453 1
gene 1 28 16 -3.35689 0 156 -3.35689 1
gene 1 28 17 -0.34414 0 157 -0.34414 1
gene 1 28 18 0.0460558 0 158 0.0460558 1
gene 1 28 19 -0.43718 0 159 -0.43718 1
gene 1 28 20 -0.123243 0 160 -0.123243 1
gene 1 26 31 -0.391393 0 298 -0.391393 1
gene 1 31 13 -1.287 0 299 -1.287 1
gene 1 3 42 -0.332347 0 646 -0.332347 1
gene 1 42 28 1.64348 0 647 1.64348 1
gene 1 10 20 -0.734188 0 1092 -0.734188 1
gene 1 25 24 0.238309 0 1497 0.238309 1
gene 1 17 15 0.374101 0 2328 0.374101 1
gene 1 12 20 0.761693 0 2540 0.761693 1
gene 1 17 31 0.739399 0 2985 0.739399 1
gene 1 5 31 0.287431 0 3201 0.287431 1
gene 1 19 15 2.49626 0 3295 2.49626 1
gene 1 16 16 1.71704 1 3399 1.71704 1
gene 1 18 18 -0.333203 1 3736 -0.333203 1
gene 1 15 12 -2.02528 0 3826 -2.02528 1
gene 1 31 42 -0.11811 1 4031 -0.11811 1
gene 1 23 174 2.46759 0 4585 2.46759 1
gene 1 174 12 1.69985 0 4586 1.69985 1
gene 1 12 12 -0.653126 1 5683 -0.653126 1
gene 1 16 31 1.86541 0 5792 1.86541 1
gene 1 2 16 -0.481247 0 5984 -0.481247 1
gene 1 17 10 -0.971115 0 6116 -0.971115 1
genomeend 63
