/* Organism #206 Fitness: 1.01 Error: 0.99 */
genomestart 206
trait 1 0.149081 0.0654472 0.631488 0.0171691 0.908219 0.323726 0.987228 0 
node 1 1 0
node 2 1 1
node 3 1 1
node 4 1 1
node 5 1 1
node 6 1 1
node 7 1 1
node 8 1 1
node 9 1 1
node 10 1 2
node 11 1 2
node 12 1 2
node 13 1 2
node 14 1 2
node 15 1 2
node 16 1 2
node 17 1 2
node 18 1 2
node 19 1 2
node 20 1 2
node 21 1 3
node 23 1 3
node 24 1 3
node 25 1 3
node 27 1 3
node 28 1 3
gene 1 1 21 -1.61047 0 1 -1.61047 1
gene 1 1 23 -4.48509 0 3 -4.48509 1
gene 1 1 24 -1.42251 0 4 -1.42251 1
gene 1 1 25 -5.81283 0 5 -5.81283 1
gene 1 1 27 1.62979 0 7 1.62979 1
gene 1 1 28 -0.852758 0 8 -0.852758 1
gene 1 2 21 -1.60607 0 9 -1.60607 1
gene 1 2 23 4.11111 0 11 4.11111 1
gene 1 2 24 -2.01691 0 12 -2.01691 1
gene 1 2 27 5.90859 0 15 5.90859 1
gene 1 2 28 -1.28691 0 16 -1.28691 1
gene 1 3 21 1.29531 0 17 1.29531 1
gene 1 3 23 1.88877 0 19 1.88877 1
gene 1 3 24 -2.14899 0 20 -2.14899 1
gene 1 3 25 1.70581 0 21 1.70581 1
gene 1 3 27 -0.237496 0 23 -0.237496 1
gene 1 3 28 3.68132 0 24 3.68132 1
gene 1 4 21 -1.27017 0 25 -1.27017 1
gene 1 4 23 0.0349216 0 27 0.0349216 1
gene 1 4 24 -3.08237 0 28 -3.08237 1
gene 1 4 25 5.25244 0 29 5.25244 1
gene 1 4 27 0.644289 0 31 0.644289 1
gene 1 4 28 -1.92623 0 32 -1.92623 1
gene 1 5 23 -1.22345 0 35 -1.22345 1
gene 1 5 24 2.3518 0 36 2.3518 1
gene 1 5 25 -2.01079 0 37 -2.01079 1
gene 1 5 27 1.92187 0 39 1.92187 1
gene 1 5 28 -4.37562 0 40 -4.37562 1
gene 1 6 21 -2.59622 0 41 -2.59622 1
gene 1 6 23 -1.40887 0 43 -1.40887 1
gene 1 6 24 -1.40213 0 44 -1.40213 1
gene 1 6 25 3.91554 0 45 3.91554 1
gene 1 6 27 4.87636 0 47 4.87636 1
gene 1 6 28 -0.341097 0 48 -0.341097 1
gene 1 7 21 -3.17786 0 49 -3.17786 1
gene 1 7 23 -3.20647 0 51 -3.20647 1
gene 1 7 24 -0.0235352 0 52 -0.0235352 1
gene 1 7 25 8 0 53 8 1
gene 1 7 27 -0.887071 0 55 -0.887071 1
gene 1 7 28 0.631445 0 56 0.631445 1
gene 1 8 21 4.16645 0 57 4.16645 1
gene 1 8 23 -2.29593 0 59 -2.29593 1
gene 1 8 24 -3.82943 0 60 -3.82943 1
gene 1 8 25 -0.132356 0 61 -0.132356 1
gene 1 8 27 -5.44141 0 63 -5.44141 1
gene 1 8 28 -0.274636 0 64 -0.274636 1
gene 1 9 21 4.68659 0 65 4.68659 1
gene 1 9 23 -1.12136 0 67 -1.12136 1
gene 1 9 24 -3.75634 0 68 -3.75634 1
gene 1 9 25 7.54048 0 69 7.54048 1
gene 1 9 27 -5.53016 0 71 -5.53016 1
gene 1 9 28 0.414071 0 72 0.414071 1
gene 1 21 10 -0.286769 0 73 -0.286769 1
gene 1 21 11 -1.3011 0 74 -1.3011 1
gene 1 21 12 -2.90807 0 75 -2.90807 1
gene 1 21 13 -2.49369 0 76 -2.49369 1
gene 1 21 14 -0.935999 0 77 -0.935999 1
gene 1 21 15 -1.6943 0 78 -1.6943 1
gene 1 21 16 2.41563 0 79 2.41563 1
gene 1 21 17 -3.59811 0 80 -3.59811 1
gene 1 21 18 -4.5497 0 81 -4.5497 1
gene 1 21 19 -0.361671 0 82 -0.361671 1
gene 1 21 20 3.04916 0 83 3.04916 1
gene 1 23 10 1.65772 0 95 1.65772 1
gene 1 23 11 -1.13227 0 96 -1.13227 1
gene 1 23 12 -6.50653 0 97 -6.50653 1
gene 1 23 13 0.789423 0 98 0.789423 1
gene 1 23 14 -2.38767 0 99 -2.38767 1
gene 1 23 15 2.41255 0 100 2.41255 1
gene 1 23 16 -1.28084 0 101 -1.28084 1
gene 1 23 17 1.21004 0 102 1.21004 1
gene 1 23 18 -1.31106 0 103 -1.31106 1
gene 1 23 19 -3.18152 0 104 -3.18152 1
gene 1 23 20 1.48722 0 105 1.48722 1
gene 1 24 10 0.156165 0 106 0.156165 1
gene 1 24 11 2.02939 0 107 2.02939 1
gene 1 24 12 -3.16097 0 108 -3.16097 1
gene 1 24 13 2.63822 0 109 2.63822 1
gene 1 24 14 2.53223 0 110 2.53223 1
gene 1 24 15 0.706007 0 111 0.706007 1
gene 1 24 16 1.68362 0 112 1.68362 1
gene 1 24 17 0.409322 0 113 0.409322 1
gene 1 24 18 -7.02823 0 114 -7.02823 1
gene 1 24 19 0.515615 0 115 0.515615 1
gene 1 24 20 -1.55339 0 116 -1.55339 1
gene 1 25 10 -3.67779 0 117 -3.67779 1
gene 1 25 11 -3.60526 0 118 -3.60526 1
gene 1 25 12 -2.5181 0 119 -2.5181 1
gene 1 25 13 -2.16955 0 120 -2.16955 1
gene 1 25 14 1.48588 0 121 1.48588 1
gene 1 25 15 1.08068 0 122 1.08068 1
gene 1 25 16 2.33516 0 123 2.33516 1
gene 1 25 17 2.86025 0 124 2.86025 1
gene 1 25 18 -1.34032 0 125 -1.34032 1
gene 1 25 19 -1.76162 0 126 -1.76162 1
gene 1 25 20 -1.8777 0 127 -1.8777 1
gene 1 27 10 7.78673 0 139 7.78673 1
gene 1 27 11 0.425234 0 140 0.425234 1
gene 1 27 12 -2.01356 0 141 -2.01356 1
gene 1 27 13 3.32973 0 142 3.32973 1
gene 1 27 14 3.74341 0 143 3.74341 1
gene 1 27 15 1.33289 0 144 1.33289 1
gene 1 27 16 0.208178 0 145 0.208178 1
gene 1 27 17 -1.62363 0 146 -1.62363 1
gene 1 27 18 0.679913 0 147 0.679913 1
gene 1 27 19 -1.67482 0 148 -1.67482 1
gene 1 27 20 4.57965 0 149 4.57965 1
gene 1 28 10 0.789224 0 150 0.789224 1
gene 1 28 11 -0.783277 0 151 -0.783277 1
gene 1 28 12 0.516146 0 152 0.516146 1
gene 1 28 13 -0.235695 0 153 -0.235695 1
gene 1 28 14 -2.54597 0 154 -2.54597 1
gene 1 28 15 0.631077 0 155 0.631077 1
gene 1 28 16 1.48539 0 156 1.48539 1
gene 1 28 17 -0.835395 0 157 -0.835395 1
gene 1 28 18 -0.66525 0 158 -0.66525 1
gene 1 28 19 -1.95419 0 159 -1.95419 1
gene 1 28 20 -2.93814 0 160 -2.93814 1
gene 1 5 12 -1.03953 0 319 -1.03953 1
gene 1 13 10 -0.239671 0 567 -0.239671 1
gene 1 9 19 2.36325 0 1128 2.36325 1
gene 1 7 12 -0.830057 0 1332 -0.830057 1
gene 1 14 14 1.28953 1 2307 1.28953 1
gene 1 27 27 -1.27249 1 2430 -1.27249 1
gene 1 6 19 -4.45267 0 2553 -4.45267 1
gene 1 9 16 -0.619608 0 2727 -0.619608 1
gene 1 12 25 0.360423 1 3039 0.360423 1
gene 1 4 20 -1.32564 0 3277 -1.32564 1
gene 1 12 10 -1.50548 0 3824 -1.50548 1
genomeend 206
