/* Organism #358 Fitness: 1.01 Error: 0.99 */
genomestart 358
trait 1 0.0960873 0.0639863 0.217343 0.0809827 0.908219 0.227115 0.825183 0.206958 
node 1 1 0
node 2 1 1
node 3 1 1
node 4 1 1
node 5 1 1
node 6 1 1
node 7 1 1
node 8 1 1
node 9 1 1
node 10 1 2
node 11 1 2
node 12 1 2
node 13 1 2
node 14 1 2
node 15 1 2
node 16 1 2
node 17 1 2
node 18 1 2
node 19 1 2
node 20 1 2
node 21 1 3
node 23 1 3
node 24 1 3
node 26 1 3
node 28 1 3
node 95 1 3
gene 1 1 21 -1.30111 0 1 -1.30111 1
gene 1 1 24 -3.88134 0 4 -3.88134 1
gene 1 1 26 -2.87534 0 6 -2.87534 1
gene 1 1 28 3.9703 0 8 3.9703 1
gene 1 2 21 -4.7452 0 9 -4.7452 1
gene 1 2 23 2.36671 0 11 2.36671 1
gene 1 2 24 1.6008 0 12 1.6008 1
gene 1 2 26 -0.75569 0 14 -0.75569 1
gene 1 2 28 2.08832 0 16 2.08832 1
gene 1 3 21 -4.90587 0 17 -4.90587 1
gene 1 3 24 1.04799 0 20 1.04799 1
gene 1 3 26 0.282085 0 22 0.282085 1
gene 1 3 28 0.673548 0 24 0.673548 1
gene 1 4 24 -0.722268 0 28 -0.722268 1
gene 1 4 26 5.75047 0 30 5.75047 1
gene 1 4 28 0.093399 0 32 0.093399 1
gene 1 5 21 -2.79176 0 33 -2.79176 1
gene 1 5 24 -0.110852 0 36 -0.110852 1
gene 1 5 26 -0.627324 0 38 -0.627324 1
gene 1 5 28 2.82277 0 40 2.82277 1
gene 1 6 21 0.156952 0 41 0.156952 1
gene 1 6 23 2.80923 0 43 2.80923 1
gene 1 6 24 0.275744 0 44 0.275744 1
gene 1 6 26 -2.93443 0 46 -2.93443 1
gene 1 6 28 4.55113 0 48 4.55113 1
gene 1 7 21 1.94285 0 49 1.94285 1
gene 1 7 24 2.99833 0 52 2.99833 1
gene 1 7 26 -0.966278 0 54 -0.966278 1
gene 1 8 21 1.78122 0 57 1.78122 1
gene 1 8 26 -1.2608 0 62 -1.2608 1
gene 1 9 21 -1.09155 0 65 -1.09155 1
gene 1 9 23 1.15621 0 67 1.15621 1
gene 1 9 24 -1.36672 0 68 -1.36672 1
gene 1 9 26 -0.980922 0 70 -0.980922 1
gene 1 9 28 1.96441 0 72 1.96441 1
gene 1 21 10 -1.88318 0 73 -1.88318 1
gene 1 21 11 -0.153899 0 74 -0.153899 1
gene 1 21 12 1.13003 0 75 1.13003 1
gene 1 21 13 -0.172328 0 76 -0.172328 1
gene 1 21 14 -3.68329 0 77 -3.68329 1
gene 1 21 15 0.817549 0 78 0.817549 1
gene 1 21 16 6.20677 0 79 6.20677 1
gene 1 21 18 -1.43667 0 81 -1.43667 1
gene 1 21 19 1.47549 0 82 1.47549 1
gene 1 21 20 1.47571 0 83 1.47571 1
gene 1 23 10 0.289286 0 95 0.289286 1
gene 1 23 11 0.164085 0 96 0.164085 1
gene 1 23 12 3.96415 0 97 3.96415 1
gene 1 23 14 -0.427449 0 99 -0.427449 1
gene 1 23 15 6.82289 0 100 6.82289 1
gene 1 23 17 4.87685 0 102 4.87685 1
gene 1 23 18 -1.35272 0 103 -1.35272 1
gene 1 23 19 -0.147614 0 104 -0.147614 1
gene 1 23 20 -0.777594 0 105 -0.777594 1
gene 1 24 10 0.383215 0 106 0.383215 1
gene 1 24 11 -0.530575 0 107 -0.530575 1
gene 1 24 12 -1.59968 0 108 -1.59968 1
gene 1 24 13 1.44307 0 109 1.44307 1
gene 1 24 15 -1.62614 0 111 -1.62614 1
gene 1 24 16 0.12042 0 112 0.12042 1
gene 1 24 17 5.46098 0 113 5.46098 1
gene 1 24 18 -1.60118 0 114 -1.60118 1
gene 1 24 19 -2.74952 0 115 -2.74952 1
gene 1 24 20 2.04752 0 116 2.04752 1
gene 1 26 11 2.37574 0 129 2.37574 1
gene 1 26 12 0.937057 0 130 0.937057 1
gene 1 26 13 3.90962 0 131 3.90962 1
gene 1 26 14 -2.82754 0 132 -2.82754 1
gene 1 26 15 -0.288434 0 133 -0.288434 1
gene 1 26 16 1.91594 0 134 1.91594 1
gene 1 26 18 -2.11285 0 136 -2.11285 1
gene 1 26 19 -0.8537 0 137 -0.8537 1
gene 1 26 20 1.14423 0 138 1.14423 1
gene 1 28 10 -0.218501 0 150 -0.218501 1
gene 1 28 11 -1.80319 0 151 -1.80319 1
gene 1 28 12 1.2017 0 152 1.2017 1
gene 1 28 13 0.34122 0 153 0.34122 1
gene 1 28 14 -2.11762 0 154 -2.11762 1
gene 1 28 16 -0.340248 0 156 -0.340248 1
gene 1 28 19 2.16592 0 159 2.16592 1
gene 1 28 20 2.86115 0 160 2.86115 1
gene 1 15 11 -0.884103 0 531 -0.884103 1
gene 1 17 28 -0.803494 1 635 -0.803494 1
gene 1 5 13 0.624817 0 757 0.624817 1
gene 1 18 24 -0.861505 1 1651 -0.861505 1
gene 1 19 11 0.640604 0 1843 0.640604 1
gene 1 4 95 -0.742073 0 1943 -0.742073 1
gene 1 95 21 0.246346 0 1944 0.246346 1
gene 1 13 21 -0.220779 1 2163 -0.220779 1
gene 1 1 10 0.0933065 0 2266 0.0933065 1
gene 1 1 12 0.97972 0 2460 0.97972 1
gene 1 19 20 -1.56789 0 2546 -1.56789 1
gene 1 2 11 -0.0996955 0 2654 -0.0996955 1
gene 1 23 23 0.2718 1 3433 0.2718 1
gene 1 16 10 0.371279 0 3723 0.371279 1
gene 1 17 17 -1.13121 1 3930 -1.13121 1
gene 1 11 11 1.13476 1 4023 1.13476 1
gene 1 13 11 0.296065 0 4234 0.296065 1
gene 1 7 17 -0.331862 0 4593 -0.331862 1
gene 1 19 13 0.268903 0 4858 0.268903 1
gene 1 7 13 -0.672246 0 5031 -0.672246 1
gene 1 95 13 0.418245 0 5389 0.418245 1
gene 1 10 10 0.573375 1 5795 0.573375 1
gene 1 4 20 0.347985 0 6228 0.347985 1
gene 1 18 10 0.0422328 0 6480 0.0422328 1
gene 1 7 12 -0.112106 0 6719 -0.112106 1
genomeend 358
