/* Organism #59 Fitness: 1.012 Error: 0.988 */
genomestart 59
trait 1 0.278773 0.221796 0.866507 0.0567637 0.824822 0.12821 0.734005 0.534608 
node 1 1 0
node 2 1 1
node 3 1 1
node 4 1 1
node 5 1 1
node 6 1 1
node 7 1 1
node 8 1 1
node 9 1 1
node 10 1 2
node 11 1 2
node 12 1 2
node 13 1 2
node 14 1 2
node 15 1 2
node 16 1 2
node 17 1 2
node 18 1 2
node 19 1 2
node 20 1 2
node 23 1 3
node 25 1 3
node 27 1 3
node 287 1 3
gene 1 1 23 -0.741394 0 3 -0.741394 1
gene 1 1 25 1.08104 0 5 1.08104 1
gene 1 1 27 3.76633 0 7 3.76633 1
gene 1 2 23 0.93493 0 11 0.93493 1
gene 1 2 25 3.99104 0 13 3.99104 1
gene 1 2 27 0.440955 0 15 0.440955 1
gene 1 3 23 1.21598 0 19 1.21598 1
gene 1 3 25 -0.546203 0 21 -0.546203 1
gene 1 3 27 -1.96518 0 23 -1.96518 1
gene 1 4 23 -1.33889 0 27 -1.33889 1
gene 1 4 27 0.707578 0 31 0.707578 1
gene 1 5 23 -6.66121 0 35 -6.66121 1
gene 1 5 27 0.458498 0 39 0.458498 1
gene 1 6 23 -2.37831 0 43 -2.37831 1
gene 1 6 25 4.57813 0 45 4.57813 1
gene 1 6 27 1.81794 0 47 1.81794 1
gene 1 7 23 1.28609 0 51 1.28609 1
gene 1 7 25 2.08698 0 53 2.08698 1
gene 1 7 27 1.71177 0 55 1.71177 1
gene 1 8 25 -6.28117 0 61 -6.28117 1
gene 1 8 27 -0.289746 0 63 -0.289746 1
gene 1 9 23 -0.643867 0 67 -0.643867 1
gene 1 9 25 2.78253 0 69 2.78253 1
gene 1 23 10 6.63881 0 95 6.63881 1
gene 1 23 11 0.144784 0 96 0.144784 1
gene 1 23 15 -2.80462 0 100 -2.80462 1
gene 1 23 16 -0.256376 0 101 -0.256376 1
gene 1 23 17 0.600837 0 102 0.600837 1
gene 1 23 19 -0.988798 0 104 -0.988798 1
gene 1 23 20 4.53891 0 105 4.53891 1
gene 1 25 10 1.13766 0 117 1.13766 1
gene 1 25 11 -0.295811 0 118 -0.295811 1
gene 1 25 12 4.62533 0 119 4.62533 1
gene 1 25 14 1.05922 0 121 1.05922 1
gene 1 25 15 -5.31925 0 122 -5.31925 1
gene 1 25 16 3.36166 0 123 3.36166 1
gene 1 25 17 -5.31338 0 124 -5.31338 1
gene 1 25 18 5.05053 0 125 5.05053 1
gene 1 25 20 5.06163 0 127 5.06163 1
gene 1 27 10 -3.86558 0 139 -3.86558 1
gene 1 27 11 -1.18533 0 140 -1.18533 1
gene 1 27 12 2.67108 0 141 2.67108 1
gene 1 27 13 -2.42901 0 142 -2.42901 1
gene 1 27 14 4.05232 0 143 4.05232 1
gene 1 27 15 -6.07741 0 144 -6.07741 1
gene 1 27 16 1.70173 0 145 1.70173 1
gene 1 27 17 0.845248 0 146 0.845248 1
gene 1 27 18 2.57791 0 147 2.57791 1
gene 1 27 19 4.23863 0 148 4.23863 1
gene 1 19 16 1.64197 0 1492 1.64197 1
gene 1 5 14 -0.473352 0 1651 -0.473352 1
gene 1 12 15 1.4809 0 2070 1.4809 1
gene 1 10 11 -3.6417 0 2724 -3.6417 1
gene 1 5 20 -1.40525 0 3106 -1.40525 1
gene 1 23 25 4.3977 0 4393 4.3977 1
gene 1 12 17 -1.40462 0 4682 -1.40462 1
gene 1 3 11 0.430487 0 4782 0.430487 1
gene 1 11 11 0.213103 1 5215 0.213103 1
gene 1 14 10 -3.73349 0 6508 -3.73349 1
gene 1 16 11 -0.84154 0 6554 -0.84154 1
gene 1 14 17 1.11847 0 6755 1.11847 1
gene 1 19 25 -0.274977 0 6848 -0.274977 1
gene 1 8 10 0.0633315 0 6996 0.0633315 1
gene 1 3 15 0.746023 0 7409 0.746023 1
gene 1 11 287 0.825023 0 7524 0.575023 1
gene 1 287 20 -0.751353 0 7525 -0.586313 1
gene 1 10 13 -0.313892 0 7807 -0.313892 1
gene 1 5 12 0.0324178 0 7927 0.0324178 1
gene 1 16 16 -0.328148 1 8023 -0.328148 1
genomeend 59
