/* Organism #501 Fitness: 1.012 Error: 0.988 */
genomestart 501
trait 1 0.16776 0.501731 0.360672 0.716753 0.797575 0.422671 0.923368 0.0613579 
node 1 1 0
node 2 1 1
node 3 1 1
node 4 1 1
node 5 1 1
node 6 1 1
node 7 1 1
node 8 1 1
node 9 1 1
node 10 1 2
node 11 1 2
node 12 1 2
node 13 1 2
node 14 1 2
node 15 1 2
node 16 1 2
node 17 1 2
node 18 1 2
node 19 1 2
node 20 1 2
node 23 1 3
node 24 1 3
node 25 1 3
gene 1 1 23 3.23846 0 3 3.23846 1
gene 1 1 24 -3.70153 0 4 -3.70153 1
gene 1 1 25 3.12314 0 5 3.12314 1
gene 1 2 23 0.108906 0 11 0.108906 1
gene 1 2 24 0.550344 0 12 0.550344 1
gene 1 2 25 4.41288 0 13 4.41288 1
gene 1 3 23 -2.19588 0 19 -2.19588 1
gene 1 3 24 5.70987 0 20 5.70987 1
gene 1 3 25 2.97857 0 21 2.97857 1
gene 1 4 23 -3.544 0 27 -3.544 1
gene 1 4 25 1.876 0 29 1.876 1
gene 1 5 23 0.124289 0 35 0.124289 1
gene 1 5 24 -0.696636 0 36 -0.696636 1
gene 1 5 25 -4.06332 0 37 -4.06332 1
gene 1 6 23 -0.434135 0 43 -0.434135 1
gene 1 6 24 0.331731 0 44 0.331731 1
gene 1 6 25 -3.66567 0 45 -3.66567 1
gene 1 7 23 4.24292 0 51 4.24292 1
gene 1 7 24 2.62629 0 52 2.62629 1
gene 1 7 25 0.42596 0 53 0.42596 1
gene 1 8 23 4.48376 0 59 4.48376 1
gene 1 8 24 -1.08912 0 60 -1.08912 1
gene 1 8 25 0.910299 0 61 0.910299 1
gene 1 9 23 3.08875 0 67 3.08875 1
gene 1 23 10 -0.925426 0 95 -0.925426 1
gene 1 23 11 -0.37831 0 96 -0.37831 1
gene 1 23 12 8 0 97 8 1
gene 1 23 13 0.40826 0 98 0.40826 1
gene 1 23 14 0.00632431 0 99 0.00632431 1
gene 1 23 15 2.3024 0 100 2.3024 1
gene 1 23 16 1.43354 0 101 1.43354 1
gene 1 23 17 2.13806 0 102 2.13806 1
gene 1 23 18 -2.27563 0 103 -2.27563 1
gene 1 23 19 -1.57541 0 104 -1.57541 1
gene 1 23 20 0.911644 0 105 0.911644 1
gene 1 24 10 2.28126 0 106 2.28126 1
gene 1 24 11 -0.73287 0 107 -0.73287 1
gene 1 24 12 -2.27601 0 108 -2.27601 1
gene 1 24 13 1.7356 0 109 1.7356 1
gene 1 24 14 -3.35322 0 110 -3.35322 1
gene 1 24 15 -1.84785 0 111 -1.84785 1
gene 1 24 16 6.5212 0 112 6.5212 1
gene 1 24 17 5.35099 0 113 5.35099 1
gene 1 24 18 0.901343 0 114 0.901343 1
gene 1 24 19 0.681423 0 115 0.681423 1
gene 1 25 10 -6.62309 0 117 -6.62309 1
gene 1 25 11 3.73015 0 118 3.73015 1
gene 1 25 12 -2.57211 0 119 -2.57211 1
gene 1 25 13 -4.33926 0 120 -4.33926 1
gene 1 25 14 3.65072 0 121 3.65072 1
gene 1 25 15 1.24789 0 122 1.24789 1
gene 1 25 16 -5.5071 0 123 -5.5071 1
gene 1 25 17 -4.43284 0 124 -4.43284 1
gene 1 25 19 2.39865 0 126 2.39865 1
gene 1 25 20 0.226057 0 127 0.226057 1
gene 1 8 13 0.566937 0 354 0.566937 1
gene 1 15 10 -1.14736 0 613 -1.14736 1
gene 1 10 23 -0.963116 1 914 -0.963116 1
gene 1 8 11 1.40858 0 1113 1.40858 1
gene 1 10 10 1.27983 1 1182 1.27983 1
gene 1 12 15 1.07058 0 1389 1.07058 1
gene 1 19 14 0.753071 0 1666 0.753071 1
gene 1 5 16 -1.92244 0 2884 -1.92244 1
gene 1 17 13 -1.82295 0 4451 -1.82295 1
gene 1 13 20 0.835984 0 4605 0.835984 1
gene 1 12 12 -0.0707848 1 4794 -0.0707848 1
gene 1 17 17 -1.70661 1 5046 -1.70661 1
gene 1 6 14 -0.783167 0 5779 -0.783167 1
gene 1 8 18 -0.23085 0 6059 -0.23085 1
gene 1 16 16 -0.442615 1 6091 -0.442615 1
gene 1 10 18 0.214514 0 6344 0.214514 1
gene 1 25 25 -1.17619 1 6450 -1.17619 1
gene 1 12 18 -0.0291713 0 6627 -0.0291713 1
gene 1 19 19 -0.575212 1 6820 -0.575212 1
gene 1 17 14 -0.184332 0 6988 -0.184332 1
genomeend 501
