/* Organism #103 Fitness: 1.007 Error: 0.993 */
genomestart 103
trait 1 0.129303 0.997439 0.962076 0.247337 0.344147 0.89519 0.219617 0.131871 
node 1 1 0
node 2 1 1
node 3 1 1
node 4 1 1
node 5 1 1
node 6 1 1
node 7 1 1
node 8 1 1
node 9 1 1
node 10 1 2
node 11 1 2
node 12 1 2
node 13 1 2
node 14 1 2
node 15 1 2
node 16 1 2
node 17 1 2
node 18 1 2
node 19 1 2
node 20 1 2
node 21 1 3
node 22 1 3
node 23 1 3
node 25 1 3
node 27 1 3
gene 1 1 22 0.81231 0 2 0.81231 1
gene 1 1 23 1.72445 0 3 1.72445 1
gene 1 1 25 -0.514073 0 5 -0.514073 1
gene 1 2 21 2.61527 0 9 2.61527 1
gene 1 2 22 2.48239 0 10 2.48239 1
gene 1 2 23 0.290594 0 11 0.290594 1
gene 1 2 25 -0.491231 0 13 -0.491231 1
gene 1 2 27 0.303863 0 15 0.303863 1
gene 1 3 22 -1.82913 0 18 -1.82913 1
gene 1 3 23 0.370248 0 19 0.370248 1
gene 1 3 25 -4.60583 0 21 -4.60583 1
gene 1 4 21 0.836222 0 25 0.836222 1
gene 1 4 22 1.01457 0 26 1.01457 1
gene 1 4 23 -0.54995 0 27 -0.54995 1
gene 1 4 25 0.904661 0 29 0.904661 1
gene 1 4 27 -0.172297 0 31 -0.172297 1
gene 1 5 21 4.63763 0 33 4.63763 1
gene 1 5 22 1.12365 0 34 1.12365 1
gene 1 5 23 2.00442 0 35 2.00442 1
gene 1 5 27 1.74224 0 39 1.74224 1
gene 1 6 21 2.90199 0 41 2.90199 1
gene 1 6 22 2.83858 0 42 2.83858 1
gene 1 6 23 -0.0375606 0 43 -0.0375606 1
gene 1 6 25 2.24659 0 45 2.24659 1
gene 1 6 27 1.90867 0 47 1.90867 1
gene 1 7 22 0.422105 0 50 0.422105 1
gene 1 7 23 -0.542093 0 51 -0.542093 1
gene 1 7 25 0.92442 0 53 0.92442 1
gene 1 7 27 -1.26747 0 55 -1.26747 1
gene 1 8 21 -2.40026 0 57 -2.40026 1
gene 1 8 22 -0.0778598 0 58 -0.0778598 1
gene 1 9 21 -2.42309 0 65 -2.42309 1
gene 1 9 22 7.29553 0 66 7.29553 1
gene 1 9 23 -1.08537 0 67 -1.08537 1
gene 1 9 25 3.28268 0 69 3.28268 1
gene 1 9 27 2.08477 0 71 2.08477 1
gene 1 21 10 3.64142 0 73 3.64142 1
gene 1 21 11 -2.06507 0 74 -2.06507 1
gene 1 21 12 1.73726 0 75 1.73726 1
gene 1 21 13 0.460581 0 76 0.460581 1
gene 1 21 14 4.79061 0 77 4.79061 1
gene 1 21 15 4.52281 0 78 4.52281 1
gene 1 21 17 -1.34329 0 80 -1.34329 1
gene 1 21 18 2.27051 0 81 2.27051 1
gene 1 21 19 -3.71876 0 82 -3.71876 1
gene 1 21 20 -1.15755 0 83 -1.15755 1
gene 1 22 10 -1.9166 0 84 -1.9166 1
gene 1 22 11 0.364858 0 85 0.364858 1
gene 1 22 12 4.18552 0 86 4.18552 1
gene 1 22 14 -1.9631 0 88 -1.9631 1
gene 1 22 15 0.819287 0 89 0.819287 1
gene 1 22 16 0.826995 0 90 0.826995 1
gene 1 22 17 3.324 0 91 3.324 1
gene 1 22 18 -2.33213 0 92 -2.33213 1
gene 1 22 20 -1.35531 0 94 -1.35531 1
gene 1 23 11 -0.375636 0 96 -0.375636 1
gene 1 23 12 0.521556 0 97 0.521556 1
gene 1 23 15 -0.17496 0 100 -0.17496 1
gene 1 23 16 0.635365 0 101 0.635365 1
gene 1 23 17 -0.494871 0 102 -0.494871 1
gene 1 23 18 1.45805 0 103 1.45805 1
gene 1 23 19 2.42094 0 104 2.42094 1
gene 1 23 20 3.98166 0 105 3.98166 1
gene 1 25 10 0.94124 0 117 0.94124 1
gene 1 25 13 0.458325 0 120 0.458325 1
gene 1 25 14 0.753104 0 121 0.753104 1
gene 1 25 15 2.72862 0 122 2.72862 1
gene 1 25 19 4.72545 0 126 4.72545 1
gene 1 25 20 -1.83892 0 127 -1.83892 1
gene 1 27 10 0.328612 0 139 0.328612 1
gene 1 27 11 -1.50166 0 140 -1.50166 1
gene 1 27 12 2.99042 0 141 2.99042 1
gene 1 27 13 1.06878 0 142 1.06878 1
gene 1 27 14 0.802244 0 143 0.802244 1
gene 1 27 15 3.18333 0 144 3.18333 1
gene 1 27 17 -0.187906 0 146 -0.187906 1
gene 1 27 18 -1.11503 0 147 -1.11503 1
gene 1 27 19 -0.836754 0 148 -0.836754 1
gene 1 27 20 -0.799269 0 149 -0.799269 1
gene 1 4 11 -2.04073 0 631 -2.04073 1
gene 1 20 25 -1.17312 1 1119 -1.17312 1
gene 1 12 13 2.03091 0 1209 2.03091 1
gene 1 16 16 1.79754 1 1729 1.79754 1
gene 1 9 10 0.367892 0 1959 0.367892 1
gene 1 25 25 0.594203 1 2460 0.594203 1
gene 1 20 14 0.196376 0 2887 0.196376 1
gene 1 17 10 0.179784 0 3300 0.179784 1
gene 1 20 10 0.970521 0 3405 0.970521 1
gene 1 8 20 -0.0718633 0 3596 -0.0718633 1
gene 1 22 13 -1.00266 0 3692 -1.00266 1
gene 1 23 25 -2.18822 0 3777 -2.18822 1
gene 1 4 12 1.31546 0 4241 1.31546 1
gene 1 25 21 1.14989 0 4503 1.14989 1
gene 1 12 19 -0.308968 0 4598 -0.308968 1
gene 1 6 16 0.475007 0 4696 0.475007 1
gene 1 22 27 -0.121178 0 4815 -0.121178 1
gene 1 1 12 -0.00893321 0 5596 -0.00893321 1
gene 1 10 16 -0.60271 0 5705 -0.60271 1
gene 1 5 18 -0.269885 0 5791 -0.269885 1
gene 1 17 11 1.198 0 6034 1.198 1
gene 1 21 22 0.699068 0 6124 0.699068 1
gene 1 8 13 -0.947608 0 6770 -0.947608 1
gene 1 10 13 -0.65271 0 6865 -0.65271 1
gene 1 13 15 -0.20783 0 7290 -0.20783 1
gene 1 20 18 -0.15701 0 7761 -0.15701 1
genomeend 103
