/* Organism #419 Fitness: 1.01 Error: 0.99 */
genomestart 419
trait 1 0.525207 0.199151 0.0692095 0.809016 1 0 0.768158 0.432191 
node 1 1 0
node 2 1 1
node 3 1 1
node 4 1 1
node 5 1 1
node 6 1 1
node 7 1 1
node 8 1 1
node 9 1 1
node 10 1 2
node 11 1 2
node 12 1 2
node 13 1 2
node 14 1 2
node 15 1 2
node 16 1 2
node 17 1 2
node 18 1 2
node 19 1 2
node 20 1 2
node 21 1 3
node 22 1 3
node 23 1 3
node 24 1 3
node 27 1 3
gene 1 1 21 4.96098 0 1 4.96098 1
gene 1 1 22 5.06595 0 2 5.06595 1
gene 1 1 23 5.20691 0 3 5.20691 1
gene 1 1 24 4.43138 0 4 4.43138 1
gene 1 1 27 1.95378 0 7 1.95378 1
gene 1 2 21 1.60633 0 9 1.60633 1
gene 1 2 22 -0.868651 0 10 -0.868651 1
gene 1 2 23 3.01468 0 11 3.01468 1
gene 1 2 24 -5.13395 0 12 -5.13395 1
gene 1 2 27 1.13258 0 15 1.13258 1
gene 1 3 21 -2.83743 0 17 -2.83743 1
gene 1 3 22 1.23195 0 18 1.23195 1
gene 1 3 23 -0.166746 0 19 -0.166746 1
gene 1 3 24 -0.475408 0 20 -0.475408 1
gene 1 3 27 -3.3348 0 23 -3.3348 1
gene 1 4 21 2.3254 0 25 2.3254 1
gene 1 4 22 -2.48761 0 26 -2.48761 1
gene 1 4 23 1.27415 0 27 1.27415 1
gene 1 4 24 1.29638 0 28 1.29638 1
gene 1 4 27 -0.353752 0 31 -0.353752 1
gene 1 5 21 -0.00785477 0 33 -0.00785477 1
gene 1 5 22 4.47232 0 34 4.47232 1
gene 1 5 24 -1.17921 0 36 -1.17921 1
gene 1 5 27 4.93504 0 39 4.93504 1
gene 1 6 21 -4.82223 0 41 -4.82223 1
gene 1 6 23 -2.62334 0 43 -2.62334 1
gene 1 6 24 0.452719 0 44 0.452719 1
gene 1 6 27 1.10626 0 47 1.10626 1
gene 1 7 21 -2.30221 0 49 -2.30221 1
gene 1 7 22 1.69222 0 50 1.69222 1
gene 1 7 23 4.52732 0 51 4.52732 1
gene 1 7 24 1.33706 0 52 1.33706 1
gene 1 7 27 -2.29188 0 55 -2.29188 1
gene 1 8 21 -1.26679 0 57 -1.26679 1
gene 1 8 22 -2.21714 0 58 -2.21714 1
gene 1 8 23 -0.515185 0 59 -0.515185 1
gene 1 8 24 1.48904 0 60 1.48904 1
gene 1 8 27 0.643557 0 63 0.643557 1
gene 1 9 21 -2.74236 0 65 -2.74236 1
gene 1 9 22 -1.72294 0 66 -1.72294 1
gene 1 9 23 6.73636 0 67 6.73636 1
gene 1 9 24 -1.31365 0 68 -1.31365 1
gene 1 9 27 1.42288 0 71 1.42288 1
gene 1 21 10 2.48997 0 73 2.48997 1
gene 1 21 11 -1.84944 0 74 -1.84944 1
gene 1 21 13 0.472296 0 76 0.472296 1
gene 1 21 14 -2.07301 0 77 -2.07301 1
gene 1 21 15 0.869329 0 78 0.869329 1
gene 1 21 16 -7.485 0 79 -7.485 1
gene 1 21 18 -1.16323 0 81 -1.16323 1
gene 1 21 19 1.58888 0 82 1.58888 1
gene 1 21 20 -4.31353 0 83 -4.31353 1
gene 1 22 10 0.560188 0 84 0.560188 1
gene 1 22 11 -5.92514 0 85 -5.92514 1
gene 1 22 12 4.87865 0 86 4.87865 1
gene 1 22 13 -3.75194 0 87 -3.75194 1
gene 1 22 14 1.49026 0 88 1.49026 1
gene 1 22 15 -0.535904 0 89 -0.535904 1
gene 1 22 16 6.09256 0 90 6.09256 1
gene 1 22 17 -0.13786 0 91 -0.13786 1
gene 1 22 18 -0.796043 0 92 -0.796043 1
gene 1 22 19 3.36257 0 93 3.36257 1
gene 1 22 20 -5.82205 0 94 -5.82205 1
gene 1 23 10 -0.581057 0 95 -0.581057 1
gene 1 23 12 -1.83249 0 97 -1.83249 1
gene 1 23 13 -4.76801 0 98 -4.76801 1
gene 1 23 14 2.75036 0 99 2.75036 1
gene 1 23 15 -4.238 0 100 -4.238 1
gene 1 23 16 5.07187 0 101 5.07187 1
gene 1 23 17 -1.13338 0 102 -1.13338 1
gene 1 23 18 6.91104 0 103 6.91104 1
gene 1 23 20 -2.35867 0 105 -2.35867 1
gene 1 24 10 -1.38388 0 106 -1.38388 1
gene 1 24 11 -0.34928 0 107 -0.34928 1
gene 1 24 12 1.39843 0 108 1.39843 1
gene 1 24 13 0.106833 0 109 0.106833 1
gene 1 24 14 -1.13062 0 110 -1.13062 1
gene 1 24 16 -1.64028 0 112 -1.64028 1
gene 1 24 17 -3.41733 0 113 -3.41733 1
gene 1 24 18 -3.54968 0 114 -3.54968 1
gene 1 24 19 1.70773 0 115 1.70773 1
gene 1 24 20 -3.31066 0 116 -3.31066 1
gene 1 27 10 -7.83062 0 139 -7.83062 1
gene 1 27 12 -2.12244 0 141 -2.12244 1
gene 1 27 13 -4.28223 0 142 -4.28223 1
gene 1 27 14 -0.189099 0 143 -0.189099 1
gene 1 27 15 -2.269 0 144 -2.269 1
gene 1 27 16 1.23691 0 145 1.23691 1
gene 1 27 17 -1.60862 0 146 -1.60862 1
gene 1 27 19 -2.79477 0 148 -2.79477 1
gene 1 27 20 2.76221 0 149 2.76221 1
gene 1 3 11 -1.27092 0 392 -1.27092 1
gene 1 4 14 -1.73372 0 756 -1.73372 1
gene 1 10 10 1.36125 1 1184 1.36125 1
gene 1 8 11 -0.394528 0 1322 -0.394528 1
gene 1 23 23 1.32719 1 2049 1.32719 1
gene 1 2 13 -3.41713 0 2383 -3.41713 1
gene 1 19 10 -0.0581292 0 2524 -0.0581292 1
gene 1 11 11 -0.511926 1 2733 -0.511926 1
gene 1 12 17 -1.78079 0 3030 -1.78079 1
gene 1 17 17 2.90207 1 3546 2.90207 1
gene 1 20 13 0.51777 0 3835 0.51777 1
gene 1 13 17 -0.98804 0 3994 -0.98804 1
gene 1 22 21 2.72461 0 4185 2.72461 1
gene 1 13 14 1.89894 0 4336 1.89894 1
gene 1 3 17 0.695765 0 4529 0.695765 1
gene 1 13 13 1.0476 1 4716 1.0476 1
gene 1 1 20 -2.58079 0 5174 -2.58079 1
gene 1 8 15 2.16733 0 5294 2.16733 1
gene 1 15 15 0.501073 1 5390 0.501073 1
gene 1 20 19 -1.80296 0 5503 -1.80296 1
gene 1 11 19 0.309238 0 5718 0.309238 1
gene 1 2 20 -0.786243 0 5930 -0.786243 1
gene 1 16 22 -0.679851 1 6040 -0.679851 1
genomeend 419
