/* Organism #303 Fitness: 1.007 Error: 0.993 */
genomestart 303
trait 1 0.179996 0 0.793906 0 1 0.180146 0.766937 0 
node 1 1 0
node 2 1 1
node 3 1 1
node 4 1 1
node 5 1 1
node 6 1 1
node 7 1 1
node 8 1 1
node 9 1 1
node 10 1 2
node 11 1 2
node 12 1 2
node 13 1 2
node 14 1 2
node 15 1 2
node 16 1 2
node 17 1 2
node 18 1 2
node 19 1 2
node 20 1 2
node 22 1 3
node 23 1 3
node 24 1 3
node 25 1 3
node 36 1 3
node 87 1 3
node 155 1 3
gene 1 1 22 -0.264842 0 2 -0.264842 1
gene 1 1 24 6.46137 0 4 6.46137 1
gene 1 1 25 -6.86811 0 5 -6.86811 1
gene 1 2 22 -2.64712 0 10 -2.64712 1
gene 1 2 23 1.07679 0 11 1.07679 1
gene 1 2 24 -3.13963 0 12 -3.13963 1
gene 1 2 25 -5.04333 0 13 -5.04333 1
gene 1 3 22 2.16635 0 18 2.16635 1
gene 1 3 23 -1.75788 0 19 -1.75788 1
gene 1 4 22 0.614089 0 26 0.614089 1
gene 1 4 23 7.77268 0 27 7.77268 1
gene 1 4 24 1.03821 0 28 1.03821 1
gene 1 5 22 0.872229 0 34 0.872229 1
gene 1 5 23 -0.299473 0 35 -0.299473 1
gene 1 5 24 6.94307 0 36 6.94307 1
gene 1 5 25 -0.854554 0 37 -0.854554 1
gene 1 6 22 -5.02257 0 42 -5.02257 1
gene 1 6 23 -4.29261 0 43 -4.29261 1
gene 1 6 24 -0.765163 0 44 -0.765163 1
gene 1 6 25 0.591937 0 45 0.591937 1
gene 1 7 22 -1.43122 0 50 -1.43122 1
gene 1 7 23 0.388913 0 51 0.388913 1
gene 1 7 24 -6.57222 0 52 -6.57222 1
gene 1 7 25 -0.474669 0 53 -0.474669 1
gene 1 8 22 6.93702 0 58 6.93702 1
gene 1 8 23 1.541 0 59 1.541 1
gene 1 8 24 -0.0288863 0 60 -0.0288863 1
gene 1 8 25 -3.0809 0 61 -3.0809 1
gene 1 9 22 0.849107 0 66 0.849107 1
gene 1 9 23 0.0202579 0 67 0.0202579 1
gene 1 9 24 3.83392 0 68 3.83392 1
gene 1 9 25 4.85888 0 69 4.85888 1
gene 1 22 10 -0.547999 0 84 -0.547999 1
gene 1 22 11 -4.82251 0 85 -4.82251 1
gene 1 22 12 -1.56491 0 86 -1.56491 1
gene 1 22 14 0.364793 0 88 0.364793 1
gene 1 22 15 2.47316 0 89 2.47316 1
gene 1 22 16 -3.29696 0 90 -3.29696 1
gene 1 22 17 -0.183382 0 91 -0.183382 1
gene 1 22 18 1.75621 0 92 1.75621 1
gene 1 22 19 -1.38241 0 93 -1.38241 1
gene 1 22 20 2.50116 0 94 2.50116 1
gene 1 23 10 1.97532 0 95 1.97532 1
gene 1 23 11 -2.19575 0 96 -2.19575 1
gene 1 23 15 -1.91705 0 100 -1.91705 1
gene 1 23 16 -4.90038 0 101 -4.90038 1
gene 1 23 17 -1.06285 0 102 -1.06285 1
gene 1 23 19 1.26881 0 104 1.26881 1
gene 1 23 20 2.17194 0 105 2.17194 1
gene 1 24 10 -5.83796 0 106 -5.83796 1
gene 1 24 11 -3.823 0 107 -3.823 1
gene 1 24 12 0.497323 0 108 0.497323 1
gene 1 24 13 -3.78019 0 109 -3.78019 1
gene 1 24 15 -0.763198 0 111 -0.763198 1
gene 1 24 16 -0.48189 0 112 -0.48189 1
gene 1 24 17 7.72764 0 113 7.72764 1
gene 1 24 18 4.30311 0 114 4.30311 1
gene 1 24 19 -1.55849 0 115 -1.55849 1
gene 1 24 20 -1.91248 0 116 -1.91248 1
gene 1 25 10 -1.5277 0 117 -1.5277 1
gene 1 25 11 3.27801 0 118 3.27801 1
gene 1 25 12 -3.74384 0 119 -3.74384 1
gene 1 25 13 -0.530667 0 120 -0.530667 1
gene 1 25 14 -8 0 121 -8 1
gene 1 25 15 3.54888 0 122 3.54888 1
gene 1 25 16 2.84746 0 123 2.84746 1
gene 1 25 17 7.56628 0 124 7.56628 1
gene 1 25 18 -5.43355 0 125 -5.43355 1
gene 1 25 19 0.67771 0 126 0.67771 1
gene 1 25 20 -2.83484 0 127 -2.83484 1
gene 1 5 10 -0.413019 0 188 -0.413019 1
gene 1 11 19 -0.152667 0 272 -0.152667 1
gene 1 36 15 3.23029 0 400 3.23029 1
gene 1 24 87 2.43909 0 1581 2.43909 1
gene 1 87 14 0.0787891 0 1582 0.0787891 1
gene 1 18 15 0.173628 0 1789 0.173628 1
gene 1 14 14 1.71419 1 2114 1.71419 1
gene 1 22 22 1.24316 1 2929 1.24316 1
gene 1 87 11 0.889653 0 3512 0.889653 1
gene 1 16 16 -0.322397 1 3773 -0.322397 1
gene 1 155 36 -0.68299 0 3855 -0.68299 1
gene 1 25 87 -3.45804 0 5411 -3.45804 1
gene 1 36 36 -0.46743 1 5763 -0.46743 1
gene 1 20 15 -0.996655 0 6021 -0.996655 1
gene 1 13 13 0.145632 1 6062 0.145632 1
gene 1 24 14 0.0881025 0 6343 0.0881025 1
gene 1 10 17 -0.922966 0 6562 -0.922966 1
gene 1 15 11 0.635589 0 6661 0.635589 1
gene 1 18 10 0.257381 0 6772 0.257381 1
genomeend 303
