/* Organism #143 Fitness: 1.006 Error: 0.994 */
genomestart 143
trait 1 0.469939 0.0551505 0.119793 0.610725 0.787361 0.693427 0.267623 0.10877 
node 1 1 0
node 2 1 1
node 3 1 1
node 4 1 1
node 5 1 1
node 6 1 1
node 7 1 1
node 8 1 1
node 9 1 1
node 10 1 2
node 11 1 2
node 12 1 2
node 13 1 2
node 14 1 2
node 15 1 2
node 16 1 2
node 17 1 2
node 18 1 2
node 19 1 2
node 20 1 2
node 21 1 3
node 23 1 3
node 24 1 3
node 25 1 3
node 28 1 3
node 102 1 3
node 175 1 3
node 202 1 3
gene 1 1 21 2.95883 0 1 2.95883 1
gene 1 1 23 -1.27201 0 3 -1.27201 1
gene 1 1 24 1.07172 0 4 1.07172 1
gene 1 1 25 2.34607 0 5 2.34607 1
gene 1 1 28 5.40444 0 8 5.40444 1
gene 1 2 21 -4.72028 0 9 -4.72028 1
gene 1 2 23 -3.84445 0 11 -3.84445 1
gene 1 2 25 1.64998 0 13 1.64998 1
gene 1 2 28 -1.99247 0 16 -1.99247 1
gene 1 3 21 -3.10596 0 17 -3.10596 1
gene 1 3 23 -0.361197 0 19 -0.361197 1
gene 1 3 24 1.87576 0 20 1.87576 1
gene 1 3 25 -4.45237 0 21 -4.45237 1
gene 1 3 28 0.101236 0 24 0.101236 1
gene 1 4 21 -2.39858 0 25 -2.39858 1
gene 1 4 23 -2.76526 0 27 -2.76526 1
gene 1 4 24 -3.28461 0 28 -3.28461 1
gene 1 4 25 0.0638425 0 29 0.0638425 1
gene 1 4 28 -0.910394 0 32 -0.910394 1
gene 1 5 21 0.599649 0 33 0.599649 1
gene 1 5 23 1.2471 0 35 1.2471 1
gene 1 5 24 -3.05102 0 36 -3.05102 1
gene 1 5 25 -4.78254 0 37 -4.78254 1
gene 1 5 28 -0.979374 0 40 -0.979374 1
gene 1 6 21 6.13914 0 41 6.13914 1
gene 1 6 24 0.411472 0 44 0.411472 1
gene 1 6 25 -1.48928 0 45 -1.48928 1
gene 1 6 28 -1.67363 0 48 -1.67363 1
gene 1 7 21 2.84443 0 49 2.84443 1
gene 1 7 23 -0.690587 0 51 -0.690587 1
gene 1 7 24 0.928227 0 52 0.928227 1
gene 1 7 25 -0.97443 0 53 -0.97443 1
gene 1 7 28 1.10993 0 56 1.10993 1
gene 1 8 21 5.35131 0 57 5.35131 1
gene 1 8 23 -0.994396 0 59 -0.994396 1
gene 1 8 24 0.970606 0 60 0.970606 1
gene 1 8 25 -0.121938 0 61 -0.121938 1
gene 1 8 28 1.33121 0 64 1.33121 1
gene 1 9 21 0.893237 0 65 0.893237 1
gene 1 9 23 -0.827094 0 67 -0.827094 1
gene 1 9 24 -0.564655 0 68 -0.564655 1
gene 1 9 25 0.896614 0 69 0.896614 1
gene 1 9 28 -0.316354 0 72 -0.316354 1
gene 1 21 10 0.0582452 0 73 0.0582452 1
gene 1 21 11 -4.27725 0 74 -4.27725 1
gene 1 21 12 1.97888 0 75 1.97888 1
gene 1 21 13 -0.200793 0 76 -0.200793 1
gene 1 21 14 0.294655 0 77 0.294655 1
gene 1 21 15 3.86446 0 78 3.86446 1
gene 1 21 16 -2.23641 0 79 -2.23641 1
gene 1 21 17 2.8312 0 80 2.8312 1
gene 1 21 18 -2.94792 0 81 -2.94792 1
gene 1 21 19 4.14638 0 82 4.14638 1
gene 1 21 20 -7.08416 0 83 -7.08416 1
gene 1 23 10 -2.87075 0 95 -2.87075 1
gene 1 23 11 -1.02873 0 96 -1.02873 1
gene 1 23 12 0.702112 0 97 0.702112 1
gene 1 23 15 -2.19747 0 100 -2.19747 1
gene 1 23 16 2.51683 0 101 2.51683 1
gene 1 23 17 5.70463 0 102 5.70463 1
gene 1 23 18 -1.60684 0 103 -1.60684 1
gene 1 23 19 -2.84871 0 104 -2.84871 1
gene 1 23 20 2.97181 0 105 2.97181 1
gene 1 24 10 -2.83596 0 106 -2.83596 1
gene 1 24 11 0.283738 0 107 0.283738 1
gene 1 24 12 -1.84394 0 108 -1.84394 1
gene 1 24 13 -3.59933 0 109 -3.59933 1
gene 1 24 14 5.99921 0 110 5.99921 1
gene 1 24 15 0.748219 0 111 0.748219 1
gene 1 24 17 6.02102 0 113 6.02102 1
gene 1 24 18 2.88001 0 114 2.88001 1
gene 1 24 19 2.63853 0 115 2.63853 1
gene 1 25 10 -7.17826 0 117 -7.17826 1
gene 1 25 11 4.76537 0 118 4.76537 1
gene 1 25 12 -0.754213 0 119 -0.754213 1
gene 1 25 13 2.60738 0 120 2.60738 1
gene 1 25 14 1.1001 0 121 1.1001 1
gene 1 25 15 0.819 0 122 0.819 1
gene 1 25 16 -0.0860501 0 123 -0.0860501 1
gene 1 25 17 -3.61106 0 124 -3.61106 1
gene 1 25 18 -1.32593 0 125 -1.32593 1
gene 1 25 19 -0.240464 0 126 -0.240464 1
gene 1 25 20 0.887568 0 127 0.887568 1
gene 1 28 10 -3.30665 0 150 -3.30665 1
gene 1 28 11 -2.00092 0 151 -2.00092 1
gene 1 28 12 5.05193 0 152 5.05193 1
gene 1 28 13 -1.03978 0 153 -1.03978 1
gene 1 28 14 -2.74813 0 154 -2.74813 1
gene 1 28 15 1.24432 0 155 1.24432 1
gene 1 28 16 -0.124401 0 156 -0.124401 1
gene 1 28 17 3.96632 0 157 3.96632 1
gene 1 28 18 1.05098 0 158 1.05098 1
gene 1 28 19 0.558268 0 159 0.558268 1
gene 1 28 20 0.0491544 0 160 0.0491544 1
gene 1 15 24 2.26514 1 738 2.26514 1
gene 1 24 24 0.74167 1 848 0.74167 1
gene 1 11 11 -1.41198 1 1238 -1.41198 1
gene 1 9 14 1.54788 0 1552 1.54788 1
gene 1 24 102 -0.951876 0 2055 -0.951876 1
gene 1 102 20 0.630004 0 2056 0.630004 1
gene 1 15 18 0.362415 0 2486 0.362415 1
gene 1 20 14 -0.10261 0 3030 -0.10261 1
gene 1 13 13 -2.16735 1 3253 -2.16735 1
gene 1 18 18 -1.05637 1 3562 -1.05637 1
gene 1 20 10 2.94847 0 3766 2.94847 1
gene 1 19 175 2.48698 0 3899 2.48698 1
gene 1 175 17 -0.139247 0 3900 -0.139247 1
gene 1 17 10 -0.531416 0 4057 -0.531416 1
gene 1 28 28 -0.242729 1 4160 -0.242729 1
gene 1 1 19 0.967898 0 4335 0.967898 1
gene 1 23 202 -0.778422 0 4581 -0.778422 1
gene 1 202 14 -1.90281 0 4582 -1.90281 1
gene 1 20 20 0.65991 1 5048 0.65991 1
gene 1 13 175 -0.790576 0 5386 -0.790576 1
gene 1 14 15 0.512147 0 5714 0.512147 1
gene 1 4 102 1.32503 0 6084 1.32503 1
gene 1 25 25 -0.92728 1 6164 -0.92728 1
gene 1 3 17 0.985665 0 6297 0.985665 1
gene 1 10 10 -0.150798 1 6580 -0.150798 1
genomeend 143
