/* Organism #224 Fitness: 1.009 Error: 0.991 */
genomestart 224
trait 1 0.0092965 0.969529 0.994715 0.948528 0.878512 0.867948 0.383181 0.141016 
node 1 1 0
node 2 1 1
node 3 1 1
node 4 1 1
node 5 1 1
node 6 1 1
node 7 1 1
node 8 1 1
node 9 1 1
node 10 1 2
node 11 1 2
node 12 1 2
node 13 1 2
node 14 1 2
node 15 1 2
node 16 1 2
node 17 1 2
node 18 1 2
node 19 1 2
node 20 1 2
node 23 1 3
node 24 1 3
node 25 1 3
node 26 1 3
node 27 1 3
node 54 1 3
gene 1 1 23 2.44502 0 3 2.44502 1
gene 1 1 24 4.40352 0 4 4.40352 1
gene 1 1 25 2.43204 0 5 2.43204 1
gene 1 1 26 -5.17101 0 6 -5.17101 1
gene 1 2 23 -3.28179 0 11 -3.28179 1
gene 1 2 24 1.28081 0 12 1.28081 1
gene 1 2 25 -0.292099 0 13 -0.292099 1
gene 1 2 26 3.61814 0 14 3.61814 1
gene 1 2 27 2.34527 0 15 2.34527 1
gene 1 3 23 3.32742 0 19 3.32742 1
gene 1 3 24 -1.53144 0 20 -1.53144 1
gene 1 3 25 -1.49008 0 21 -1.49008 1
gene 1 3 26 -3.747 0 22 -3.747 1
gene 1 3 27 1.30105 0 23 1.30105 1
gene 1 4 23 -1.34492 0 27 -1.34492 1
gene 1 4 24 -1.9232 0 28 -1.9232 1
gene 1 4 25 -1.08714 0 29 -1.08714 1
gene 1 4 26 1.6213 0 30 1.6213 1
gene 1 4 27 1.10038 0 31 1.10038 1
gene 1 5 23 4.60059 0 35 4.60059 1
gene 1 5 24 -2.47381 0 36 -2.47381 1
gene 1 5 25 -3.39238 0 37 -3.39238 1
gene 1 5 26 2.51727 0 38 2.51727 1
gene 1 5 27 2.26094 0 39 2.26094 1
gene 1 6 24 4.91257 0 44 4.91257 1
gene 1 6 25 -0.683321 0 45 -0.683321 1
gene 1 6 26 -0.589064 0 46 -0.589064 1
gene 1 6 27 1.58745 0 47 1.58745 1
gene 1 7 23 5.76016 0 51 5.76016 1
gene 1 7 24 0.304243 0 52 0.304243 1
gene 1 7 25 1.65991 0 53 1.65991 1
gene 1 7 26 -1.11694 0 54 -1.11694 1
gene 1 7 27 0.0860571 0 55 0.0860571 1
gene 1 8 23 -1.30947 0 59 -1.30947 1
gene 1 8 24 -3.79854 0 60 -3.79854 1
gene 1 8 25 -0.077011 0 61 -0.077011 1
gene 1 8 26 -6.15257 0 62 -6.15257 1
gene 1 8 27 -2.83443 0 63 -2.83443 1
gene 1 9 23 1.08564 0 67 1.08564 1
gene 1 9 24 1.09502 0 68 1.09502 1
gene 1 9 25 1.3052 0 69 1.3052 1
gene 1 9 26 0.470382 0 70 0.470382 1
gene 1 9 27 -1.77638 0 71 -1.77638 1
gene 1 23 10 -1.46552 0 95 -1.46552 1
gene 1 23 11 2.43979 0 96 2.43979 1
gene 1 23 12 1.17208 0 97 1.17208 1
gene 1 23 13 -3.10797 0 98 -3.10797 1
gene 1 23 14 2.23907 0 99 2.23907 1
gene 1 23 15 0.486616 0 100 0.486616 1
gene 1 23 16 1.27177 0 101 1.27177 1
gene 1 23 17 -3.85907 0 102 -3.85907 1
gene 1 23 18 -2.22723 0 103 -2.22723 1
gene 1 23 19 0.069605 0 104 0.069605 1
gene 1 23 20 0.340466 0 105 0.340466 1
gene 1 24 10 2.16084 0 106 2.16084 1
gene 1 24 11 0.642505 0 107 0.642505 1
gene 1 24 12 -0.326665 0 108 -0.326665 1
gene 1 24 13 -1.8485 0 109 -1.8485 1
gene 1 24 14 -1.27516 0 110 -1.27516 1
gene 1 24 15 -1.25387 0 111 -1.25387 1
gene 1 24 16 -1.93602 0 112 -1.93602 1
gene 1 24 18 0.153982 0 114 0.153982 1
gene 1 24 19 -0.0383821 0 115 -0.0383821 1
gene 1 24 20 1.60208 0 116 1.60208 1
gene 1 25 10 -0.90251 0 117 -0.90251 1
gene 1 25 11 -6.32407 0 118 -6.32407 1
gene 1 25 12 0.927437 0 119 0.927437 1
gene 1 25 13 -1.79579 0 120 -1.79579 1
gene 1 25 14 -2.91722 0 121 -2.91722 1
gene 1 25 15 -2.17254 0 122 -2.17254 1
gene 1 25 16 0.494416 0 123 0.494416 1
gene 1 25 17 -0.857504 0 124 -0.857504 1
gene 1 25 18 -1.22797 0 125 -1.22797 1
gene 1 25 19 -1.55783 0 126 -1.55783 1
gene 1 25 20 1.47258 0 127 1.47258 1
gene 1 26 10 1.40039 0 128 1.40039 1
gene 1 26 11 -1.06763 0 129 -1.06763 1
gene 1 26 12 -2.52988 0 130 -2.52988 1
gene 1 26 13 3.2674 0 131 3.2674 1
gene 1 26 14 -1.59463 0 132 -1.59463 1
gene 1 26 15 -4.57768 0 133 -4.57768 1
gene 1 26 16 1.3557 0 134 1.3557 1
gene 1 26 17 -1.02168 0 135 -1.02168 1
gene 1 26 18 2.23362 0 136 2.23362 1
gene 1 26 19 0.942597 0 137 0.942597 1
gene 1 26 20 -1.77499 0 138 -1.77499 1
gene 1 27 10 2.89625 0 139 2.89625 1
gene 1 27 11 -0.350564 0 140 -0.350564 1
gene 1 27 12 -1.541 0 141 -1.541 1
gene 1 27 13 -1.94579 0 142 -1.94579 1
gene 1 27 14 -1.62153 0 143 -1.62153 1
gene 1 27 15 3.02359 0 144 3.02359 1
gene 1 27 16 2.26589 0 145 2.26589 1
gene 1 27 17 0.225209 0 146 0.225209 1
gene 1 27 18 0.461487 0 147 0.461487 1
gene 1 27 19 5.06116 0 148 5.06116 1
gene 1 27 20 -1.7503 0 149 -1.7503 1
gene 1 15 14 -1.11729 0 328 -1.11729 1
gene 1 13 24 0.552039 1 548 0.552039 1
gene 1 14 14 0.603388 1 825 0.603388 1
gene 1 24 26 1.31189 0 1340 1.31189 1
gene 1 23 25 1.1373 0 1551 1.1373 1
gene 1 9 16 -1.2546 0 1816 -1.2546 1
gene 1 20 20 0.0852896 1 1923 0.0852896 1
gene 1 1 20 0.708511 0 2076 0.708511 1
gene 1 6 16 0.0337161 0 2468 0.0337161 1
gene 1 13 14 1.75118 0 2759 1.75118 1
gene 1 25 25 -2.83737 1 2864 -2.83737 1
gene 1 1 12 -1.8593 0 3107 -1.8593 1
gene 1 4 20 -1.43034 0 3220 -1.43034 1
gene 1 17 16 -0.702394 0 3546 -0.702394 1
gene 1 27 27 -0.234555 1 3777 -0.234555 1
gene 1 17 19 0.132656 0 4118 0.132656 1
gene 1 10 12 -0.643179 0 4233 -0.643179 1
gene 1 17 12 2.08151 0 4448 2.08151 1
gene 1 19 13 -2.62077 0 5132 -2.62077 1
gene 1 15 15 -0.838251 1 5360 -0.838251 1
gene 1 4 14 0.578583 0 5711 0.578583 1
gene 1 10 54 0.481556 1 6247 0.481556 1
genomeend 224
