/* Organism #48 Fitness: 1.014 Error: 0.986 */
genomestart 48
trait 1 0.184744 0.48146 0.202557 0.586934 0.960864 0.14094 0.653926 0.396518 
node 1 1 0
node 2 1 1
node 3 1 1
node 4 1 1
node 5 1 1
node 6 1 1
node 7 1 1
node 8 1 1
node 9 1 1
node 10 1 2
node 11 1 2
node 12 1 2
node 13 1 2
node 14 1 2
node 15 1 2
node 16 1 2
node 17 1 2
node 18 1 2
node 19 1 2
node 20 1 2
node 22 1 3
node 28 1 3
gene 1 1 22 7.50061 0 2 7.50061 1
gene 1 1 28 -5.56085 0 8 -5.56085 1
gene 1 2 28 2.05309 0 16 2.05309 1
gene 1 3 22 -2.3285 0 18 -2.3285 1
gene 1 3 28 5.80223 0 24 5.80223 1
gene 1 4 22 -5.42288 0 26 -5.42288 1
gene 1 4 28 -7.15115 0 32 -7.15115 1
gene 1 5 28 1.88273 0 40 1.88273 1
gene 1 6 22 3.01447 0 42 3.01447 1
gene 1 6 28 6.57257 0 48 6.57257 1
gene 1 7 28 4.17695 0 56 4.17695 1
gene 1 8 22 -3.86776 0 58 -3.86776 1
gene 1 8 28 -5.99476 0 64 -5.99476 1
gene 1 9 28 -1.60001 0 72 -1.60001 1
gene 1 22 10 1.81057 0 84 1.81057 1
gene 1 22 11 0.482266 0 85 0.482266 1
gene 1 22 12 8 0 86 8 1
gene 1 22 13 -0.251855 0 87 -0.251855 1
gene 1 22 14 -1.48485 0 88 -1.48485 1
gene 1 22 15 -1.97193 0 89 -1.97193 1
gene 1 22 16 -6.57977 0 90 -6.57977 1
gene 1 22 17 -0.641367 0 91 -0.641367 1
gene 1 22 18 0.377833 0 92 0.377833 1
gene 1 22 19 1.33415 0 93 1.33415 1
gene 1 22 20 3.42181 0 94 3.42181 1
gene 1 28 10 6.39474 0 150 6.39474 1
gene 1 28 11 -2.89572 0 151 -2.89572 1
gene 1 28 12 1.17002 0 152 1.17002 1
gene 1 28 13 -0.0959848 0 153 -0.0959848 1
gene 1 28 14 2.93827 0 154 2.93827 1
gene 1 28 16 7.13529 0 156 7.13529 1
gene 1 28 17 -2.58844 0 157 -2.58844 1
gene 1 28 18 6.76124 0 158 6.76124 1
gene 1 28 20 -2.0893 0 160 -2.0893 1
gene 1 14 11 -1.0817 0 324 -1.0817 1
gene 1 5 12 -3.40907 0 1287 -3.40907 1
gene 1 12 17 2.03557 0 1586 2.03557 1
gene 1 5 16 0.438461 0 1687 0.438461 1
gene 1 3 18 -3.45368 0 2833 -3.45368 1
gene 1 16 16 1.09061 1 3209 1.09061 1
gene 1 19 14 -2.00489 0 3334 -2.00489 1
gene 1 7 16 -3.96173 0 3427 -3.96173 1
gene 1 10 16 0.486653 0 3648 0.486653 1
gene 1 11 11 1.53592 1 4182 1.53592 1
gene 1 2 20 0.324317 0 5190 0.324317 1
gene 1 1 16 0.847749 0 5293 0.847749 1
gene 1 12 15 1.84218 0 5406 1.84218 1
gene 1 12 14 -2.3691 0 5547 -2.3691 1
gene 1 8 19 -0.323651 0 5635 -0.323651 1
gene 1 18 18 0.025764 1 5726 0.025764 1
gene 1 22 22 -1.43031 1 5955 -1.43031 1
gene 1 4 11 -0.718682 0 6159 -0.718682 1
gene 1 28 28 -5.17444 1 6262 -5.17444 1
gene 1 18 14 -1.83516 0 6783 -1.83516 1
gene 1 10 18 0.0965563 0 7107 0.0965563 1
gene 1 18 15 0.871578 0 7651 0.871578 1
gene 1 19 11 -0.589324 0 7716 -0.589324 1
gene 1 19 19 0.583499 1 7857 0.583499 1
gene 1 1 14 1.59238 0 8293 1.59238 1
gene 1 1 12 0.942648 0 8620 0.942648 1
gene 1 18 16 -0.133857 0 8955 -0.133857 1
gene 1 15 19 0.55397 0 9273 0.55397 1
gene 1 15 15 0.392965 1 9369 0.392965 1
genomeend 48
