/* Organism #107 Fitness: 1.011 Error: 0.989 */
genomestart 107
trait 1 0.839296 0.671381 0.114113 0.726838 0.810278 0.138039 0.411841 0.18881 
node 1 1 0
node 2 1 1
node 3 1 1
node 4 1 1
node 5 1 1
node 6 1 1
node 7 1 1
node 8 1 1
node 9 1 1
node 10 1 2
node 11 1 2
node 12 1 2
node 13 1 2
node 14 1 2
node 15 1 2
node 16 1 2
node 17 1 2
node 18 1 2
node 19 1 2
node 20 1 2
node 21 1 3
node 23 1 3
node 25 1 3
node 208 1 3
gene 1 1 21 -0.495346 0 1 -0.495346 1
gene 1 1 23 -7.19526 0 3 -7.19526 1
gene 1 1 25 -6.70573 0 5 -6.70573 1
gene 1 2 21 3.46109 0 9 3.46109 1
gene 1 2 23 -0.843828 0 11 -0.843828 1
gene 1 2 25 3.92657 0 13 3.92657 1
gene 1 3 21 -2.67462 0 17 -2.67462 1
gene 1 3 23 2.98915 0 19 2.98915 1
gene 1 3 25 -0.87506 0 21 -0.87506 1
gene 1 4 21 0.294069 0 25 0.294069 1
gene 1 4 23 2.38261 0 27 2.38261 1
gene 1 4 25 -3.90473 0 29 -3.90473 1
gene 1 5 21 4.97287 0 33 4.97287 1
gene 1 5 23 -7.38276 0 35 -7.38276 1
gene 1 5 25 -1.88318 0 37 -1.88318 1
gene 1 6 21 -0.262097 0 41 -0.262097 1
gene 1 6 25 -0.668921 0 45 -0.668921 1
gene 1 7 21 0.76578 0 49 0.76578 1
gene 1 7 25 6.82053 0 53 6.82053 1
gene 1 8 21 -0.593907 0 57 -0.593907 1
gene 1 8 23 -2.11129 0 59 -2.11129 1
gene 1 8 25 2.93306 0 61 2.93306 1
gene 1 9 21 -2.67852 0 65 -2.67852 1
gene 1 9 23 0.319404 0 67 0.319404 1
gene 1 9 25 -2.88984 0 69 -2.88984 1
gene 1 21 10 -4.95286 0 73 -4.95286 1
gene 1 21 11 6.98545 0 74 6.98545 1
gene 1 21 12 -4.60555 0 75 -4.60555 1
gene 1 21 13 -1.57996 0 76 -1.57996 1
gene 1 21 14 -3.22515 0 77 -3.22515 1
gene 1 21 17 -3.12321 0 80 -3.12321 1
gene 1 21 19 -5.2752 0 82 -5.2752 1
gene 1 21 20 -0.388023 0 83 -0.388023 1
gene 1 23 11 -0.828882 0 96 -0.828882 1
gene 1 23 12 -3.14561 0 97 -3.14561 1
gene 1 23 13 5.1733 0 98 5.1733 1
gene 1 23 14 -1.63105 0 99 -1.63105 1
gene 1 23 16 -3.33396 0 101 -3.33396 1
gene 1 23 17 -0.838505 0 102 -0.838505 1
gene 1 23 18 3.12911 0 103 3.12911 1
gene 1 23 19 0.971323 0 104 0.971323 1
gene 1 23 20 0.243328 0 105 0.243328 1
gene 1 25 10 6.58173 0 117 6.58173 1
gene 1 25 11 -1.92908 0 118 -1.92908 1
gene 1 25 13 0.1688 0 120 0.1688 1
gene 1 25 14 -1.66235 0 121 -1.66235 1
gene 1 25 15 -1.87123 0 122 -1.87123 1
gene 1 25 16 -0.14873 0 123 -0.14873 1
gene 1 25 17 1.03619 0 124 1.03619 1
gene 1 25 19 0.82019 0 126 0.82019 1
gene 1 25 20 2.53204 0 127 2.53204 1
gene 1 10 11 0.339697 0 184 0.339697 1
gene 1 16 15 1.78653 0 361 1.78653 1
gene 1 9 16 -1.08751 0 470 -1.08751 1
gene 1 9 10 0.898888 0 577 0.898888 1
gene 1 11 19 -1.87244 0 971 -1.87244 1
gene 1 5 19 0.107532 0 1257 0.107532 1
gene 1 9 13 0.44095 0 1787 0.44095 1
gene 1 13 10 -1.03225 0 2969 -1.03225 1
gene 1 14 14 1.2487 1 3265 1.2487 1
gene 1 17 12 -0.0734482 0 3536 -0.0734482 1
gene 1 16 18 1.40698 0 3944 1.40698 1
gene 1 18 18 1.42931 1 4366 1.42931 1
gene 1 4 17 -1.10541 0 4424 -1.10541 1
gene 1 12 12 -0.100298 1 4892 -0.100298 1
gene 1 16 13 0.720675 0 4995 0.720675 1
gene 1 21 208 -1.45915 0 5178 -1.45915 1
gene 1 208 15 0.0967168 0 5179 0.0801491 1
gene 1 14 208 -1.07168 0 5434 -1.07168 1
gene 1 14 12 0.933406 0 5535 0.933406 1
gene 1 23 23 -0.439564 1 6053 -0.439564 1
gene 1 18 13 0.503648 0 6161 0.503648 1
gene 1 12 10 1.77026 0 6255 1.77026 1
gene 1 13 19 0.344994 0 6691 0.344994 1
gene 1 19 10 -0.338449 1 7008 -0.338449 1
gene 1 16 16 -0.0750595 1 8064 -0.0750595 1
gene 1 19 19 0.428765 1 8254 0.428765 1
gene 1 21 21 -0.358016 1 8354 -0.358016 1
genomeend 107
