/* Organism #103 Fitness: 1.014 Error: 0.986 */
genomestart 103
trait 1 0.0933414 0.0858832 0.428684 0.100902 0.862868 0.296655 0.585391 0.0671966 
node 1 1 0
node 2 1 1
node 3 1 1
node 4 1 1
node 5 1 1
node 6 1 1
node 7 1 1
node 8 1 1
node 9 1 1
node 10 1 2
node 11 1 2
node 12 1 2
node 13 1 2
node 14 1 2
node 15 1 2
node 16 1 2
node 17 1 2
node 18 1 2
node 19 1 2
node 20 1 2
node 21 1 3
node 24 1 3
node 26 1 3
node 28 1 3
gene 1 1 21 0.843533 0 1 0.843533 1
gene 1 1 24 -2.12928 0 4 -2.12928 1
gene 1 1 26 -4.49179 0 6 -4.49179 1
gene 1 1 28 -1.05241 0 8 -1.05241 1
gene 1 2 21 2.29632 0 9 2.29632 1
gene 1 2 24 0.440011 0 12 0.440011 1
gene 1 2 26 1.35791 0 14 1.35791 1
gene 1 2 28 5.5135 0 16 5.5135 1
gene 1 3 21 -0.750901 0 17 -0.750901 1
gene 1 3 24 4.54273 0 20 4.54273 1
gene 1 3 26 -1.19128 0 22 -1.19128 1
gene 1 3 28 0.378444 0 24 0.378444 1
gene 1 4 21 -2.32681 0 25 -2.32681 1
gene 1 4 24 2.14157 0 28 2.14157 1
gene 1 4 26 0.458831 0 30 0.458831 1
gene 1 4 28 -6.30278 0 32 -6.30278 1
gene 1 5 21 0.766855 0 33 0.766855 1
gene 1 5 24 1.89438 0 36 1.89438 1
gene 1 5 26 -3.62944 0 38 -3.62944 1
gene 1 5 28 -0.0194506 0 40 -0.0194506 1
gene 1 6 21 1.14742 0 41 1.14742 1
gene 1 6 24 1.72817 0 44 1.72817 1
gene 1 6 26 -2.81643 0 46 -2.81643 1
gene 1 6 28 2.62904 0 48 2.62904 1
gene 1 7 21 0.844223 0 49 0.844223 1
gene 1 7 24 -1.44276 0 52 -1.44276 1
gene 1 7 26 0.41494 0 54 0.41494 1
gene 1 7 28 -2.06193 0 56 -2.06193 1
gene 1 8 21 -8 0 57 -8 1
gene 1 8 24 -1.27183 0 60 -1.27183 1
gene 1 8 26 0.311676 0 62 0.311676 1
gene 1 9 21 1.40974 0 65 1.40974 1
gene 1 9 24 0.982136 0 68 0.982136 1
gene 1 9 26 -2.65194 0 70 -2.65194 1
gene 1 9 28 -3.10376 0 72 -3.10376 1
gene 1 21 10 0.475784 0 73 0.475784 1
gene 1 21 11 -0.107957 0 74 -0.107957 1
gene 1 21 12 4.37447 0 75 4.37447 1
gene 1 21 13 -1.67135 0 76 -1.67135 1
gene 1 21 16 0.97285 0 79 0.97285 1
gene 1 21 17 0.441809 0 80 0.441809 1
gene 1 21 18 -0.932345 0 81 -0.932345 1
gene 1 21 19 -1.33511 0 82 -1.33511 1
gene 1 21 20 -2.12 0 83 -2.12 1
gene 1 24 10 6.6973 0 106 6.6973 1
gene 1 24 11 1.048 0 107 1.048 1
gene 1 24 13 4.92888 0 109 4.92888 1
gene 1 24 14 3.17502 0 110 3.17502 1
gene 1 24 15 -0.826842 0 111 -0.826842 1
gene 1 24 16 -0.445118 0 112 -0.445118 1
gene 1 24 19 4.34705 0 115 4.34705 1
gene 1 24 20 3.34192 0 116 3.34192 1
gene 1 26 10 0.779335 0 128 0.779335 1
gene 1 26 12 -4.99333 0 130 -4.99333 1
gene 1 26 13 -1.04078 0 131 -1.04078 1
gene 1 26 14 -0.921045 0 132 -0.921045 1
gene 1 26 15 4.00661 0 133 4.00661 1
gene 1 26 16 -5.11069 0 134 -5.11069 1
gene 1 26 17 5.86952 0 135 5.86952 1
gene 1 26 18 1.06693 0 136 1.06693 1
gene 1 26 19 0.90007 0 137 0.90007 1
gene 1 26 20 -2.53076 0 138 -2.53076 1
gene 1 28 11 -2.37763 0 151 -2.37763 1
gene 1 28 12 -4.62155 0 152 -4.62155 1
gene 1 28 13 2.32229 0 153 2.32229 1
gene 1 28 14 -1.48833 0 154 -1.48833 1
gene 1 28 15 1.67318 0 155 1.67318 1
gene 1 28 16 -5.93807 0 156 -5.93807 1
gene 1 28 17 -1.12347 0 157 -1.12347 1
gene 1 28 18 -0.459911 0 158 -0.459911 1
gene 1 28 19 -3.96851 0 159 -3.96851 1
gene 1 28 20 -1.50635 0 160 -1.50635 1
gene 1 6 12 1.26892 0 238 1.26892 1
gene 1 15 13 0.120232 0 669 0.120232 1
gene 1 14 17 -3.42725 0 1216 -3.42725 1
gene 1 3 14 -4.36465 0 1525 -4.36465 1
gene 1 2 10 -2.87106 0 1637 -2.87106 1
gene 1 3 10 -0.841843 0 1747 -0.841843 1
gene 1 26 21 2.69898 0 2076 2.69898 1
gene 1 6 19 -0.850163 0 2387 -0.850163 1
gene 1 17 10 2.7475 0 2737 2.7475 1
gene 1 1 15 2.98291 0 3070 2.98291 1
gene 1 13 13 -0.428971 1 3208 -0.428971 1
gene 1 10 15 0.80063 0 3498 0.80063 1
gene 1 11 11 0.848528 1 3696 0.848528 1
gene 1 20 12 -3.73796 0 3823 -3.73796 1
gene 1 8 18 1.41077 0 4027 1.41077 1
gene 1 8 13 0.766109 0 4761 0.766109 1
gene 1 4 19 0.196946 0 4962 0.196946 1
gene 1 5 16 2.2448 0 5154 2.2448 1
gene 1 9 15 -1.18684 0 5274 -1.18684 1
gene 1 18 18 -0.685481 1 5420 -0.685481 1
genomeend 103
