/* Organism #8 Fitness: 1.011 Error: 0.989 */
genomestart 8
trait 1 0.655855 0.647296 0.226429 0.432955 0.45973 0.445358 0.637153 0.287766 
node 1 1 0
node 2 1 1
node 3 1 1
node 4 1 1
node 5 1 1
node 6 1 1
node 7 1 1
node 8 1 1
node 9 1 1
node 10 1 2
node 11 1 2
node 12 1 2
node 13 1 2
node 14 1 2
node 15 1 2
node 16 1 2
node 17 1 2
node 18 1 2
node 19 1 2
node 20 1 2
node 21 1 3
node 22 1 3
node 27 1 3
node 260 1 3
gene 1 1 21 -6.98633 0 1 -6.98633 1
gene 1 1 22 -0.971122 0 2 -0.971122 1
gene 1 1 27 -3.79969 0 7 -3.79969 1
gene 1 2 21 -1.39987 0 9 -1.39987 1
gene 1 2 22 -2.03046 0 10 -2.03046 1
gene 1 2 27 -3.21451 0 15 -3.21451 1
gene 1 3 21 -0.474838 0 17 -0.474838 1
gene 1 3 22 -1.80669 0 18 -1.80669 1
gene 1 3 27 -2.98158 0 23 -2.98158 1
gene 1 4 22 -3.13782 0 26 -3.13782 1
gene 1 4 27 -2.63884 0 31 -2.63884 1
gene 1 5 21 -0.129693 0 33 -0.129693 1
gene 1 5 22 -6.99456 0 34 -6.99456 1
gene 1 5 27 5.25004 0 39 5.25004 1
gene 1 6 21 -1.00918 0 41 -1.00918 1
gene 1 6 22 0.393101 0 42 0.393101 1
gene 1 6 27 -0.483756 0 47 -0.483756 1
gene 1 7 21 -0.311518 0 49 -0.311518 1
gene 1 7 22 1.33703 0 50 1.33703 1
gene 1 7 27 -0.900251 0 55 -0.900251 1
gene 1 8 21 -0.843974 0 57 -0.843974 1
gene 1 8 22 5.20493 0 58 5.20493 1
gene 1 8 27 2.06331 0 63 2.06331 1
gene 1 9 21 1.8959 0 65 1.8959 1
gene 1 21 10 1.02596 0 73 1.02596 1
gene 1 21 11 -1.36668 0 74 -1.36668 1
gene 1 21 12 -4.71038 0 75 -4.71038 1
gene 1 21 13 2.21829 0 76 2.21829 1
gene 1 21 14 -1.30852 0 77 -1.30852 1
gene 1 21 15 -0.246434 0 78 -0.246434 1
gene 1 21 16 -0.901308 0 79 -0.901308 1
gene 1 21 17 0.712055 0 80 0.712055 1
gene 1 21 18 -1.55467 0 81 -1.55467 1
gene 1 21 19 -3.43753 0 82 -3.43753 1
gene 1 21 20 -0.732569 0 83 -0.732569 1
gene 1 22 10 -4.74355 0 84 -4.74355 1
gene 1 22 11 -0.436306 0 85 -0.436306 1
gene 1 22 12 -1.30981 0 86 -1.30981 1
gene 1 22 13 2.23306 0 87 2.23306 1
gene 1 22 16 1.05189 0 90 1.05189 1
gene 1 22 17 4.95286 0 91 4.95286 1
gene 1 22 18 -1.09481 0 92 -1.09481 1
gene 1 22 19 0.868368 0 93 0.868368 1
gene 1 22 20 -3.12474 0 94 -3.12474 1
gene 1 27 12 -3.10243 0 141 -3.10243 1
gene 1 27 13 4.21464 0 142 4.21464 1
gene 1 27 14 -0.147261 0 143 -0.147261 1
gene 1 27 15 -1.58776 0 144 -1.58776 1
gene 1 27 16 -2.46839 0 145 -2.46839 1
gene 1 27 17 3.01966 0 146 3.01966 1
gene 1 27 18 -2.31274 0 147 -2.31274 1
gene 1 27 19 -0.196671 0 148 -0.196671 1
gene 1 27 20 1.32811 0 149 1.32811 1
gene 1 5 17 -2.11111 0 171 -2.11111 1
gene 1 18 13 -0.293639 0 476 -0.293639 1
gene 1 17 14 5.76475 0 591 5.76475 1
gene 1 2 16 0.984083 0 979 0.984083 1
gene 1 15 17 -1.06528 0 1333 -1.06528 1
gene 1 7 12 -0.511918 0 1593 -0.511918 1
gene 1 16 18 2.68139 0 1963 2.68139 1
gene 1 13 13 -4.796 1 2116 -4.796 1
gene 1 12 10 -0.593472 0 3163 -0.593472 1
gene 1 14 10 -2.08722 0 3382 -2.08722 1
gene 1 19 10 0.641774 0 4072 0.641774 1
gene 1 16 20 -0.0474095 0 4486 -0.0474095 1
gene 1 5 10 1.39484 0 4701 1.39484 1
gene 1 7 14 -4.01283 0 4810 -4.01283 1
gene 1 6 16 0.97722 0 5131 0.97722 1
gene 1 19 12 0.211329 0 5675 0.211329 1
gene 1 15 10 -1.59849 0 5875 -1.59849 1
gene 1 4 260 0.663154 0 6169 0.663154 1
gene 1 260 21 -2.00779 0 6170 -2.00779 1
gene 1 9 22 -0.237159 0 6780 -0.237159 1
gene 1 18 18 0.987284 1 6997 0.987284 1
gene 1 6 13 -0.907219 0 7325 -0.907219 1
gene 1 10 260 1.48857 1 7370 1.48857 1
genomeend 8
