/* Organism #62 Fitness: 1.012 Error: 0.988 */
genomestart 62
trait 1 0.0458598 0.426396 0.13249 0.354294 0.77767 0.875073 0.92365 0.46333 
node 1 1 0
node 2 1 1
node 3 1 1
node 4 1 1
node 5 1 1
node 6 1 1
node 7 1 1
node 8 1 1
node 9 1 1
node 10 1 2
node 11 1 2
node 12 1 2
node 13 1 2
node 14 1 2
node 15 1 2
node 16 1 2
node 17 1 2
node 18 1 2
node 19 1 2
node 20 1 2
node 21 1 3
node 23 1 3
gene 1 1 21 -2.22998 0 1 -2.22998 1
gene 1 1 23 -8 0 3 -8 1
gene 1 2 21 3.35376 0 9 3.35376 1
gene 1 2 23 -2.02628 0 11 -2.02628 1
gene 1 3 21 1.11279 0 17 1.11279 1
gene 1 3 23 -1.09963 0 19 -1.09963 1
gene 1 4 23 2.96849 0 27 2.96849 1
gene 1 5 21 0.972248 0 33 0.972248 1
gene 1 6 21 2.66815 0 41 2.66815 1
gene 1 6 23 0.656293 0 43 0.656293 1
gene 1 7 21 3.91699 0 49 3.91699 1
gene 1 7 23 -1.2617 0 51 -1.2617 1
gene 1 8 21 -2.20456 0 57 -2.20456 1
gene 1 8 23 0.545805 0 59 0.545805 1
gene 1 9 21 -2.75658 0 65 -2.75658 1
gene 1 9 23 -0.609393 0 67 -0.609393 1
gene 1 21 10 4.63194 0 73 4.63194 1
gene 1 21 12 -0.797397 0 75 -0.797397 1
gene 1 21 13 -0.235255 0 76 -0.235255 1
gene 1 21 15 -2.18947 0 78 -2.18947 1
gene 1 21 16 5.26519 0 79 5.26519 1
gene 1 21 17 6.55242 0 80 6.55242 1
gene 1 21 18 0.396784 0 81 0.396784 1
gene 1 21 19 -1.39854 0 82 -1.39854 1
gene 1 21 20 5.59812 0 83 5.59812 1
gene 1 23 10 0.57978 0 95 0.57978 1
gene 1 23 11 6.76227 0 96 6.76227 1
gene 1 23 12 -1.50437 0 97 -1.50437 1
gene 1 23 13 2.69586 0 98 2.69586 1
gene 1 23 15 -3.04104 0 100 -3.04104 1
gene 1 23 17 -0.30414 0 102 -0.30414 1
gene 1 23 18 3.27779 0 103 3.27779 1
gene 1 23 19 -3.79129 0 104 -3.79129 1
gene 1 23 20 -1.1208 0 105 -1.1208 1
gene 1 20 15 -0.905255 0 1493 -0.905255 1
gene 1 8 11 -2.04981 0 1694 -2.04981 1
gene 1 1 17 -4.48674 0 2548 -4.48674 1
gene 1 21 21 -5.12754 1 2651 -5.12754 1
gene 1 5 12 -1.73951 0 2824 -1.73951 1
gene 1 16 11 -2.93797 0 3017 -2.93797 1
gene 1 20 17 -4.66371 0 4534 -4.66371 1
gene 1 12 11 -1.08286 0 5097 -1.08286 1
gene 1 6 12 -4.44623 0 5332 -4.44623 1
gene 1 12 20 1.57887 0 5901 1.57887 1
gene 1 19 18 0.144096 0 5992 0.144096 1
gene 1 12 13 3.16689 0 6091 3.16689 1
gene 1 2 12 1.38664 0 6128 1.38664 1
gene 1 11 11 2.40455 1 6841 2.40455 1
gene 1 14 20 0.855798 0 7145 0.855798 1
gene 1 4 14 0.617111 0 7546 0.617111 1
gene 1 15 17 -0.773348 0 7662 -0.773348 1
gene 1 4 18 -0.80513 0 7812 -0.80513 1
genomeend 62
