/* Organism #4 Fitness: 1.027 Error: 0.973 */
genomestart 4
trait 1 0.69766 0 0.919014 1 0.466879 0.830771 0 0.931255 
node 1 1 0
node 2 1 1
node 3 1 1
node 4 1 1
node 5 1 1
node 6 1 1
node 7 1 1
node 8 1 1
node 9 1 1
node 10 1 2
node 11 1 2
node 12 1 2
node 13 1 2
node 14 1 2
node 15 1 2
node 16 1 2
node 17 1 2
node 18 1 2
node 19 1 2
node 20 1 2
node 21 1 3
node 890 1 3
node 1142 1 3
node 1307 1 3
node 1321 1 3
gene 1 1 21 1.47273 0 1 1.47273 1
gene 1 2 21 -7.70294 0 9 -7.70294 1
gene 1 3 21 0.0719754 0 17 0.0719754 1
gene 1 5 21 -7.95026 0 33 -7.95026 1
gene 1 6 21 0.235592 0 41 0.235592 1
gene 1 7 21 -0.823064 0 49 -0.823064 1
gene 1 9 21 3.10339 0 65 3.10339 1
gene 1 21 10 -5.8689 0 73 -5.8689 1
gene 1 21 13 -1.27486 0 76 -1.27486 1
gene 1 21 21 0.613368 1 4994 0.613368 1
gene 1 6 15 2.31163 0 5339 2.31163 1
gene 1 2 20 -0.337707 0 6389 -0.337707 1
gene 1 6 10 0.866752 0 7639 0.866752 1
gene 1 16 12 -0.541722 0 7775 -0.541722 1
gene 1 15 15 -1.36711 1 8495 -1.36711 1
gene 1 12 18 2.27925 0 9403 2.27925 1
gene 1 4 13 -1.14393 0 10467 -1.14393 1
gene 1 19 16 0.284932 0 11361 0.284932 1
gene 1 13 14 5.23493 0 11819 5.23493 1
gene 1 1 12 -5.22547 0 13135 -5.22547 1
gene 1 8 10 -0.41969 0 13487 -0.41969 1
gene 1 6 11 -1.82411 0 17763 -1.82411 1
gene 1 20 20 0.36626 1 17893 0.36626 1
gene 1 6 14 -1.65018 0 18018 -1.65018 1
gene 1 20 19 0.568078 0 18984 0.568078 1
gene 1 14 20 -2.6238 0 19228 -2.6238 1
gene 1 2 16 -2.33502 0 19466 -2.33502 1
gene 1 3 18 0.242837 0 20166 0.242837 1
gene 1 6 12 1.97468 0 20337 1.97468 1
gene 1 18 11 2.09913 0 20439 2.09913 1
gene 1 5 12 0.603946 0 20551 0.603946 1
gene 1 19 19 5.46636 1 21128 5.46636 1
gene 1 13 890 -0.0571574 0 21796 -0.0571574 1
gene 1 6 18 -3.21243 0 23264 -3.21243 1
gene 1 4 18 1.13284 0 23490 1.13284 1
gene 1 9 13 4.75415 0 23740 4.75415 1
gene 1 2 890 0.792268 0 23983 0.792268 1
gene 1 2 10 2.49249 0 24948 2.49249 1
gene 1 10 10 0.102635 1 25600 0.102635 1
gene 1 20 16 1.94643 0 25745 1.94643 1
gene 1 9 18 -0.0860907 0 25991 -0.0860907 1
gene 1 8 18 2.38246 0 26594 2.38246 1
gene 1 13 20 -2.21933 0 27563 -2.21933 1
gene 1 890 890 -0.307557 1 28181 -0.307557 1
gene 1 14 1142 1.54601 0 28658 1.54601 1
gene 1 1142 11 -1.08886 0 28659 -1.08886 1
gene 1 17 16 -1.78838 0 28953 -1.78838 1
gene 1 1142 16 -3.50755 0 29960 -3.50755 1
gene 1 5 19 0.257146 0 30087 0.257146 1
gene 1 5 10 -2.29794 0 30214 -2.29794 1
gene 1 4 21 1.17542 0 30900 1.17542 1
gene 1 9 1142 1.31795 0 30966 1.31795 1
gene 1 14 16 -3.33415 0 31095 -3.33415 1
gene 1 21 20 -0.901633 0 31845 -0.901633 1
gene 1 8 12 0.544665 0 32112 0.544665 1
gene 1 890 1307 0.648119 0 32611 0.648119 1
gene 1 1307 1142 0.749823 0 32612 0.749823 1
gene 1 1307 17 -0.426528 0 32837 -0.426528 1
gene 1 19 1142 -0.528113 0 32908 -0.528113 1
gene 1 9 1321 0.87882 0 33079 0.81632 1
gene 1 1321 16 -0.167633 0 33080 -0.0877998 1
gene 1 16 20 -0.601382 1 33212 -0.601382 1
gene 1 18 13 -0.417741 1 33681 -0.417741 1
gene 1 1307 11 -0.187704 0 33807 -0.187704 1
gene 1 1321 21 0.881759 0 34193 0.881759 1
gene 1 7 18 0.149807 0 34563 0.149807 1
gene 1 1307 19 0.977313 0 34915 0.977313 1
gene 1 13 13 0.95199 1 35050 0.95199 1
genomeend 4
