/* Organism #142 Fitness: 1.023 Error: 0.977 */
genomestart 142
trait 1 0.0823529 0.227887 0.113527 0.642984 0.685945 0.651079 0.61275 0.41208 
node 1 1 0
node 2 1 1
node 3 1 1
node 4 1 1
node 5 1 1
node 6 1 1
node 7 1 1
node 8 1 1
node 9 1 1
node 10 1 2
node 11 1 2
node 12 1 2
node 13 1 2
node 14 1 2
node 15 1 2
node 16 1 2
node 17 1 2
node 18 1 2
node 19 1 2
node 20 1 2
node 23 1 3
node 990 1 3
node 1318 1 3
gene 1 3 23 2.66874 0 19 2.66874 1
gene 1 5 23 -5.49488 0 35 -5.49488 1
gene 1 9 23 0.386408 0 67 0.386408 1
gene 1 23 10 5.01042 0 95 5.01042 1
gene 1 23 11 -0.485332 0 96 -0.485332 1
gene 1 23 12 -0.854071 0 97 -0.854071 1
gene 1 23 14 2.4673 0 99 2.4673 1
gene 1 2 19 3.46949 0 880 3.46949 1
gene 1 1 13 -0.416372 0 2728 -0.416372 1
gene 1 12 15 3.72756 0 3566 3.72756 1
gene 1 4 16 -2.00718 0 7618 -2.00718 1
gene 1 13 11 -0.100604 0 8696 -0.100604 1
gene 1 12 17 6.67672 0 10990 6.67672 1
gene 1 4 15 -1.09681 0 11117 -1.09681 1
gene 1 12 12 -4.47194 1 12465 -4.47194 1
gene 1 16 18 6.13852 0 18646 6.13852 1
gene 1 23 18 7.11438 0 19317 7.11438 1
gene 1 5 12 -4.00039 0 20279 -4.00039 1
gene 1 5 11 -1.43526 0 21323 -1.43526 1
gene 1 13 17 4.86054 0 22391 4.86054 1
gene 1 15 17 -5.71114 0 22716 -5.71114 1
gene 1 3 17 -1.8505 0 23207 -1.8505 1
gene 1 17 19 4.02727 0 23452 4.02727 1
gene 1 13 13 -0.220845 1 24708 -0.220845 1
gene 1 18 10 -0.407018 0 25042 -0.407018 1
gene 1 23 20 -1.89234 0 27698 -1.89234 1
gene 1 4 10 1.75938 0 28077 1.75938 1
gene 1 7 11 -4.57869 0 28826 -4.57869 1
gene 1 13 19 0.542656 0 30596 0.542656 1
gene 1 6 19 -0.688596 0 31012 -0.688596 1
gene 1 5 17 1.43694 0 31246 1.43694 1
gene 1 12 19 -4.42453 0 31959 -4.42453 1
gene 1 9 11 0.65285 0 32319 0.65285 1
gene 1 8 1318 -0.894363 0 32782 -0.894363 1
gene 1 1318 19 -3.77871 0 32783 -3.77871 1
gene 1 3 1318 -1.71772 0 33359 -1.71772 1
gene 1 15 15 -0.537505 1 33731 -0.537505 1
gene 1 1 16 -1.13609 0 34731 -1.13609 1
gene 1 1 17 1.98199 0 34828 1.98199 1
gene 1 7 20 -2.31634 0 35234 -2.31634 1
gene 1 990 990 0.174205 1 35341 0.174205 1
gene 1 17 14 1.40012 0 35679 1.40012 1
gene 1 1318 13 0.731948 0 37714 0.731948 1
gene 1 4 19 0.175961 0 37974 0.175961 1
gene 1 6 18 -0.476586 0 38096 -0.476586 1
gene 1 15 990 0.719463 0 38222 0.719463 1
gene 1 7 23 -0.776656 0 38353 -0.776656 1
gene 1 19 13 -0.113435 1 38608 -0.113435 1
gene 1 12 23 -1.54265 1 38821 -1.54265 1
gene 1 17 11 0.611133 0 39322 0.611133 1
gene 1 18 14 -1.84825 0 39517 -1.84825 1
gene 1 1318 990 -3.11877 0 39677 -3.11877 1
gene 1 5 14 1.4465 0 39836 1.4465 1
gene 1 16 17 0.517313 0 40085 0.517313 1
gene 1 2 1318 0.579228 0 40168 0.579228 1
gene 1 19 20 -0.852626 0 40379 -0.852626 1
gene 1 12 18 -1.51073 0 40503 -1.51073 1
gene 1 7 10 1.23583 0 40647 1.23583 1
gene 1 6 20 -0.312374 0 40929 -0.312374 1
gene 1 2 14 1.44911 0 41397 1.44911 1
gene 1 7 18 -0.30748 0 41462 -0.30748 1
gene 1 13 20 0.348761 0 41624 0.348761 1
gene 1 23 23 0.131543 1 41741 0.131543 1
gene 1 10 10 -0.864853 1 41947 -0.864853 1
gene 1 6 17 -0.301553 0 42069 -0.301553 1
genomeend 142
