/* Organism #384 Fitness: 1.028 Error: 0.972 */
genomestart 384
trait 1 0.94262 0 0.798289 1 0.795589 0.386795 0 0.568847 
node 1 1 0
node 2 1 1
node 3 1 1
node 4 1 1
node 5 1 1
node 6 1 1
node 7 1 1
node 8 1 1
node 9 1 1
node 10 1 2
node 11 1 2
node 12 1 2
node 13 1 2
node 14 1 2
node 15 1 2
node 16 1 2
node 17 1 2
node 18 1 2
node 19 1 2
node 20 1 2
node 22 1 3
node 23 1 3
node 1888 1 3
gene 1 1 22 -4.74913 0 2 -4.74913 1
gene 1 1 23 0.316458 0 3 0.316458 1
gene 1 2 23 3.96913 0 11 3.96913 1
gene 1 3 23 5.65184 0 19 5.65184 1
gene 1 4 22 -1.96871 0 26 -1.96871 1
gene 1 6 23 -6.8816 0 43 -6.8816 1
gene 1 7 23 7.11325 0 51 7.11325 1
gene 1 22 12 -4.07635 0 86 -4.07635 1
gene 1 22 19 -0.580143 0 93 -0.580143 1
gene 1 22 20 -3.33466 0 94 -3.33466 1
gene 1 23 10 7.18951 0 95 7.18951 1
gene 1 23 16 2.52673 0 101 2.52673 1
gene 1 23 17 2.70351 0 102 2.70351 1
gene 1 23 20 2.27333 0 105 2.27333 1
gene 1 7 13 8 0 2653 8 1
gene 1 11 13 -1.9559 0 4115 -1.9559 1
gene 1 12 14 5.18451 0 4907 5.18451 1
gene 1 9 19 -2.25235 0 5709 -2.25235 1
gene 1 22 13 -0.33823 0 7145 -0.33823 1
gene 1 23 22 -1.05589 0 9179 -1.05589 1
gene 1 16 12 -1.29395 0 11159 -1.29395 1
gene 1 6 11 0.556936 0 11549 0.556936 1
gene 1 9 22 -4.14108 0 11668 -4.14108 1
gene 1 1 17 0.880044 0 13520 0.880044 1
gene 1 10 18 0.784971 0 16405 0.784971 1
gene 1 13 10 -0.787601 0 17067 -0.787601 1
gene 1 22 17 2.52632 0 19316 2.52632 1
gene 1 23 14 7.81199 0 21142 7.81199 1
gene 1 20 20 1.56655 1 22398 1.56655 1
gene 1 7 19 -3.58003 0 23986 -3.58003 1
gene 1 11 12 -1.97589 0 24095 -1.97589 1
gene 1 7 20 -4.12745 0 25293 -4.12745 1
gene 1 7 11 7.49351 0 25789 7.49351 1
gene 1 23 23 -6.70201 1 27091 -6.70201 1
gene 1 8 15 -0.494386 0 28367 -0.494386 1
gene 1 12 12 -4.8435 1 28485 -4.8435 1
gene 1 9 17 6.3256 0 29268 6.3256 1
gene 1 19 19 -1.34636 1 29533 -1.34636 1
gene 1 17 11 -3.06262 0 29710 -3.06262 1
gene 1 12 15 6.52955 0 30154 6.52955 1
gene 1 10 10 1.19803 1 30655 1.19803 1
gene 1 1 10 4.86533 0 31771 4.86533 1
gene 1 22 15 7.84195 0 32095 7.84195 1
gene 1 10 14 -2.95217 0 33673 -2.95217 1
gene 1 14 14 0.301964 1 34624 0.301964 1
gene 1 1 14 -2.2415 0 35141 -2.2415 1
gene 1 8 22 -0.246948 0 35769 -0.246948 1
gene 1 17 12 0.171492 0 37565 0.171492 1
gene 1 7 10 -3.33531 0 38378 -3.33531 1
gene 1 6 13 -3.40562 0 38501 -3.40562 1
gene 1 16 16 -1.52968 1 39563 -1.52968 1
gene 1 11 19 0.173984 0 39913 0.173984 1
gene 1 1 15 -2.15344 0 40157 -2.15344 1
gene 1 13 12 1.66952 0 40593 1.66952 1
gene 1 17 17 2.11182 1 41537 2.11182 1
gene 1 18 18 1.40045 1 42010 1.40045 1
gene 1 11 11 -0.564096 1 42252 -0.564096 1
gene 1 23 19 1.95745 0 42919 1.95745 1
gene 1 4 16 1.1837 0 43266 1.1837 1
gene 1 11 15 0.783037 0 43989 0.783037 1
gene 1 19 22 0.601595 1 44728 0.601595 1
gene 1 6 15 1.38396 0 45091 1.38396 1
gene 1 12 19 -6.22163 0 45648 -6.22163 1
gene 1 8 12 1.57931 0 45889 1.57931 1
gene 1 15 11 0.669695 1 46157 0.669695 1
gene 1 1 18 0.511796 0 46239 0.511796 1
gene 1 10 12 1.28164 0 46341 1.28164 1
gene 1 3 17 0.536544 0 46668 0.536544 1
gene 1 22 10 -0.595838 0 46802 -0.595838 1
gene 1 10 13 -0.53784 1 46942 -0.53784 1
gene 1 20 15 0.936531 0 47594 0.936531 1
gene 1 1 19 0.0447721 0 47703 0.0447721 1
gene 1 14 22 -1.57591 1 48087 -1.57591 1
gene 1 8 13 0.820559 0 48212 0.820559 1
gene 1 6 19 1.69796 0 48563 1.69796 1
gene 1 4 13 -1.27412 0 48677 -1.27412 1
gene 1 22 16 -0.810328 0 48895 -0.810328 1
gene 1 2 16 -0.359693 0 49111 -0.359693 1
gene 1 18 23 -0.65813 1 49257 -0.65813 1
gene 1 22 1888 -0.0207979 1 49491 -0.0207979 1
gene 1 1888 22 0.630874 0 49492 0.630874 1
gene 1 10 19 1.24467 0 49622 1.24467 1
gene 1 4 18 0.00707433 0 49894 0.00707433 1
genomeend 384
