/* Organism #334 Fitness: 1.02 Error: 0.98 */
genomestart 334
trait 1 0 0.849683 0 1 0.199631 0.605711 0.689225 0.473104 
node 1 1 0
node 2 1 1
node 3 1 1
node 4 1 1
node 5 1 1
node 6 1 1
node 7 1 1
node 8 1 1
node 9 1 1
node 10 1 2
node 11 1 2
node 12 1 2
node 13 1 2
node 14 1 2
node 15 1 2
node 16 1 2
node 17 1 2
node 18 1 2
node 19 1 2
node 20 1 2
node 21 1 3
node 25 1 3
node 26 1 3
node 184 1 3
gene 1 1 21 4.04939 0 1 4.04939 1
gene 1 1 25 2.31351 0 5 2.31351 1
gene 1 1 26 -1.83511 0 6 -1.83511 1
gene 1 2 21 -4.27236 0 9 -4.27236 1
gene 1 2 25 0.354472 0 13 0.354472 1
gene 1 2 26 -1.41076 0 14 -1.41076 1
gene 1 3 21 0.691302 0 17 0.691302 1
gene 1 3 26 1.30307 0 22 1.30307 1
gene 1 4 21 -0.158655 0 25 -0.158655 1
gene 1 5 21 2.60097 0 33 2.60097 1
gene 1 5 25 -4.83339 0 37 -4.83339 1
gene 1 5 26 -0.369744 0 38 -0.369744 1
gene 1 6 21 0.51319 0 41 0.51319 1
gene 1 6 25 0.101457 0 45 0.101457 1
gene 1 6 26 -1.71245 0 46 -1.71245 1
gene 1 7 21 -0.815499 0 49 -0.815499 1
gene 1 7 25 8 0 53 8 1
gene 1 7 26 -1.10739 0 54 -1.10739 1
gene 1 8 25 2.57699 0 61 2.57699 1
gene 1 9 21 1.72283 0 65 1.72283 1
gene 1 9 25 0.468458 0 69 0.468458 1
gene 1 9 26 1.80411 0 70 1.80411 1
gene 1 21 10 -7.26317 0 73 -7.26317 1
gene 1 21 11 0.788784 0 74 0.788784 1
gene 1 21 13 1.30965 0 76 1.30965 1
gene 1 21 14 -0.630543 0 77 -0.630543 1
gene 1 21 19 1.07939 0 82 1.07939 1
gene 1 21 20 -3.51994 0 83 -3.51994 1
gene 1 25 10 -0.719032 0 117 -0.719032 1
gene 1 25 11 -4.38297 0 118 -4.38297 1
gene 1 25 13 0.0397374 0 120 0.0397374 1
gene 1 25 14 0.00254147 0 121 0.00254147 1
gene 1 25 15 -0.932056 0 122 -0.932056 1
gene 1 25 16 -0.698371 0 123 -0.698371 1
gene 1 25 17 2.53148 0 124 2.53148 1
gene 1 25 18 -2.21232 0 125 -2.21232 1
gene 1 25 19 0.177708 0 126 0.177708 1
gene 1 26 10 1.2947 0 128 1.2947 1
gene 1 26 11 -0.308312 0 129 -0.308312 1
gene 1 26 12 -2.76584 0 130 -2.76584 1
gene 1 26 13 0.807706 0 131 0.807706 1
gene 1 26 14 0.422225 0 132 0.422225 1
gene 1 26 15 -0.48655 0 133 -0.48655 1
gene 1 26 16 -0.596597 0 134 -0.596597 1
gene 1 26 17 -2.80518 0 135 -2.80518 1
gene 1 26 19 -0.764389 0 137 -0.764389 1
gene 1 26 20 -1.62235 0 138 -1.62235 1
gene 1 2 11 -4.44782 0 667 -4.44782 1
gene 1 16 10 0.966913 0 761 0.966913 1
gene 1 10 14 0.370158 0 2005 0.370158 1
gene 1 18 26 0.0442675 1 2527 0.0442675 1
gene 1 17 11 -2.39155 0 2662 -2.39155 1
gene 1 12 15 1.14494 0 2910 1.14494 1
gene 1 2 18 -0.244985 0 3153 -0.244985 1
gene 1 2 13 -1.53669 0 3287 -1.53669 1
gene 1 184 18 -2.32091 0 4077 -2.32091 1
gene 1 10 10 -1.5341 1 5026 -1.5341 1
gene 1 20 20 1.84328 1 5174 1.84328 1
gene 1 21 26 -1.36377 0 6789 -1.36377 1
gene 1 16 12 1.4141 0 6904 1.4141 1
gene 1 4 184 1.29052 0 7172 1.29052 1
gene 1 8 13 -1.4534 0 7233 -1.4534 1
gene 1 12 12 0.0509567 1 7415 0.0509567 1
gene 1 16 20 -0.829926 0 7959 -0.829926 1
gene 1 17 17 2.2641 1 8196 2.2641 1
gene 1 16 14 0.258227 0 8466 0.258227 1
gene 1 2 19 3.13843 0 8583 3.13843 1
gene 1 6 15 -0.781834 0 8752 -0.781834 1
gene 1 7 14 -1.29529 0 8867 -1.29529 1
gene 1 11 14 -1.89189 0 8963 -1.89189 1
gene 1 5 184 0.200095 0 9093 0.200095 1
gene 1 4 19 -1.74242 0 9199 -1.74242 1
gene 1 14 14 -1.11091 1 9435 -1.11091 1
gene 1 17 20 -0.195829 0 9521 -0.195829 1
gene 1 19 21 1.66357 1 9628 1.66357 1
gene 1 15 184 0.319938 0 10131 0.319938 1
gene 1 8 17 0.353946 0 10821 0.353946 1
genomeend 334
