/* Organism #445 Fitness: 1.027 Error: 0.973 */
genomestart 445
trait 1 0.734371 0.0575411 0.774007 0.759707 0.10839 1 0.0248187 0.00286032 
node 1 1 0
node 2 1 1
node 3 1 1
node 4 1 1
node 5 1 1
node 6 1 1
node 7 1 1
node 8 1 1
node 9 1 1
node 10 1 2
node 11 1 2
node 12 1 2
node 13 1 2
node 14 1 2
node 15 1 2
node 16 1 2
node 17 1 2
node 18 1 2
node 19 1 2
node 20 1 2
node 24 1 3
node 25 1 3
node 28 1 3
node 136 1 3
gene 1 1 24 -1.85511 0 4 -1.85511 1
gene 1 1 25 5.09611 0 5 5.09611 1
gene 1 1 28 -7.86097 0 8 -7.86097 1
gene 1 2 24 5.21804 0 12 5.21804 1
gene 1 2 25 3.24881 0 13 3.24881 1
gene 1 2 28 0.553651 0 16 0.553651 1
gene 1 3 24 0.0578821 0 20 0.0578821 1
gene 1 3 25 5.39026 0 21 5.39026 1
gene 1 3 28 1.69006 0 24 1.69006 1
gene 1 4 24 -1.81941 0 28 -1.81941 1
gene 1 4 25 2.29858 0 29 2.29858 1
gene 1 4 28 0.353366 0 32 0.353366 1
gene 1 5 24 3.33642 0 36 3.33642 1
gene 1 5 28 -1.05844 0 40 -1.05844 1
gene 1 6 24 0.508446 0 44 0.508446 1
gene 1 6 25 0.290498 0 45 0.290498 1
gene 1 6 28 -4.58937 0 48 -4.58937 1
gene 1 7 28 6.61399 0 56 6.61399 1
gene 1 8 25 -3.45568 0 61 -3.45568 1
gene 1 8 28 -0.491058 0 64 -0.491058 1
gene 1 9 28 5.88819 0 72 5.88819 1
gene 1 24 10 8 0 106 8 1
gene 1 24 11 -1.10272 0 107 -1.10272 1
gene 1 24 12 1.63132 0 108 1.63132 1
gene 1 24 16 1.40023 0 112 1.40023 1
gene 1 24 17 -1.10382 0 113 -1.10382 1
gene 1 24 18 2.29615 0 114 2.29615 1
gene 1 24 19 0.613506 0 115 0.613506 1
gene 1 24 20 -0.278222 0 116 -0.278222 1
gene 1 25 11 -0.942004 0 118 -0.942004 1
gene 1 25 12 6.93096 0 119 6.93096 1
gene 1 25 13 -0.00539403 0 120 -0.00539403 1
gene 1 25 14 2.1873 0 121 2.1873 1
gene 1 25 15 -8 0 122 -8 1
gene 1 25 16 3.35395 0 123 3.35395 1
gene 1 25 17 -1.37431 0 124 -1.37431 1
gene 1 25 18 -0.789219 0 125 -0.789219 1
gene 1 25 20 -2.10051 0 127 -2.10051 1
gene 1 28 11 0.0721653 0 151 0.0721653 1
gene 1 28 12 -0.390134 0 152 -0.390134 1
gene 1 28 13 -2.82258 0 153 -2.82258 1
gene 1 28 14 8 0 154 8 1
gene 1 28 15 2.85586 0 155 2.85586 1
gene 1 28 16 0.951266 0 156 0.951266 1
gene 1 28 17 -0.337263 0 157 -0.337263 1
gene 1 28 18 4.62115 0 158 4.62115 1
gene 1 28 19 -2.32331 0 159 -2.32331 1
gene 1 28 20 -0.365372 0 160 -0.365372 1
gene 1 9 18 1.42724 0 884 1.42724 1
gene 1 12 12 3.31555 1 1148 3.31555 1
gene 1 8 12 -5.89828 0 1977 -5.89828 1
gene 1 18 17 -2.9406 0 2595 -2.9406 1
gene 1 9 136 -0.804318 0 2714 -0.804318 1
gene 1 136 24 0.473957 0 2715 0.473957 1
gene 1 11 12 -3.44164 0 2844 -3.44164 1
gene 1 13 13 -1.52716 1 5187 -1.52716 1
gene 1 3 11 0.845539 0 5816 0.845539 1
gene 1 25 25 1.21466 1 5991 1.21466 1
gene 1 10 12 -1.49139 0 6156 -1.49139 1
gene 1 1 136 0.478362 0 6266 0.478362 1
gene 1 6 17 -0.174455 0 6864 -0.174455 1
gene 1 3 19 1.91503 0 7575 1.91503 1
gene 1 10 18 -0.211231 0 7709 -0.211231 1
gene 1 3 16 -1.68566 0 7963 -1.68566 1
gene 1 136 13 0.286718 0 8084 0.286718 1
gene 1 20 20 3.82553 1 8446 3.82553 1
gene 1 5 16 0.840416 0 8768 0.840416 1
gene 1 2 136 0.593644 0 8993 0.593644 1
gene 1 3 14 -1.69698 0 9916 -1.69698 1
gene 1 16 18 1.11937 0 10288 1.11937 1
gene 1 1 12 -2.48029 0 10412 -2.48029 1
gene 1 18 13 2.97094 0 10543 2.97094 1
gene 1 7 16 -2.42006 0 11013 -2.42006 1
gene 1 28 28 -0.0789568 1 11431 -0.0789568 1
gene 1 20 17 -0.922779 0 11684 -0.922779 1
gene 1 136 16 2.43921 0 11757 2.43921 1
gene 1 19 18 0.348047 0 11931 0.348047 1
gene 1 28 24 -0.159934 0 12067 -0.159934 1
gene 1 19 20 -1.09793 0 12625 -1.09793 1
gene 1 14 11 0.310345 0 13007 0.310345 1
gene 1 20 10 1.45247 0 13247 1.45247 1
gene 1 4 14 0.834622 0 13349 0.834622 1
gene 1 1 11 -4.06867 0 13480 -4.06867 1
gene 1 4 19 -1.53382 0 13571 -1.53382 1
gene 1 11 11 -0.605023 1 13843 -0.605023 1
gene 1 14 13 -0.585197 0 14311 -0.585197 1
gene 1 19 10 -0.134 0 14410 -0.134 1
gene 1 6 10 -0.137664 0 15010 -0.137664 1
gene 1 12 13 0.800411 0 15265 0.800411 1
gene 1 2 19 -0.217559 0 15419 -0.217559 1
gene 1 1 13 0.446521 0 15691 0.446521 1
gene 1 16 17 0.346255 0 16068 0.346255 1
genomeend 445
