/* Organism #205 Fitness: 1.021 Error: 0.979 */
genomestart 205
trait 1 0.419065 0.091745 0.267798 0.285851 0.905839 0.154388 0.707357 0 
node 1 1 0
node 2 1 1
node 3 1 1
node 4 1 1
node 5 1 1
node 6 1 1
node 7 1 1
node 8 1 1
node 9 1 1
node 10 1 2
node 11 1 2
node 12 1 2
node 13 1 2
node 14 1 2
node 15 1 2
node 16 1 2
node 17 1 2
node 18 1 2
node 19 1 2
node 20 1 2
node 21 1 3
node 23 1 3
node 251 1 3
gene 1 1 21 6.11131 0 1 6.11131 1
gene 1 1 23 -0.433299 0 3 -0.433299 1
gene 1 2 21 4.28161 0 9 4.28161 1
gene 1 3 21 -0.245995 0 17 -0.245995 1
gene 1 4 21 0.524285 0 25 0.524285 1
gene 1 4 23 -1.94495 0 27 -1.94495 1
gene 1 5 21 8 0 33 8 1
gene 1 5 23 0.587305 0 35 0.587305 1
gene 1 6 21 1.3283 0 41 1.3283 1
gene 1 6 23 5.4868 0 43 5.4868 1
gene 1 7 21 -8 0 49 -8 1
gene 1 7 23 5.20278 0 51 5.20278 1
gene 1 8 21 -1.99165 0 57 -1.99165 1
gene 1 21 10 5.68275 0 73 5.68275 1
gene 1 21 11 -0.661077 0 74 -0.661077 1
gene 1 21 12 2.40545 0 75 2.40545 1
gene 1 21 14 -2.37583 0 77 -2.37583 1
gene 1 21 16 -1.78009 0 79 -1.78009 1
gene 1 21 18 3.9471 0 81 3.9471 1
gene 1 21 20 -3.20822 0 83 -3.20822 1
gene 1 23 11 2.01533 0 96 2.01533 1
gene 1 23 13 -5.46764 0 98 -5.46764 1
gene 1 23 14 3.16755 0 99 3.16755 1
gene 1 23 15 0.107692 0 100 0.107692 1
gene 1 23 16 1.58229 0 101 1.58229 1
gene 1 23 17 1.30204 0 102 1.30204 1
gene 1 23 20 -1.1548 0 105 -1.1548 1
gene 1 14 11 1.16787 0 327 1.16787 1
gene 1 4 15 0.487053 0 710 0.487053 1
gene 1 3 11 -3.81436 0 831 -3.81436 1
gene 1 1 17 -4.81999 0 1324 -4.81999 1
gene 1 16 19 2.20758 0 1446 2.20758 1
gene 1 10 20 -1.47334 0 2489 -1.47334 1
gene 1 6 11 3.64966 0 2590 3.64966 1
gene 1 10 19 -5.16057 0 2723 -5.16057 1
gene 1 4 19 0.628657 0 3357 0.628657 1
gene 1 16 12 -6.4713 0 3992 -6.4713 1
gene 1 17 11 -2.5185 0 4846 -2.5185 1
gene 1 7 15 -2.38663 0 4989 -2.38663 1
gene 1 19 19 -1.2652 1 5117 -1.2652 1
gene 1 21 251 -0.429337 0 5791 -0.429337 1
gene 1 20 16 -1.0001 0 6226 -1.0001 1
gene 1 19 251 6.71641 0 7150 6.71641 1
gene 1 11 19 1.72666 0 7514 1.72666 1
gene 1 20 17 -2.65217 0 7923 -2.65217 1
gene 1 17 14 -2.04723 0 8393 -2.04723 1
gene 1 7 20 -3.02617 0 9205 -3.02617 1
gene 1 14 14 1.39624 1 9431 1.39624 1
gene 1 10 251 -0.24375 0 9707 -0.24375 1
gene 1 15 15 -3.39845 1 9970 -3.39845 1
gene 1 6 16 -0.991905 0 10548 -0.991905 1
gene 1 10 10 0.156584 1 11949 0.156584 1
gene 1 14 18 0.788025 0 12627 0.788025 1
gene 1 18 13 -2.74203 0 12865 -2.74203 1
gene 1 8 15 -1.76014 0 13216 -1.76014 1
gene 1 9 17 1.07838 0 13341 1.07838 1
gene 1 4 10 0.0661038 0 13459 0.0661038 1
gene 1 6 13 0.326216 0 13713 0.326216 1
gene 1 14 19 -0.366247 0 13824 -0.366247 1
gene 1 17 17 2.06719 1 14321 2.06719 1
gene 1 3 17 -1.9748 0 14646 -1.9748 1
gene 1 8 251 -0.554356 0 15402 -0.554356 1
gene 1 20 251 0.549958 0 16123 0.549958 1
gene 1 7 12 -0.135966 0 16380 -0.135966 1
gene 1 11 17 -0.230417 1 16631 -0.230417 1
gene 1 9 14 0.736224 0 16869 0.736224 1
genomeend 205
