30
0 139 88 123 111 86 86 33 121 71 150 108 88 85 1389 1375 1375 1399 1400 1384 1391 1424 1437 1377 1385 1416 1151 1059 1154 1124
139 0 145 98 137 146 60 133 152 139 63 87 122 79 1315 1302 1301 1325 1325 1310 1318 1349 1364 1302 1311 1342 1061 977 1067 1043
88 145 0 68 29 3 89 118 34 17 117 65 24 67 1449 1435 1435 1458 1459 1443 1451 1483 1497 1436 1444 1475 1201 1114 1206 1179
123 98 68 0 47 70 63 141 59 73 52 17 47 44 1413 1400 1399 1423 1423 1407 1415 1447 1461 1400 1408 1439 1158 1074 1164 1141
111 137 29 47 0 32 88 138 15 43 98 50 25 64 1449 1436 1436 1459 1460 1444 1452 1484 1498 1437 1445 1476 1198 1112 1204 1179
86 146 3 70 32 0 89 116 37 15 119 66 25 67 1448 1434 1434 1458 1459 1443 1451 1483 1496 1436 1444 1475 1201 1113 1206 1179
86 60 89 63 88 89 0 91 103 80 68 47 68 24 1362 1348 1348 1372 1372 1356 1364 1396 1410 1349 1357 1388 1113 1026 1117 1092
33 133 118 141 138 116 91 0 149 101 159 124 114 99 1358 1343 1344 1367 1369 1352 1359 1392 1405 1345 1353 1384 1121 1029 1123 1093
121 152 34 59 15 37 103 149 0 51 111 65 38 79 1464 1451 1451 1474 1475 1459 1467 1499 1513 1452 1460 1491 1213 1127 1218 1194
71 139 17 73 43 15 80 101 51 0 119 66 27 60 1436 1422 1422 1446 1447 1431 1438 1471 1484 1423 1431 1463 1190 1102 1194 1167
150 63 117 52 98 119 68 159 111 119 0 53 94 66 1371 1359 1357 1381 1381 1366 1374 1405 1420 1358 1367 1397 1113 1031 1120 1098
108 87 65 17 50 66 47 124 65 66 53 0 41 26 1401 1388 1387 1411 1411 1396 1404 1436 1450 1389 1397 1428 1149 1064 1154 1130
88 122 24 47 25 25 68 114 38 27 94 41 0 44 1430 1416 1416 1439 1440 1424 1432 1464 1478 1417 1425 1456 1180 1094 1185 1160
85 79 67 44 64 67 24 99 79 60 66 26 44 0 1386 1373 1372 1396 1396 1381 1388 1420 1434 1373 1381 1413 1136 1050 1141 1116
1389 1315 1449 1413 1449 1448 1362 1358 1464 1436 1371 1401 1430 1386 0 27 14 13 15 9 13 35 52 13 6 27 297 346 276 277
1375 1302 1435 1400 1436 1434 1348 1343 1451 1422 1359 1388 1416 1373 27 0 22 27 42 18 19 56 62 21 21 48 298 338 275 270
1375 1301 1435 1399 1436 1434 1348 1344 1451 1422 1357 1387 1416 1372 14 22 0 25 27 10 20 49 65 1 10 41 286 332 264 264
1399 1325 1458 1423 1459 1458 1372 1367 1474 1446 1381 1411 1439 1396 13 27 25 0 20 15 8 29 40 24 15 21 310 357 289 289
1400 1325 1459 1423 1460 1459 1372 1369 1475 1447 1381 1411 1440 1396 15 42 27 20 0 24 26 25 49 26 21 18 301 354 281 285
1384 1310 1443 1407 1444 1443 1356 1352 1459 1431 1366 1396 1424 1381 9 18 10 15 24 0 10 42 55 9 3 34 296 342 274 274
1391 1318 1451 1415 1452 1451 1364 1359 1467 1438 1374 1404 1432 1388 13 19 20 8 26 10 0 37 46 19 12 29 306 351 284 283
1424 1349 1483 1447 1484 1483 1396 1392 1499 1471 1405 1436 1464 1420 35 56 49 29 25 42 37 0 29 48 40 8 325 379 306 310
1437 1364 1497 1461 1498 1496 1410 1405 1513 1484 1420 1450 1478 1434 52 62 65 40 49 55 46 29 0 63 55 31 349 397 328 329
1377 1302 1436 1400 1437 1436 1349 1345 1452 1423 1358 1389 1417 1373 13 21 1 24 26 9 19 48 63 0 8 40 287 334 266 265
1385 1311 1444 1408 1445 1444 1357 1353 1460 1431 1367 1397 1425 1381 6 21 10 15 21 3 12 40 55 8 0 32 295 342 274 274
1416 1342 1475 1439 1476 1475 1388 1384 1491 1463 1397 1428 1456 1413 27 48 41 21 18 34 29 8 31 40 32 0 319 371 299 303
1151 1061 1201 1158 1198 1201 1113 1121 1213 1190 1113 1149 1180 1136 297 298 286 310 301 296 306 325 349 287 295 319 0 110 31 91
1059 977 1114 1074 1112 1113 1026 1029 1127 1102 1031 1064 1094 1050 346 338 332 357 354 342 351 379 397 334 342 371 110 0 99 69
1154 1067 1206 1164 1204 1206 1117 1123 1218 1194 1120 1154 1185 1141 276 275 264 289 281 274 284 306 328 266 274 299 31 99 0 64
1124 1043 1179 1141 1179 1179 1092 1093 1194 1167 1098 1130 1160 1116 277 270 264 289 285 274 283 310 329 265 274 303 91 69 64 0
0 0 403 0 0 4 0 5585 2 2 0 1180 133 0 0 0 10 6 0 0 460 124 601 0 0 0 31 0 0 0
0 0 347 3 0 0 0 6211 702 597 0 0 134 0 0 0 2722 2 1 3 726 2840 1859 0 75 0 0 0 2196 2
0 471 0 10 7124 1 23 0 11 0 1 109 0 0 0 0 0 11 5104 378 0 2984 86 0 0 361 0 27 0 0
0 1 10 0 0 19 0 0 0 0 2802 2 435 11 0 0 0 9 694 0 38 10 0 0 1437 311 0 0 0 4
284 0 1786 27 0 57 4556 0 4 0 0 0 0 0 0 0 293 0 0 129 0 0 4 222 0 0 2741 331 0 1129
22 210 0 510 11 0 1576 0 448 0 3547 430 0 0 0 419 0 0 26 0 4 275 0 0 0 68 0 0 0 0
17 257 0 15 1639 0 0 5 0 0 0 5181 0 0 6 0 136 19 0 1 0 0 0 0 3770 0 566 0 0 0
0 0 0 0 0 2281 8 0 560 0 0 6 0 0 1045 0 0 0 1356 0 3 0 0 5 11 0 0 0 0 3
0 0 0 0 1 2978 0 0 0 0 135 0 0 8 75 0 0 2938 0 23 1 1 0 139 0 38 1 0 130 1
0 0 329 0 553 0 613 0 0 0 0 283 194 0 0 0 15 7 0 19 745 17 1542 1 0 2 34 2354 0 0
0 5698 2994 0 0 0 575 0 0 0 0 0 4104 0 0 1 7 1963 1866 0 0 0 0 46 362 0 0 4 0 1
74 36 0 0 0 0 0 4785 1 152 1 0 0 0 449 4 0 0 0 0 0 5 0 0 0 2357 43 858 0 423
0 0 0 6 1 54 0 276 0 5 2407 3 0 320 4582 0 74 5937 0 1 0 3781 2 0 0 6280 0 681 1 36
0 0 7477 0 0 2 0 0 0 11 598 631 2525 0 0 18 7 63 0 0 0 4518 21 0 133 24 0 0 0 0
0 292 11 0 0 52 0 5 158 0 0 0 1 951 0 1226 0 0 175 0 4295 0 5373 0 2 1 0 36 0 0
0 0 29 109 25 0 1339 0 0 0 3074 1 0 887 18 0 1102 0 0 38 212 0 0 0 13 2 0 0 13 0
3 0 0 1 40 1 183 0 222 124 0 2019 0 4 0 0 0 3 0 0 0 0 187 0 5 1 2 0 71 2585
0 0 0 0 0 3 0 0 19 0 0 1711 0 37 26 83 0 0 1 0 0 0 0 0 0 0 0 1 0 0
0 1 1416 0 578 0 0 5 0 2 0 0 0 6850 2 0 1979 7795 0 0 113 0 0 0 5 0 1103 0 19 1
3363 0 100 0 4 0 9 0 137 34 35 8 0 0 1339 20 0 0 84 0 23 0 476 17 6864 0 0 0 1 0
59 133 275 1 0 451 0 2202 32 665 1 0 283 0 0 0 353 0 0 0 0 1 0 0 110 0 0 1 0 0
102 0 0 1 1 0 12 2940 0 0 0 0 0 0 85 470 0 0 0 100 1 0 6 22 0 5392 361 0 3985 37
0 9 3814 0 0 4903 0 0 3 0 0 0 0 31 176 0 1710 0 0 3570 57 5 0 0 0 6 0 0 2184 0
5877 1 0 0 787 0 1 190 733 0 0 0 0 0 1 0 5 0 0 0 907 35 0 0 0 2 0 1 0 35
0 0 0 9 0 2454 0 2 0 0 0 0 26 49 0 0 7 0 1603 0 357 0 1 27 0 0 7315 227 0 60
50 3 0 448 0 0 1 0 0 603 0 7056 0 0 0 1 0 0 0 0 0 2173 1 73 0 0 7 0 370 0
0 5 3 0 0 12 2 0 23 0 0 0 0 6 0 4521 0 0 0 1072 0 5818 679 139 0 1 0 0 0 0
0 0 5 0 0 0 908 3056 6131 0 0 9 0 0 0 0 1 6958 3 0 0 509 0 0 0 0 160 0 2 0
331 0 430 35 7 52 0 1 0 957 36 0 0 0 0 0 0 0 1 75 3 12 0 0 0 0 459 1 0 0
5 0 1733 0 1 17 0 47 0 1346 0 0 0 6 0 0 0 0 8 0 0 50 0 4321 5 0 97 0 0 0