/* Organism #40 Fitness: 1.005 Error: 0.995 */
genomestart 40
trait 1 0.149081 0.0747968 0.294857 0.0809827 0.690414 0.420336 0.631124 0 
node 1 1 0
node 2 1 1
node 3 1 1
node 4 1 1
node 5 1 1
node 6 1 1
node 7 1 1
node 8 1 1
node 9 1 1
node 10 1 2
node 11 1 2
node 12 1 2
node 13 1 2
node 14 1 2
node 15 1 2
node 16 1 2
node 17 1 2
node 18 1 2
node 19 1 2
node 20 1 2
node 21 1 3
node 23 1 3
node 24 1 3
node 25 1 3
node 26 1 3
node 27 1 3
node 28 1 3
gene 1 1 21 -1.66828 0 1 -1.66828 1
gene 1 1 23 -1.25055 0 3 -1.25055 1
gene 1 1 24 0.623465 0 4 0.623465 1
gene 1 1 25 -0.120033 0 5 -0.120033 1
gene 1 1 26 -0.120274 0 6 -0.120274 1
gene 1 1 27 -0.375121 0 7 -0.375121 1
gene 1 1 28 -0.959098 0 8 -0.959098 1
gene 1 2 21 0.213055 0 9 0.213055 1
gene 1 2 24 0.814211 0 12 0.814211 1
gene 1 2 25 0.300147 0 13 0.300147 1
gene 1 2 26 -0.161697 0 14 -0.161697 1
gene 1 2 27 0.177095 0 15 0.177095 1
gene 1 2 28 -0.984401 0 16 -0.984401 1
gene 1 3 21 2.61598 0 17 2.61598 1
gene 1 3 23 -2.66538 0 19 -2.66538 1
gene 1 3 24 0.111772 0 20 0.111772 1
gene 1 3 25 -1.08203 0 21 -1.08203 1
gene 1 3 26 -1.62621 0 22 -1.62621 1
gene 1 3 27 -1.93454 0 23 -1.93454 1
gene 1 3 28 -0.160676 0 24 -0.160676 1
gene 1 4 21 0.812759 0 25 0.812759 1
gene 1 4 23 -1.03877 0 27 -1.03877 1
gene 1 4 24 1.52987 0 28 1.52987 1
gene 1 4 25 3.22346 0 29 3.22346 1
gene 1 4 26 1.1821 0 30 1.1821 1
gene 1 4 27 -0.0911641 0 31 -0.0911641 1
gene 1 4 28 2.01113 0 32 2.01113 1
gene 1 5 21 0.151557 0 33 0.151557 1
gene 1 5 23 1.81162 0 35 1.81162 1
gene 1 5 24 2.19692 0 36 2.19692 1
gene 1 5 25 -1.24948 0 37 -1.24948 1
gene 1 5 26 -1.30691 0 38 -1.30691 1
gene 1 5 27 -1.608 0 39 -1.608 1
gene 1 5 28 -2.82711 0 40 -2.82711 1
gene 1 6 21 2.32068 0 41 2.32068 1
gene 1 6 23 -1.90205 0 43 -1.90205 1
gene 1 6 24 1.84664 0 44 1.84664 1
gene 1 6 25 -1.11048 0 45 -1.11048 1
gene 1 6 26 1.0585 0 46 1.0585 1
gene 1 6 27 -0.366457 0 47 -0.366457 1
gene 1 6 28 -0.638949 0 48 -0.638949 1
gene 1 7 21 -0.515602 0 49 -0.515602 1
gene 1 7 23 0.651944 0 51 0.651944 1
gene 1 7 24 0.195673 0 52 0.195673 1
gene 1 7 25 -0.542013 0 53 -0.542013 1
gene 1 7 27 -3.24686 0 55 -3.24686 1
gene 1 7 28 1.14054 0 56 1.14054 1
gene 1 8 21 0.527061 0 57 0.527061 1
gene 1 8 23 -1.72721 0 59 -1.72721 1
gene 1 8 24 0.23901 0 60 0.23901 1
gene 1 8 25 0.160361 0 61 0.160361 1
gene 1 8 26 -0.486627 0 62 -0.486627 1
gene 1 8 27 -1.83065 0 63 -1.83065 1
gene 1 8 28 1.55992 0 64 1.55992 1
gene 1 9 21 -2.71286 0 65 -2.71286 1
gene 1 9 23 -1.81989 0 67 -1.81989 1
gene 1 9 24 -1.22118 0 68 -1.22118 1
gene 1 9 25 -1.94527 0 69 -1.94527 1
gene 1 9 26 -0.279838 0 70 -0.279838 1
gene 1 9 27 1.96745 0 71 1.96745 1
gene 1 9 28 2.53018 0 72 2.53018 1
gene 1 21 10 2.32072 0 73 2.32072 1
gene 1 21 11 -2.43338 0 74 -2.43338 1
gene 1 21 12 -3.16087 0 75 -3.16087 1
gene 1 21 14 -0.696766 0 77 -0.696766 1
gene 1 21 15 0.0518324 0 78 0.0518324 1
gene 1 21 16 -0.511317 0 79 -0.511317 1
gene 1 21 17 2.45493 0 80 2.45493 1
gene 1 21 18 0.561168 0 81 0.561168 1
gene 1 21 19 -0.882127 0 82 -0.882127 1
gene 1 21 20 -0.528562 0 83 -0.528562 1
gene 1 23 10 0.529301 0 95 0.529301 1
gene 1 23 12 0.205413 0 97 0.205413 1
gene 1 23 13 1.87235 0 98 1.87235 1
gene 1 23 14 -3.21465 0 99 -3.21465 1
gene 1 23 15 1.05419 0 100 1.05419 1
gene 1 23 16 -0.929049 0 101 -0.929049 1
gene 1 23 17 -0.927479 0 102 -0.927479 1
gene 1 23 18 -0.0279732 0 103 -0.0279732 1
gene 1 23 19 -2.2044 0 104 -2.2044 1
gene 1 23 20 -0.163494 0 105 -0.163494 1
gene 1 24 10 3.49663 0 106 3.49663 1
gene 1 24 11 -2.33012 0 107 -2.33012 1
gene 1 24 12 0.0897941 0 108 0.0897941 1
gene 1 24 13 -0.295488 0 109 -0.295488 1
gene 1 24 14 1.67252 0 110 1.67252 1
gene 1 24 15 -2.43918 0 111 -2.43918 1
gene 1 24 16 -2.17805 0 112 -2.17805 1
gene 1 24 17 0.982188 0 113 0.982188 1
gene 1 24 18 -0.192969 0 114 -0.192969 1
gene 1 24 19 -2.28993 0 115 -2.28993 1
gene 1 24 20 -3.54594 0 116 -3.54594 1
gene 1 25 10 2.52592 0 117 2.52592 1
gene 1 25 11 0.379362 0 118 0.379362 1
gene 1 25 12 -3.58389 0 119 -3.58389 1
gene 1 25 13 -1.44887 0 120 -1.44887 1
gene 1 25 14 -0.0744907 0 121 -0.0744907 1
gene 1 25 15 -1.74882 0 122 -1.74882 1
gene 1 25 16 0.684048 0 123 0.684048 1
gene 1 25 17 -0.236613 0 124 -0.236613 1
gene 1 25 18 0.37422 0 125 0.37422 1
gene 1 25 19 0.293794 0 126 0.293794 1
gene 1 25 20 1.05997 0 127 1.05997 1
gene 1 26 10 -1.87183 0 128 -1.87183 1
gene 1 26 11 1.89085 0 129 1.89085 1
gene 1 26 12 0.904119 0 130 0.904119 1
gene 1 26 13 2.55619 0 131 2.55619 1
gene 1 26 14 0.809711 0 132 0.809711 1
gene 1 26 15 -0.941053 0 133 -0.941053 1
gene 1 26 16 0.279496 0 134 0.279496 1
gene 1 26 17 -0.93493 0 135 -0.93493 1
gene 1 26 18 -0.238076 0 136 -0.238076 1
gene 1 26 19 -0.899291 0 137 -0.899291 1
gene 1 26 20 -1.00372 0 138 -1.00372 1
gene 1 27 10 0.425053 0 139 0.425053 1
gene 1 27 11 -0.611813 0 140 -0.611813 1
gene 1 27 12 0.677765 0 141 0.677765 1
gene 1 27 13 -0.16047 0 142 -0.16047 1
gene 1 27 14 0.82202 0 143 0.82202 1
gene 1 27 15 -1.76935 0 144 -1.76935 1
gene 1 27 16 -0.730532 0 145 -0.730532 1
gene 1 27 17 1.45171 0 146 1.45171 1
gene 1 27 18 -0.206109 0 147 -0.206109 1
gene 1 27 19 -1.73006 0 148 -1.73006 1
gene 1 27 20 -0.655927 0 149 -0.655927 1
gene 1 28 10 -1.57973 0 150 -1.57973 1
gene 1 28 11 -2.65744 0 151 -2.65744 1
gene 1 28 12 -0.712886 0 152 -0.712886 1
gene 1 28 13 -0.7852 0 153 -0.7852 1
gene 1 28 14 1.58979 0 154 1.58979 1
gene 1 28 15 -0.225765 0 155 -0.225765 1
gene 1 28 16 3.17617 0 156 3.17617 1
gene 1 28 17 0.779141 0 157 0.779141 1
gene 1 28 18 -0.285333 0 158 -0.285333 1
gene 1 28 19 0.797354 0 159 0.797354 1
gene 1 28 20 -2.69014 0 160 -2.69014 1
gene 1 17 20 -0.532617 0 314 -0.532617 1
gene 1 23 25 -0.0938098 0 546 -0.0938098 1
gene 1 24 24 -0.0067292 1 744 -0.0067292 1
gene 1 14 24 0.0371749 1 873 0.0371749 1
gene 1 9 16 0.874709 0 992 0.874709 1
genomeend 40
