/* Organism #82 Fitness: 1.006 Error: 0.994 */
genomestart 82
trait 1 0.85948 0 0 0 1 0.537334 0.795648 0 
node 1 1 0
node 2 1 1
node 3 1 1
node 4 1 1
node 5 1 1
node 6 1 1
node 7 1 1
node 8 1 1
node 9 1 1
node 10 1 2
node 11 1 2
node 12 1 2
node 13 1 2
node 14 1 2
node 15 1 2
node 16 1 2
node 17 1 2
node 18 1 2
node 19 1 2
node 20 1 2
node 21 1 3
node 22 1 3
node 23 1 3
node 24 1 3
node 25 1 3
node 26 1 3
node 27 1 3
node 28 1 3
gene 1 1 21 1.5347 0 1 1.5347 1
gene 1 1 22 -0.114073 0 2 -0.114073 1
gene 1 1 23 0.542797 0 3 0.542797 1
gene 1 1 24 -1.02292 0 4 -1.02292 1
gene 1 1 25 -0.593794 0 5 -0.593794 1
gene 1 1 26 0.00500632 0 6 0.00500632 1
gene 1 1 27 0.290607 0 7 0.290607 1
gene 1 1 28 -3.3737 0 8 -3.3737 1
gene 1 2 21 0.919434 0 9 0.919434 1
gene 1 2 22 -1.18615 0 10 -1.18615 1
gene 1 2 23 1.68577 0 11 1.68577 1
gene 1 2 25 1.57419 0 13 1.57419 1
gene 1 2 26 -1.70288 0 14 -1.70288 1
gene 1 2 27 -0.779791 0 15 -0.779791 1
gene 1 2 28 0.495236 0 16 0.495236 1
gene 1 3 21 -1.26687 0 17 -1.26687 1
gene 1 3 22 1.93276 0 18 1.93276 1
gene 1 3 23 2.13322 0 19 2.13322 1
gene 1 3 24 1.76884 0 20 1.76884 1
gene 1 3 25 -1.75279 0 21 -1.75279 1
gene 1 3 26 -1.87 0 22 -1.87 1
gene 1 3 27 -3.13811 0 23 -3.13811 1
gene 1 3 28 -0.550311 0 24 -0.550311 1
gene 1 4 21 1.37145 0 25 1.37145 1
gene 1 4 22 -0.337518 0 26 -0.337518 1
gene 1 4 23 0.741191 0 27 0.741191 1
gene 1 4 24 0.386738 0 28 0.386738 1
gene 1 4 25 -1.82467 0 29 -1.82467 1
gene 1 4 26 1.67901 0 30 1.67901 1
gene 1 4 27 -3.46177 0 31 -3.46177 1
gene 1 4 28 -3.48223 0 32 -3.48223 1
gene 1 5 21 2.30049 0 33 2.30049 1
gene 1 5 22 -0.703919 0 34 -0.703919 1
gene 1 5 23 3.48798 0 35 3.48798 1
gene 1 5 24 -2.16557 0 36 -2.16557 1
gene 1 5 25 0.862854 0 37 0.862854 1
gene 1 5 26 -3.20955 0 38 -3.20955 1
gene 1 5 27 -0.882475 0 39 -0.882475 1
gene 1 5 28 -0.223048 0 40 -0.223048 1
gene 1 6 21 0.662832 0 41 0.662832 1
gene 1 6 22 3.59468 0 42 3.59468 1
gene 1 6 23 0.74044 0 43 0.74044 1
gene 1 6 24 1.5157 0 44 1.5157 1
gene 1 6 25 0.249267 0 45 0.249267 1
gene 1 6 26 -0.921307 0 46 -0.921307 1
gene 1 6 27 -4.82046 0 47 -4.82046 1
gene 1 6 28 -0.663791 0 48 -0.663791 1
gene 1 7 21 -0.332436 0 49 -0.332436 1
gene 1 7 22 1.17692 0 50 1.17692 1
gene 1 7 23 1.15221 0 51 1.15221 1
gene 1 7 24 -1.28381 0 52 -1.28381 1
gene 1 7 25 0.642731 0 53 0.642731 1
gene 1 7 26 -0.409446 0 54 -0.409446 1
gene 1 7 27 -0.145756 0 55 -0.145756 1
gene 1 7 28 1.23241 0 56 1.23241 1
gene 1 8 21 -0.634318 0 57 -0.634318 1
gene 1 8 22 1.67214 0 58 1.67214 1
gene 1 8 23 0.41477 0 59 0.41477 1
gene 1 8 24 -2.24871 0 60 -2.24871 1
gene 1 8 25 0.80068 0 61 0.80068 1
gene 1 8 26 2.6936 0 62 2.6936 1
gene 1 8 27 2.03944 0 63 2.03944 1
gene 1 8 28 -2.76148 0 64 -2.76148 1
gene 1 9 21 -3.3331 0 65 -3.3331 1
gene 1 9 22 -0.247884 0 66 -0.247884 1
gene 1 9 23 -0.301607 0 67 -0.301607 1
gene 1 9 24 -3.29304 0 68 -3.29304 1
gene 1 9 25 1.42255 0 69 1.42255 1
gene 1 9 26 2.00543 0 70 2.00543 1
gene 1 9 27 0.809827 0 71 0.809827 1
gene 1 9 28 -1.97458 0 72 -1.97458 1
gene 1 21 10 2.55718 0 73 2.55718 1
gene 1 21 11 1.40393 0 74 1.40393 1
gene 1 21 12 -1.76199 0 75 -1.76199 1
gene 1 21 13 0.154896 0 76 0.154896 1
gene 1 21 14 -0.605337 0 77 -0.605337 1
gene 1 21 15 -1.94141 0 78 -1.94141 1
gene 1 21 16 -1.66155 0 79 -1.66155 1
gene 1 21 17 -2.22745 0 80 -2.22745 1
gene 1 21 18 1.14614 0 81 1.14614 1
gene 1 21 19 1.93685 0 82 1.93685 1
gene 1 21 20 -0.0874824 0 83 -0.0874824 1
gene 1 22 10 0.00619477 0 84 0.00619477 1
gene 1 22 11 1.5593 0 85 1.5593 1
gene 1 22 12 1.97784 0 86 1.97784 1
gene 1 22 13 -1.56275 0 87 -1.56275 1
gene 1 22 14 -3.90363 0 88 -3.90363 1
gene 1 22 15 -0.624347 0 89 -0.624347 1
gene 1 22 16 0.473635 0 90 0.473635 1
gene 1 22 17 0.283407 0 91 0.283407 1
gene 1 22 18 -1.12791 0 92 -1.12791 1
gene 1 22 19 -2.02895 0 93 -2.02895 1
gene 1 22 20 -0.666268 0 94 -0.666268 1
gene 1 23 10 2.21184 0 95 2.21184 1
gene 1 23 11 -0.464661 0 96 -0.464661 1
gene 1 23 12 0.326635 0 97 0.326635 1
gene 1 23 13 -1.35816 0 98 -1.35816 1
gene 1 23 14 0.633134 0 99 0.633134 1
gene 1 23 15 -0.24687 0 100 -0.24687 1
gene 1 23 16 3.57612 0 101 3.57612 1
gene 1 23 17 1.50477 0 102 1.50477 1
gene 1 23 18 2.16979 0 103 2.16979 1
gene 1 23 19 0.113531 0 104 0.113531 1
gene 1 23 20 3.94782 0 105 3.94782 1
gene 1 24 11 -0.707853 0 107 -0.707853 1
gene 1 24 12 -3.55561 0 108 -3.55561 1
gene 1 24 13 -1.58423 0 109 -1.58423 1
gene 1 24 14 -1.60096 0 110 -1.60096 1
gene 1 24 15 -2.38275 0 111 -2.38275 1
gene 1 24 16 -2.11981 0 112 -2.11981 1
gene 1 24 17 -2.2072 0 113 -2.2072 1
gene 1 24 18 0.198492 0 114 0.198492 1
gene 1 24 19 -1.76869 0 115 -1.76869 1
gene 1 25 10 -0.319885 0 117 -0.319885 1
gene 1 25 11 -0.836669 0 118 -0.836669 1
gene 1 25 12 1.48243 0 119 1.48243 1
gene 1 25 13 -0.699197 0 120 -0.699197 1
gene 1 25 14 0.0207922 0 121 0.0207922 1
gene 1 25 15 -0.50876 0 122 -0.50876 1
gene 1 25 16 0.313672 0 123 0.313672 1
gene 1 25 17 6.23539 0 124 6.23539 1
gene 1 25 18 1.89188 0 125 1.89188 1
gene 1 25 19 -0.563099 0 126 -0.563099 1
gene 1 25 20 0.554933 0 127 0.554933 1
gene 1 26 10 -4.13697 0 128 -4.13697 1
gene 1 26 11 -0.839823 0 129 -0.839823 1
gene 1 26 12 0.784783 0 130 0.784783 1
gene 1 26 13 -0.769653 0 131 -0.769653 1
gene 1 26 14 -2.71932 0 132 -2.71932 1
gene 1 26 15 0.797698 0 133 0.797698 1
gene 1 26 16 1.96181 0 134 1.96181 1
gene 1 26 17 1.43833 0 135 1.43833 1
gene 1 26 18 -0.858122 0 136 -0.858122 1
gene 1 26 19 -1.34453 0 137 -1.34453 1
gene 1 26 20 -0.966386 0 138 -0.966386 1
gene 1 27 10 -0.419832 0 139 -0.419832 1
gene 1 27 11 0.842438 0 140 0.842438 1
gene 1 27 12 -2.01057 0 141 -2.01057 1
gene 1 27 13 1.09653 0 142 1.09653 1
gene 1 27 14 -0.65135 0 143 -0.65135 1
gene 1 27 15 -0.944233 0 144 -0.944233 1
gene 1 27 16 -0.342592 0 145 -0.342592 1
gene 1 27 17 0.120124 0 146 0.120124 1
gene 1 27 18 -1.81939 0 147 -1.81939 1
gene 1 27 19 0.520727 0 148 0.520727 1
gene 1 27 20 -2.19604 0 149 -2.19604 1
gene 1 28 10 1.83864 0 150 1.83864 1
gene 1 28 11 -0.15144 0 151 -0.15144 1
gene 1 28 12 2.51685 0 152 2.51685 1
gene 1 28 13 1.23811 0 153 1.23811 1
gene 1 28 14 -0.285606 0 154 -0.285606 1
gene 1 28 15 -2.12205 0 155 -2.12205 1
gene 1 28 16 -0.704869 0 156 -0.704869 1
gene 1 28 17 -1.53961 0 157 -1.53961 1
gene 1 28 18 -0.810898 0 158 -0.810898 1
gene 1 28 19 -0.0343416 0 159 -0.0343416 1
gene 1 28 20 -0.423422 0 160 -0.423422 1
gene 1 2 17 0.470151 0 386 0.470151 1
gene 1 26 24 0.0983387 0 878 0.0983387 1
genomeend 82
