/* Organism #192 Fitness: 1.003 Error: 0.997 */
genomestart 192
trait 1 0.46959 1 0.450751 0.0539885 0.354704 1 0.347938 0 
node 1 1 0
node 2 1 1
node 3 1 1
node 4 1 1
node 5 1 1
node 6 1 1
node 7 1 1
node 8 1 1
node 9 1 1
node 10 1 2
node 11 1 2
node 12 1 2
node 13 1 2
node 14 1 2
node 15 1 2
node 16 1 2
node 17 1 2
node 18 1 2
node 19 1 2
node 20 1 2
node 22 1 3
node 23 1 3
node 24 1 3
node 25 1 3
node 26 1 3
node 27 1 3
node 28 1 3
node 43 1 3
gene 1 1 22 -0.483357 0 2 -0.483357 1
gene 1 1 23 2.48061 0 3 2.48061 1
gene 1 1 24 -1.64781 0 4 -1.64781 1
gene 1 1 25 3.58946 0 5 3.58946 1
gene 1 1 26 -0.299197 0 6 -0.299197 1
gene 1 1 27 2.56861 0 7 2.56861 1
gene 1 1 28 0.0323141 0 8 0.0323141 1
gene 1 2 22 -2.8068 0 10 -2.8068 1
gene 1 2 23 1.60034 0 11 1.60034 1
gene 1 2 24 -3.34322 0 12 -3.34322 1
gene 1 2 25 2.21491 0 13 2.21491 1
gene 1 2 26 -2.18316 0 14 -2.18316 1
gene 1 2 27 1.60924 0 15 1.60924 1
gene 1 2 28 -1.05035 0 16 -1.05035 1
gene 1 3 22 0.689262 0 18 0.689262 1
gene 1 3 23 -0.920515 0 19 -0.920515 1
gene 1 3 24 4.64005 0 20 4.64005 1
gene 1 3 25 0.240953 0 21 0.240953 1
gene 1 3 26 3.31883 0 22 3.31883 1
gene 1 3 27 2.10829 0 23 2.10829 1
gene 1 3 28 -1.15622 0 24 -1.15622 1
gene 1 4 22 1.85305 0 26 1.85305 1
gene 1 4 23 2.49572 0 27 2.49572 1
gene 1 4 24 -4.41856 0 28 -4.41856 1
gene 1 4 25 3.76136 0 29 3.76136 1
gene 1 4 26 -4.02325 0 30 -4.02325 1
gene 1 4 27 2.32667 0 31 2.32667 1
gene 1 4 28 2.11982 0 32 2.11982 1
gene 1 5 22 4.74897 0 34 4.74897 1
gene 1 5 23 -0.612801 0 35 -0.612801 1
gene 1 5 24 0.389181 0 36 0.389181 1
gene 1 5 25 0.879394 0 37 0.879394 1
gene 1 5 26 1.90104 0 38 1.90104 1
gene 1 5 27 0.746819 0 39 0.746819 1
gene 1 5 28 2.00782 0 40 2.00782 1
gene 1 6 22 -1.13616 0 42 -1.13616 1
gene 1 6 23 0.196258 0 43 0.196258 1
gene 1 6 24 3.22017 0 44 3.22017 1
gene 1 6 25 -0.955349 0 45 -0.955349 1
gene 1 6 26 -1.25054 0 46 -1.25054 1
gene 1 6 27 -2.48497 0 47 -2.48497 1
gene 1 6 28 -0.401998 0 48 -0.401998 1
gene 1 7 22 -2.46584 0 50 -2.46584 1
gene 1 7 23 3.64657 0 51 3.64657 1
gene 1 7 24 1.4994 0 52 1.4994 1
gene 1 7 25 -0.930541 0 53 -0.930541 1
gene 1 7 26 -1.05594 0 54 -1.05594 1
gene 1 7 27 0.960067 0 55 0.960067 1
gene 1 7 28 0.0552527 0 56 0.0552527 1
gene 1 8 22 1.7448 0 58 1.7448 1
gene 1 8 23 2.77972 0 59 2.77972 1
gene 1 8 24 0.584958 0 60 0.584958 1
gene 1 8 25 4.2208 0 61 4.2208 1
gene 1 8 26 1.52339 0 62 1.52339 1
gene 1 8 27 2.23726 0 63 2.23726 1
gene 1 8 28 3.26366 0 64 3.26366 1
gene 1 9 22 2.25539 0 66 2.25539 1
gene 1 9 23 0.930246 0 67 0.930246 1
gene 1 9 24 0.610779 0 68 0.610779 1
gene 1 9 25 4.62289 0 69 4.62289 1
gene 1 9 26 1.41662 0 70 1.41662 1
gene 1 9 27 3.91133 0 71 3.91133 1
gene 1 9 28 0.227522 0 72 0.227522 1
gene 1 22 10 0.448603 0 84 0.448603 1
gene 1 22 11 -1.27193 0 85 -1.27193 1
gene 1 22 12 -2.89045 0 86 -2.89045 1
gene 1 22 13 -0.61126 0 87 -0.61126 1
gene 1 22 14 0.0245506 0 88 0.0245506 1
gene 1 22 15 -0.569012 0 89 -0.569012 1
gene 1 22 16 0.304517 0 90 0.304517 1
gene 1 22 17 -2.86492 0 91 -2.86492 1
gene 1 22 18 1.55047 0 92 1.55047 1
gene 1 22 19 -3.32626 0 93 -3.32626 1
gene 1 22 20 1.69268 0 94 1.69268 1
gene 1 23 11 1.86547 0 96 1.86547 1
gene 1 23 12 1.43225 0 97 1.43225 1
gene 1 23 13 -1.18696 0 98 -1.18696 1
gene 1 23 14 1.05877 0 99 1.05877 1
gene 1 23 15 0.652592 0 100 0.652592 1
gene 1 23 16 -2.2864 0 101 -2.2864 1
gene 1 23 17 -0.493856 0 102 -0.493856 1
gene 1 23 18 -1.01821 0 103 -1.01821 1
gene 1 23 19 1.23522 0 104 1.23522 1
gene 1 23 20 -2.09262 0 105 -2.09262 1
gene 1 24 10 3.70074 0 106 3.70074 1
gene 1 24 11 -2.78887 0 107 -2.78887 1
gene 1 24 12 -0.315748 0 108 -0.315748 1
gene 1 24 13 3.02089 0 109 3.02089 1
gene 1 24 14 -2.26748 0 110 -2.26748 1
gene 1 24 15 -1.12726 0 111 -1.12726 1
gene 1 24 16 3.2158 0 112 3.2158 1
gene 1 24 17 1.88185 0 113 1.88185 1
gene 1 24 18 1.33765 0 114 1.33765 1
gene 1 24 19 0.523088 0 115 0.523088 1
gene 1 24 20 1.69875 0 116 1.69875 1
gene 1 25 10 -0.67117 0 117 -0.67117 1
gene 1 25 11 -2.14286 0 118 -2.14286 1
gene 1 25 12 1.52697 0 119 1.52697 1
gene 1 25 13 -1.04603 0 120 -1.04603 1
gene 1 25 14 1.42397 0 121 1.42397 1
gene 1 25 15 -0.374817 0 122 -0.374817 1
gene 1 25 16 -0.789758 0 123 -0.789758 1
gene 1 25 17 0.294801 0 124 0.294801 1
gene 1 25 18 1.38363 0 125 1.38363 1
gene 1 25 20 -1.78076 0 127 -1.78076 1
gene 1 26 10 2.25282 0 128 2.25282 1
gene 1 26 11 0.875139 0 129 0.875139 1
gene 1 26 12 -0.270824 0 130 -0.270824 1
gene 1 26 13 0.771922 0 131 0.771922 1
gene 1 26 14 -1.52458 0 132 -1.52458 1
gene 1 26 15 2.73502 0 133 2.73502 1
gene 1 26 16 -1.1973 0 134 -1.1973 1
gene 1 26 17 3.92398 0 135 3.92398 1
gene 1 26 18 2.18364 0 136 2.18364 1
gene 1 26 19 0.232313 0 137 0.232313 1
gene 1 26 20 0.0944005 0 138 0.0944005 1
gene 1 27 10 -1.38297 0 139 -1.38297 1
gene 1 27 11 -0.953993 0 140 -0.953993 1
gene 1 27 12 1.28345 0 141 1.28345 1
gene 1 27 13 1.35651 0 142 1.35651 1
gene 1 27 14 0.956207 0 143 0.956207 1
gene 1 27 15 -0.176328 0 144 -0.176328 1
gene 1 27 16 -1.09043 0 145 -1.09043 1
gene 1 27 17 -0.134738 0 146 -0.134738 1
gene 1 27 18 -0.771924 0 147 -0.771924 1
gene 1 27 19 1.20604 0 148 1.20604 1
gene 1 27 20 6.17045 0 149 6.17045 1
gene 1 28 10 -1.59254 0 150 -1.59254 1
gene 1 28 11 0.0966193 0 151 0.0966193 1
gene 1 28 12 -1.1394 0 152 -1.1394 1
gene 1 28 13 -3.20459 0 153 -3.20459 1
gene 1 28 14 0.0771574 0 154 0.0771574 1
gene 1 28 15 -1.71567 0 155 -1.71567 1
gene 1 28 16 -1.44589 0 156 -1.44589 1
gene 1 28 17 0.825074 0 157 0.825074 1
gene 1 28 18 -1.51011 0 158 -1.51011 1
gene 1 28 19 -0.541718 0 159 -0.541718 1
gene 1 28 20 -1.96077 0 160 -1.96077 1
gene 1 25 43 0.60953 0 737 0.60953 1
gene 1 43 19 1.29442 0 738 1.29442 1
gene 1 14 17 1.99998 0 1308 1.99998 1
genomeend 192
