/* Organism #174 Fitness: 1.003 Error: 0.997 */
genomestart 174
trait 1 0.149081 0.0747968 0.128545 0.134742 0.931164 0.227115 0.67101 0.109989 
node 1 1 0
node 2 1 1
node 3 1 1
node 4 1 1
node 5 1 1
node 6 1 1
node 7 1 1
node 8 1 1
node 9 1 1
node 10 1 2
node 11 1 2
node 12 1 2
node 13 1 2
node 14 1 2
node 15 1 2
node 16 1 2
node 17 1 2
node 18 1 2
node 19 1 2
node 20 1 2
node 21 1 3
node 22 1 3
node 23 1 3
node 25 1 3
node 26 1 3
node 27 1 3
node 28 1 3
gene 1 1 21 -0.402288 0 1 -0.402288 1
gene 1 1 22 0.277101 0 2 0.277101 1
gene 1 1 23 -0.742782 0 3 -0.742782 1
gene 1 1 25 -0.309928 0 5 -0.309928 1
gene 1 1 26 -0.738937 0 6 -0.738937 1
gene 1 1 27 -0.106983 0 7 -0.106983 1
gene 1 1 28 0.0601932 0 8 0.0601932 1
gene 1 2 21 0.454208 0 9 0.454208 1
gene 1 2 22 -0.384389 0 10 -0.384389 1
gene 1 2 23 0.537295 0 11 0.537295 1
gene 1 2 25 0.299802 0 13 0.299802 1
gene 1 2 26 0.105884 0 14 0.105884 1
gene 1 2 27 -0.721361 0 15 -0.721361 1
gene 1 2 28 0.360473 0 16 0.360473 1
gene 1 3 21 -0.12977 0 17 -0.12977 1
gene 1 3 22 0.85396 0 18 0.85396 1
gene 1 3 23 0.190096 0 19 0.190096 1
gene 1 3 25 0.442247 0 21 0.442247 1
gene 1 3 26 0.94167 0 22 0.94167 1
gene 1 3 27 -0.353715 0 23 -0.353715 1
gene 1 3 28 0.814869 0 24 0.814869 1
gene 1 4 21 0.352197 0 25 0.352197 1
gene 1 4 22 0.58965 0 26 0.58965 1
gene 1 4 23 0.902497 0 27 0.902497 1
gene 1 4 25 0.752246 0 29 0.752246 1
gene 1 4 26 -0.207578 0 30 -0.207578 1
gene 1 4 27 0.392193 0 31 0.392193 1
gene 1 4 28 0.678684 0 32 0.678684 1
gene 1 5 21 -0.476663 0 33 -0.476663 1
gene 1 5 22 -0.250129 0 34 -0.250129 1
gene 1 5 23 0.156136 0 35 0.156136 1
gene 1 5 25 0.0375187 0 37 0.0375187 1
gene 1 5 26 0.60402 0 38 0.60402 1
gene 1 5 27 0.301101 0 39 0.301101 1
gene 1 5 28 1.23559 0 40 1.23559 1
gene 1 6 21 0.696822 0 41 0.696822 1
gene 1 6 22 1.05204 0 42 1.05204 1
gene 1 6 23 0.547212 0 43 0.547212 1
gene 1 6 25 -0.630433 0 45 -0.630433 1
gene 1 6 26 -1.29299 0 46 -1.29299 1
gene 1 6 27 -0.624616 0 47 -0.624616 1
gene 1 6 28 -0.564074 0 48 -0.564074 1
gene 1 7 21 0.891834 0 49 0.891834 1
gene 1 7 22 -0.895355 0 50 -0.895355 1
gene 1 7 23 -0.672306 0 51 -0.672306 1
gene 1 7 25 0.634524 0 53 0.634524 1
gene 1 7 26 0.412155 0 54 0.412155 1
gene 1 7 27 -0.784524 0 55 -0.784524 1
gene 1 7 28 0.902262 0 56 0.902262 1
gene 1 8 21 0.226786 0 57 0.226786 1
gene 1 8 22 -0.0330876 0 58 -0.0330876 1
gene 1 8 23 -0.527299 0 59 -0.527299 1
gene 1 8 25 -0.747599 0 61 -0.747599 1
gene 1 8 26 0.549199 0 62 0.549199 1
gene 1 8 27 0.173301 0 63 0.173301 1
gene 1 8 28 -0.637902 0 64 -0.637902 1
gene 1 9 21 0.00323074 0 65 0.00323074 1
gene 1 9 22 0.611529 0 66 0.611529 1
gene 1 9 23 -0.174378 0 67 -0.174378 1
gene 1 9 25 -0.322199 0 69 -0.322199 1
gene 1 9 26 0.192638 0 70 0.192638 1
gene 1 9 27 -0.508024 0 71 -0.508024 1
gene 1 9 28 -0.267608 0 72 -0.267608 1
gene 1 21 10 0.359634 0 73 0.359634 1
gene 1 21 11 0.141322 0 74 0.141322 1
gene 1 21 12 -0.776554 0 75 -0.776554 1
gene 1 21 13 -0.653206 0 76 -0.653206 1
gene 1 21 14 1.06144 0 77 1.06144 1
gene 1 21 15 0.220897 0 78 0.220897 1
gene 1 21 16 0.100693 0 79 0.100693 1
gene 1 21 17 -0.611533 0 80 -0.611533 1
gene 1 21 18 -0.163419 0 81 -0.163419 1
gene 1 21 19 0.91589 0 82 0.91589 1
gene 1 21 20 0.0866763 0 83 0.0866763 1
gene 1 22 10 0.228081 0 84 0.228081 1
gene 1 22 11 0.870358 0 85 0.870358 1
gene 1 22 12 0.493547 0 86 0.493547 1
gene 1 22 13 0.191727 0 87 0.191727 1
gene 1 22 14 -0.111227 0 88 -0.111227 1
gene 1 22 15 -0.86824 0 89 -0.86824 1
gene 1 22 16 -0.393779 0 90 -0.393779 1
gene 1 22 17 -1.07832 0 91 -1.07832 1
gene 1 22 18 -0.14054 0 92 -0.14054 1
gene 1 22 19 0.222906 0 93 0.222906 1
gene 1 22 20 0.339358 0 94 0.339358 1
gene 1 23 10 0.679472 0 95 0.679472 1
gene 1 23 11 0.193131 0 96 0.193131 1
gene 1 23 12 -1.08741 0 97 -1.08741 1
gene 1 23 13 0.354148 0 98 0.354148 1
gene 1 23 14 0.909588 0 99 0.909588 1
gene 1 23 15 -0.0107234 0 100 -0.0107234 1
gene 1 23 16 -0.137584 0 101 -0.137584 1
gene 1 23 17 -0.408994 0 102 -0.408994 1
gene 1 23 18 0.843222 0 103 0.843222 1
gene 1 23 19 0.0153051 0 104 0.0153051 1
gene 1 23 20 0.308378 0 105 0.308378 1
gene 1 25 10 -0.812375 0 117 -0.812375 1
gene 1 25 11 -0.239595 0 118 -0.239595 1
gene 1 25 12 -0.642195 0 119 -0.642195 1
gene 1 25 13 -1.10463 0 120 -1.10463 1
gene 1 25 14 -0.705353 0 121 -0.705353 1
gene 1 25 15 -0.210344 0 122 -0.210344 1
gene 1 25 16 -0.053517 0 123 -0.053517 1
gene 1 25 17 -0.311684 0 124 -0.311684 1
gene 1 25 18 1.03843 0 125 1.03843 1
gene 1 25 19 -0.562456 0 126 -0.562456 1
gene 1 25 20 0.0416852 0 127 0.0416852 1
gene 1 26 10 0.985833 0 128 0.985833 1
gene 1 26 11 0.612565 0 129 0.612565 1
gene 1 26 12 -0.0518332 0 130 -0.0518332 1
gene 1 26 13 -0.461164 0 131 -0.461164 1
gene 1 26 14 0.424076 0 132 0.424076 1
gene 1 26 15 -0.43975 0 133 -0.43975 1
gene 1 26 16 -0.692601 0 134 -0.692601 1
gene 1 26 17 0.818913 0 135 0.818913 1
gene 1 26 18 -0.34626 0 136 -0.34626 1
gene 1 26 19 -0.994869 0 137 -0.994869 1
gene 1 26 20 0.589644 0 138 0.589644 1
gene 1 27 10 -0.0141198 0 139 -0.0141198 1
gene 1 27 11 0.72008 0 140 0.72008 1
gene 1 27 12 -0.697401 0 141 -0.697401 1
gene 1 27 13 0.084794 0 142 0.084794 1
gene 1 27 14 -0.24373 0 143 -0.24373 1
gene 1 27 15 0.156493 0 144 0.156493 1
gene 1 27 16 0.20509 0 145 0.20509 1
gene 1 27 17 -0.0016448 0 146 -0.0016448 1
gene 1 27 18 -0.110562 0 147 -0.110562 1
gene 1 27 19 0.326728 0 148 0.326728 1
gene 1 27 20 -0.288662 0 149 -0.288662 1
gene 1 28 10 0.495371 0 150 0.495371 1
gene 1 28 11 -0.0476382 0 151 -0.0476382 1
gene 1 28 12 -0.567077 0 152 -0.567077 1
gene 1 28 13 -1.00486 0 153 -1.00486 1
gene 1 28 14 -0.679687 0 154 -0.679687 1
gene 1 28 15 -1.00421 0 155 -1.00421 1
gene 1 28 16 0.8572 0 156 0.8572 1
gene 1 28 17 1.18942 0 157 1.18942 1
gene 1 28 18 0.37359 0 158 0.37359 1
gene 1 28 19 -0.361725 0 159 -0.361725 1
gene 1 28 20 -0.0309467 0 160 -0.0309467 1
gene 1 6 12 -0.221965 0 238 -0.221965 1
genomeend 174
