/* Organism #454 Fitness: 1.008 Error: 0.992 */
genomestart 454
trait 1 0.525251 0.174733 0.327629 0.565629 0.705386 0.15969 0.667936 0.204143 
node 1 1 0
node 2 1 1
node 3 1 1
node 4 1 1
node 5 1 1
node 6 1 1
node 7 1 1
node 8 1 1
node 9 1 1
node 10 1 2
node 11 1 2
node 12 1 2
node 13 1 2
node 14 1 2
node 15 1 2
node 16 1 2
node 17 1 2
node 18 1 2
node 19 1 2
node 20 1 2
node 21 1 3
node 23 1 3
node 24 1 3
node 25 1 3
node 26 1 3
node 28 1 3
node 39 1 3
gene 1 1 21 3.28576 0 1 3.28576 1
gene 1 1 23 -5.95341 0 3 -5.95341 1
gene 1 1 24 -1.29082 0 4 -1.29082 1
gene 1 1 25 2.95111 0 5 2.95111 1
gene 1 1 26 1.95924 0 6 1.95924 1
gene 1 1 28 -3.26566 0 8 -3.26566 1
gene 1 2 21 -0.912137 0 9 -0.912137 1
gene 1 2 23 2.75165 0 11 2.75165 1
gene 1 2 24 -1.7168 0 12 -1.7168 1
gene 1 2 25 -3.37699 0 13 -3.37699 1
gene 1 2 26 1.25487 0 14 1.25487 1
gene 1 2 28 -4.70171 0 16 -4.70171 1
gene 1 3 21 -2.31424 0 17 -2.31424 1
gene 1 3 23 0.39584 0 19 0.39584 1
gene 1 3 24 0.561791 0 20 0.561791 1
gene 1 3 25 2.13329 0 21 2.13329 1
gene 1 3 26 4.19778 0 22 4.19778 1
gene 1 3 28 -2.93627 0 24 -2.93627 1
gene 1 4 21 -1.75665 0 25 -1.75665 1
gene 1 4 24 -0.906477 0 28 -0.906477 1
gene 1 4 25 3.57189 0 29 3.57189 1
gene 1 4 26 -1.05643 0 30 -1.05643 1
gene 1 4 28 0.078183 0 32 0.078183 1
gene 1 5 21 -2.47648 0 33 -2.47648 1
gene 1 5 23 1.15962 0 35 1.15962 1
gene 1 5 24 -1.02006 0 36 -1.02006 1
gene 1 5 25 -4.54393 0 37 -4.54393 1
gene 1 5 26 2.17075 0 38 2.17075 1
gene 1 5 28 1.09082 0 40 1.09082 1
gene 1 6 21 5.43055 0 41 5.43055 1
gene 1 6 23 1.81903 0 43 1.81903 1
gene 1 6 24 -1.52257 0 44 -1.52257 1
gene 1 6 25 0.611207 0 45 0.611207 1
gene 1 6 26 3.50122 0 46 3.50122 1
gene 1 6 28 1.74339 0 48 1.74339 1
gene 1 7 21 0.375324 0 49 0.375324 1
gene 1 7 23 -0.515321 0 51 -0.515321 1
gene 1 7 25 -1.63442 0 53 -1.63442 1
gene 1 7 26 -0.173925 0 54 -0.173925 1
gene 1 7 28 0.736188 0 56 0.736188 1
gene 1 8 21 -1.6703 0 57 -1.6703 1
gene 1 8 23 -2.35815 0 59 -2.35815 1
gene 1 8 25 -2.38434 0 61 -2.38434 1
gene 1 8 26 -2.86673 0 62 -2.86673 1
gene 1 8 28 -0.616117 0 64 -0.616117 1
gene 1 9 21 1.60714 0 65 1.60714 1
gene 1 9 23 -0.094377 0 67 -0.094377 1
gene 1 9 24 -1.90164 0 68 -1.90164 1
gene 1 9 25 0.586237 0 69 0.586237 1
gene 1 9 26 -5.69731 0 70 -5.69731 1
gene 1 9 28 0.787431 0 72 0.787431 1
gene 1 21 10 -1.32528 0 73 -1.32528 1
gene 1 21 11 -3.51485 0 74 -3.51485 1
gene 1 21 12 0.00274083 0 75 0.00274083 1
gene 1 21 13 -1.6525 0 76 -1.6525 1
gene 1 21 14 0.41201 0 77 0.41201 1
gene 1 21 15 -0.516497 0 78 -0.516497 1
gene 1 21 16 -1.40573 0 79 -1.40573 1
gene 1 21 17 -4.10923 0 80 -4.10923 1
gene 1 21 18 1.50566 0 81 1.50566 1
gene 1 21 19 4.85941 0 82 4.85941 1
gene 1 21 20 1.88085 0 83 1.88085 1
gene 1 23 11 -1.22219 0 96 -1.22219 1
gene 1 23 12 -0.970468 0 97 -0.970468 1
gene 1 23 14 0.947148 0 99 0.947148 1
gene 1 23 15 1.47413 0 100 1.47413 1
gene 1 23 16 -1.5864 0 101 -1.5864 1
gene 1 23 17 1.75681 0 102 1.75681 1
gene 1 23 18 -0.0933727 0 103 -0.0933727 1
gene 1 23 19 3.94292 0 104 3.94292 1
gene 1 23 20 -2.07575 0 105 -2.07575 1
gene 1 24 10 1.83785 0 106 1.83785 1
gene 1 24 11 -2.80772 0 107 -2.80772 1
gene 1 24 12 -1.40512 0 108 -1.40512 1
gene 1 24 13 1.30388 0 109 1.30388 1
gene 1 24 14 -0.0480357 0 110 -0.0480357 1
gene 1 24 15 3.82397 0 111 3.82397 1
gene 1 24 16 -0.784815 0 112 -0.784815 1
gene 1 24 17 -2.28683 0 113 -2.28683 1
gene 1 24 18 -1.21202 0 114 -1.21202 1
gene 1 24 19 -1.16932 0 115 -1.16932 1
gene 1 24 20 0.164471 0 116 0.164471 1
gene 1 25 10 -0.127753 0 117 -0.127753 1
gene 1 25 11 2.57978 0 118 2.57978 1
gene 1 25 12 -1.28301 0 119 -1.28301 1
gene 1 25 13 -1.92017 0 120 -1.92017 1
gene 1 25 14 -0.845169 0 121 -0.845169 1
gene 1 25 15 -0.390739 0 122 -0.390739 1
gene 1 25 16 -0.629124 0 123 -0.629124 1
gene 1 25 17 3.113 0 124 3.113 1
gene 1 25 18 -1.9081 0 125 -1.9081 1
gene 1 25 19 -0.0395688 0 126 -0.0395688 1
gene 1 25 20 3.44244 0 127 3.44244 1
gene 1 26 10 5.30246 0 128 5.30246 1
gene 1 26 11 -1.54628 0 129 -1.54628 1
gene 1 26 12 -1.08507 0 130 -1.08507 1
gene 1 26 13 -0.517302 0 131 -0.517302 1
gene 1 26 14 7.56684 0 132 7.56684 1
gene 1 26 15 1.01827 0 133 1.01827 1
gene 1 26 16 0.63999 0 134 0.63999 1
gene 1 26 17 0.222528 0 135 0.222528 1
gene 1 26 18 -2.41107 0 136 -2.41107 1
gene 1 26 19 1.11187 0 137 1.11187 1
gene 1 26 20 2.61706 0 138 2.61706 1
gene 1 28 10 -0.680752 0 150 -0.680752 1
gene 1 28 11 2.14568 0 151 2.14568 1
gene 1 28 12 -1.48796 0 152 -1.48796 1
gene 1 28 13 -1.57942 0 153 -1.57942 1
gene 1 28 14 -0.224559 0 154 -0.224559 1
gene 1 28 15 -0.971952 0 155 -0.971952 1
gene 1 28 16 0.962081 0 156 0.962081 1
gene 1 28 17 0.215983 0 157 0.215983 1
gene 1 28 18 2.69081 0 158 2.69081 1
gene 1 28 19 -1.52926 0 159 -1.52926 1
gene 1 28 20 1.93929 0 160 1.93929 1
gene 1 14 15 -0.143902 0 413 -0.143902 1
gene 1 4 39 -1.14536 0 549 -1.14536 1
gene 1 39 23 0.631984 0 550 0.631984 1
gene 1 15 11 -0.77547 0 898 -0.77547 1
gene 1 23 24 0.630094 0 1029 0.630094 1
gene 1 8 18 -0.00306163 0 1305 -0.00306163 1
gene 1 17 15 -0.586082 0 2221 -0.586082 1
gene 1 14 10 -0.587698 0 2326 -0.587698 1
gene 1 8 10 0.745875 0 2640 0.745875 1
gene 1 2 16 -1.03476 0 2779 -1.03476 1
gene 1 20 20 -0.429669 1 2866 -0.429669 1
gene 1 25 24 0.140962 0 3174 0.140962 1
gene 1 15 15 -0.814574 1 3433 -0.814574 1
gene 1 5 13 -0.675348 0 3488 -0.675348 1
gene 1 1 39 -0.63944 0 3612 -0.63944 1
gene 1 16 13 0.831687 0 3736 0.831687 1
gene 1 19 11 0.00564787 0 3789 0.00564787 1
gene 1 12 18 0.399461 0 3943 0.399461 1
genomeend 454
