/* Organism #347 Fitness: 1.003 Error: 0.997 */
genomestart 347
trait 1 0 0.0747968 0.0502127 0.0539885 0.808735 0.0968472 0.93449 0.00281384 
node 1 1 0
node 2 1 1
node 3 1 1
node 4 1 1
node 5 1 1
node 6 1 1
node 7 1 1
node 8 1 1
node 9 1 1
node 10 1 2
node 11 1 2
node 12 1 2
node 13 1 2
node 14 1 2
node 15 1 2
node 16 1 2
node 17 1 2
node 18 1 2
node 19 1 2
node 20 1 2
node 21 1 3
node 22 1 3
node 23 1 3
node 24 1 3
node 25 1 3
node 26 1 3
node 27 1 3
node 28 1 3
node 55 1 3
gene 1 1 21 1.44265 0 1 1.44265 1
gene 1 1 22 -1.05572 0 2 -1.05572 1
gene 1 1 23 -0.323743 0 3 -0.323743 1
gene 1 1 24 0.353589 0 4 0.353589 1
gene 1 1 25 -1.68079 0 5 -1.68079 1
gene 1 1 26 -1.84425 0 6 -1.84425 1
gene 1 1 27 0.980654 0 7 0.980654 1
gene 1 1 28 0.322155 0 8 0.322155 1
gene 1 2 21 -1.65717 0 9 -1.65717 1
gene 1 2 22 -1.09563 0 10 -1.09563 1
gene 1 2 23 1.12195 0 11 1.12195 1
gene 1 2 24 1.48509 0 12 1.48509 1
gene 1 2 25 0.36344 0 13 0.36344 1
gene 1 2 26 0.531462 0 14 0.531462 1
gene 1 2 27 -1.42224 0 15 -1.42224 1
gene 1 2 28 1.88947 0 16 1.88947 1
gene 1 3 21 0.108264 0 17 0.108264 1
gene 1 3 22 -2.71805 0 18 -2.71805 1
gene 1 3 23 1.24113 0 19 1.24113 1
gene 1 3 24 -2.27128 0 20 -2.27128 1
gene 1 3 25 0.779506 0 21 0.779506 1
gene 1 3 26 -1.24456 0 22 -1.24456 1
gene 1 3 27 -0.947359 0 23 -0.947359 1
gene 1 3 28 1.35439 0 24 1.35439 1
gene 1 4 21 -2.92293 0 25 -2.92293 1
gene 1 4 22 1.47383 0 26 1.47383 1
gene 1 4 23 4.07653 0 27 4.07653 1
gene 1 4 24 3.01579 0 28 3.01579 1
gene 1 4 25 -2.03658 0 29 -2.03658 1
gene 1 4 26 1.65356 0 30 1.65356 1
gene 1 4 27 -0.900385 0 31 -0.900385 1
gene 1 4 28 0.00995004 0 32 0.00995004 1
gene 1 5 21 -3.47421 0 33 -3.47421 1
gene 1 5 22 -1.15932 0 34 -1.15932 1
gene 1 5 23 0.187451 0 35 0.187451 1
gene 1 5 24 -4.02791 0 36 -4.02791 1
gene 1 5 25 0.628079 0 37 0.628079 1
gene 1 5 26 -3.32805 0 38 -3.32805 1
gene 1 5 27 -2.71266 0 39 -2.71266 1
gene 1 5 28 -1.85476 0 40 -1.85476 1
gene 1 6 21 -2.30733 0 41 -2.30733 1
gene 1 6 22 -2.78891 0 42 -2.78891 1
gene 1 6 23 4.17961 0 43 4.17961 1
gene 1 6 24 1.82507 0 44 1.82507 1
gene 1 6 26 -0.928903 0 46 -0.928903 1
gene 1 6 27 -4.47221 0 47 -4.47221 1
gene 1 6 28 -0.126831 0 48 -0.126831 1
gene 1 7 21 0.854882 0 49 0.854882 1
gene 1 7 22 -2.06764 0 50 -2.06764 1
gene 1 7 23 0.416899 0 51 0.416899 1
gene 1 7 24 0.0818814 0 52 0.0818814 1
gene 1 7 25 2.05528 0 53 2.05528 1
gene 1 7 26 -1.87864 0 54 -1.87864 1
gene 1 7 27 3.04173 0 55 3.04173 1
gene 1 7 28 -2.14609 0 56 -2.14609 1
gene 1 8 21 -0.882645 0 57 -0.882645 1
gene 1 8 22 -0.730732 0 58 -0.730732 1
gene 1 8 23 -0.90827 0 59 -0.90827 1
gene 1 8 24 -0.378936 0 60 -0.378936 1
gene 1 8 25 3.36223 0 61 3.36223 1
gene 1 8 26 -4.3331 0 62 -4.3331 1
gene 1 8 27 1.40116 0 63 1.40116 1
gene 1 8 28 0.451714 0 64 0.451714 1
gene 1 9 21 1.4978 0 65 1.4978 1
gene 1 9 22 -4.16539 0 66 -4.16539 1
gene 1 9 23 5.72041 0 67 5.72041 1
gene 1 9 24 3.33298 0 68 3.33298 1
gene 1 9 25 -1.03462 0 69 -1.03462 1
gene 1 9 26 -0.535561 0 70 -0.535561 1
gene 1 9 27 -0.610972 0 71 -0.610972 1
gene 1 9 28 -2.03474 0 72 -2.03474 1
gene 1 21 10 -2.16991 0 73 -2.16991 1
gene 1 21 11 -0.531738 0 74 -0.531738 1
gene 1 21 12 -1.25769 0 75 -1.25769 1
gene 1 21 13 -0.110972 0 76 -0.110972 1
gene 1 21 14 -2.11781 0 77 -2.11781 1
gene 1 21 15 0.405723 0 78 0.405723 1
gene 1 21 16 -1.49085 0 79 -1.49085 1
gene 1 21 17 3.57989 0 80 3.57989 1
gene 1 21 18 -4.93493 0 81 -4.93493 1
gene 1 21 19 3.89624 0 82 3.89624 1
gene 1 21 20 0.633015 0 83 0.633015 1
gene 1 22 10 1.21247 0 84 1.21247 1
gene 1 22 11 -1.09832 0 85 -1.09832 1
gene 1 22 12 -3.71841 0 86 -3.71841 1
gene 1 22 13 0.0863507 0 87 0.0863507 1
gene 1 22 14 -2.06728 0 88 -2.06728 1
gene 1 22 15 2.23473 0 89 2.23473 1
gene 1 22 16 1.90288 0 90 1.90288 1
gene 1 22 17 -0.285112 0 91 -0.285112 1
gene 1 22 18 -2.34059 0 92 -2.34059 1
gene 1 22 19 -1.33888 0 93 -1.33888 1
gene 1 22 20 1.48551 0 94 1.48551 1
gene 1 23 10 0.0265263 0 95 0.0265263 1
gene 1 23 11 -0.611261 0 96 -0.611261 1
gene 1 23 12 2.15075 0 97 2.15075 1
gene 1 23 13 -3.32589 0 98 -3.32589 1
gene 1 23 14 -0.753011 0 99 -0.753011 1
gene 1 23 15 -3.44581 0 100 -3.44581 1
gene 1 23 16 -2.1929 0 101 -2.1929 1
gene 1 23 17 -0.459587 0 102 -0.459587 1
gene 1 23 18 -0.743656 0 103 -0.743656 1
gene 1 23 19 -0.836493 0 104 -0.836493 1
gene 1 23 20 0.867941 0 105 0.867941 1
gene 1 24 10 1.40393 0 106 1.40393 1
gene 1 24 11 -0.761838 0 107 -0.761838 1
gene 1 24 12 2.2592 0 108 2.2592 1
gene 1 24 13 0.366711 0 109 0.366711 1
gene 1 24 15 -1.65943 0 111 -1.65943 1
gene 1 24 16 -1.03162 0 112 -1.03162 1
gene 1 24 17 -0.0579238 0 113 -0.0579238 1
gene 1 24 18 -0.841255 0 114 -0.841255 1
gene 1 24 19 2.12971 0 115 2.12971 1
gene 1 24 20 1.79934 0 116 1.79934 1
gene 1 25 10 0.369958 0 117 0.369958 1
gene 1 25 11 0.398407 0 118 0.398407 1
gene 1 25 12 -2.06994 0 119 -2.06994 1
gene 1 25 13 -2.82553 0 120 -2.82553 1
gene 1 25 14 0.380637 0 121 0.380637 1
gene 1 25 15 -3.36486 0 122 -3.36486 1
gene 1 25 16 -2.2136 0 123 -2.2136 1
gene 1 25 17 -0.236671 0 124 -0.236671 1
gene 1 25 18 2.60811 0 125 2.60811 1
gene 1 25 19 3.54264 0 126 3.54264 1
gene 1 25 20 -0.0553393 0 127 -0.0553393 1
gene 1 26 10 2.62919 0 128 2.62919 1
gene 1 26 11 0.212644 0 129 0.212644 1
gene 1 26 12 0.0609657 0 130 0.0609657 1
gene 1 26 13 0.438028 0 131 0.438028 1
gene 1 26 14 -0.920219 0 132 -0.920219 1
gene 1 26 15 0.111606 0 133 0.111606 1
gene 1 26 16 -5.91077 0 134 -5.91077 1
gene 1 26 17 2.59255 0 135 2.59255 1
gene 1 26 18 0.966943 0 136 0.966943 1
gene 1 26 19 3.1399 0 137 3.1399 1
gene 1 26 20 -0.230451 0 138 -0.230451 1
gene 1 27 10 -0.827727 0 139 -0.827727 1
gene 1 27 11 -1.46142 0 140 -1.46142 1
gene 1 27 12 1.12568 0 141 1.12568 1
gene 1 27 13 -0.063714 0 142 -0.063714 1
gene 1 27 14 -0.867835 0 143 -0.867835 1
gene 1 27 15 -0.033515 0 144 -0.033515 1
gene 1 27 16 -1.70786 0 145 -1.70786 1
gene 1 27 17 1.10462 0 146 1.10462 1
gene 1 27 18 -0.436 0 147 -0.436 1
gene 1 27 19 -0.524103 0 148 -0.524103 1
gene 1 27 20 2.65283 0 149 2.65283 1
gene 1 28 10 -0.101468 0 150 -0.101468 1
gene 1 28 11 2.56139 0 151 2.56139 1
gene 1 28 12 1.76452 0 152 1.76452 1
gene 1 28 13 0.553515 0 153 0.553515 1
gene 1 28 14 0.357161 0 154 0.357161 1
gene 1 28 15 1.45658 0 155 1.45658 1
gene 1 28 16 1.27239 0 156 1.27239 1
gene 1 28 17 1.05267 0 157 1.05267 1
gene 1 28 18 1.78111 0 158 1.78111 1
gene 1 28 19 0.892499 0 159 0.892499 1
gene 1 28 20 -2.45435 0 160 -2.45435 1
gene 1 16 17 -3.90434 0 263 -3.90434 1
gene 1 25 25 -1.04843 1 538 -1.04843 1
gene 1 1 18 0.256624 0 652 0.256624 1
gene 1 24 55 2.17446 0 833 2.17446 1
gene 1 55 14 -0.321996 0 834 -0.321996 1
gene 1 11 14 -1.75985 0 860 -1.75985 1
gene 1 5 14 0.867591 0 1295 0.867591 1
gene 1 9 18 -1.00203 0 1399 -1.00203 1
gene 1 4 16 0.853661 0 1598 0.853661 1
gene 1 16 10 -0.800948 0 2144 -0.800948 1
gene 1 22 21 -0.900913 0 2458 -0.900913 1
gene 1 55 10 0.212424 0 2938 0.212424 1
genomeend 347
