/* Organism #102 Fitness: 1.005 Error: 0.995 */
genomestart 102
trait 1 0.252911 0.555393 0.718782 0 1 0.305989 1 0.231159 
node 1 1 0
node 2 1 1
node 3 1 1
node 4 1 1
node 5 1 1
node 6 1 1
node 7 1 1
node 8 1 1
node 9 1 1
node 10 1 2
node 11 1 2
node 12 1 2
node 13 1 2
node 14 1 2
node 15 1 2
node 16 1 2
node 17 1 2
node 18 1 2
node 19 1 2
node 20 1 2
node 23 1 3
node 24 1 3
node 25 1 3
node 26 1 3
node 27 1 3
node 28 1 3
node 87 1 3
node 145 1 3
gene 1 1 23 1.41362 0 3 1.41362 1
gene 1 1 24 -0.983926 0 4 -0.983926 1
gene 1 1 25 -3.9839 0 5 -3.9839 1
gene 1 1 26 0.128031 0 6 0.128031 1
gene 1 1 27 -1.89243 0 7 -1.89243 1
gene 1 1 28 -5.39066 0 8 -5.39066 1
gene 1 2 23 -4.12967 0 11 -4.12967 1
gene 1 2 24 0.188291 0 12 0.188291 1
gene 1 2 25 2.44072 0 13 2.44072 1
gene 1 2 26 -1.81386 0 14 -1.81386 1
gene 1 2 27 -0.295963 0 15 -0.295963 1
gene 1 2 28 4.40302 0 16 4.40302 1
gene 1 3 23 0.593572 0 19 0.593572 1
gene 1 3 24 -2.21853 0 20 -2.21853 1
gene 1 3 25 1.46509 0 21 1.46509 1
gene 1 3 26 -4.78622 0 22 -4.78622 1
gene 1 3 27 -4.64604 0 23 -4.64604 1
gene 1 3 28 -2.22741 0 24 -2.22741 1
gene 1 4 23 -1.68538 0 27 -1.68538 1
gene 1 4 24 -2.15347 0 28 -2.15347 1
gene 1 4 25 0.803087 0 29 0.803087 1
gene 1 4 26 2.42247 0 30 2.42247 1
gene 1 4 27 -1.99051 0 31 -1.99051 1
gene 1 4 28 -1.03947 0 32 -1.03947 1
gene 1 5 23 1.64117 0 35 1.64117 1
gene 1 5 24 0.0214796 0 36 0.0214796 1
gene 1 5 25 1.91347 0 37 1.91347 1
gene 1 5 26 -1.22061 0 38 -1.22061 1
gene 1 5 27 0.784095 0 39 0.784095 1
gene 1 5 28 -1.1856 0 40 -1.1856 1
gene 1 6 23 0.0051181 0 43 0.0051181 1
gene 1 6 24 0.880138 0 44 0.880138 1
gene 1 6 25 2.37919 0 45 2.37919 1
gene 1 6 26 -1.34289 0 46 -1.34289 1
gene 1 6 27 -3.03777 0 47 -3.03777 1
gene 1 6 28 -0.570668 0 48 -0.570668 1
gene 1 7 23 1.19563 0 51 1.19563 1
gene 1 7 24 0.288878 0 52 0.288878 1
gene 1 7 25 -0.236273 0 53 -0.236273 1
gene 1 7 26 1.52358 0 54 1.52358 1
gene 1 7 27 -0.524692 0 55 -0.524692 1
gene 1 7 28 -4.68024 0 56 -4.68024 1
gene 1 8 23 -0.207033 0 59 -0.207033 1
gene 1 8 24 -3.66563 0 60 -3.66563 1
gene 1 8 25 -1.75034 0 61 -1.75034 1
gene 1 8 26 -0.647144 0 62 -0.647144 1
gene 1 8 27 1.26213 0 63 1.26213 1
gene 1 8 28 3.455 0 64 3.455 1
gene 1 9 23 2.1509 0 67 2.1509 1
gene 1 9 24 -1.34033 0 68 -1.34033 1
gene 1 9 25 1.54438 0 69 1.54438 1
gene 1 9 26 0.0739165 0 70 0.0739165 1
gene 1 9 27 0.434891 0 71 0.434891 1
gene 1 9 28 -0.405753 0 72 -0.405753 1
gene 1 23 10 -3.67245 0 95 -3.67245 1
gene 1 23 11 -0.506354 0 96 -0.506354 1
gene 1 23 12 3.15847 0 97 3.15847 1
gene 1 23 13 0.566992 0 98 0.566992 1
gene 1 23 15 0.984396 0 100 0.984396 1
gene 1 23 16 0.662269 0 101 0.662269 1
gene 1 23 17 -0.312267 0 102 -0.312267 1
gene 1 23 18 0.995217 0 103 0.995217 1
gene 1 23 19 -0.596545 0 104 -0.596545 1
gene 1 23 20 0.319181 0 105 0.319181 1
gene 1 24 10 0.401733 0 106 0.401733 1
gene 1 24 11 -1.04319 0 107 -1.04319 1
gene 1 24 12 -0.738695 0 108 -0.738695 1
gene 1 24 13 1.93118 0 109 1.93118 1
gene 1 24 14 0.671755 0 110 0.671755 1
gene 1 24 15 -1.57111 0 111 -1.57111 1
gene 1 24 16 -3.46058 0 112 -3.46058 1
gene 1 24 17 0.603957 0 113 0.603957 1
gene 1 24 18 -0.807499 0 114 -0.807499 1
gene 1 24 19 -0.326193 0 115 -0.326193 1
gene 1 24 20 1.10063 0 116 1.10063 1
gene 1 25 10 4.87086 0 117 4.87086 1
gene 1 25 12 -0.021451 0 119 -0.021451 1
gene 1 25 13 -1.44142 0 120 -1.44142 1
gene 1 25 14 0.876556 0 121 0.876556 1
gene 1 25 15 -0.951615 0 122 -0.951615 1
gene 1 25 16 1.63288 0 123 1.63288 1
gene 1 25 17 -0.145897 0 124 -0.145897 1
gene 1 25 18 1.24483 0 125 1.24483 1
gene 1 25 19 1.55006 0 126 1.55006 1
gene 1 25 20 0.569375 0 127 0.569375 1
gene 1 26 10 -0.33456 0 128 -0.33456 1
gene 1 26 11 2.45682 0 129 2.45682 1
gene 1 26 12 -0.273407 0 130 -0.273407 1
gene 1 26 13 1.5236 0 131 1.5236 1
gene 1 26 14 -0.539375 0 132 -0.539375 1
gene 1 26 15 0.451867 0 133 0.451867 1
gene 1 26 16 -2.79537 0 134 -2.79537 1
gene 1 26 17 5.50035 0 135 5.50035 1
gene 1 26 18 -6.08522 0 136 -6.08522 1
gene 1 26 19 -2.72126 0 137 -2.72126 1
gene 1 26 20 1.48942 0 138 1.48942 1
gene 1 27 10 -2.89117 0 139 -2.89117 1
gene 1 27 11 3.08273 0 140 3.08273 1
gene 1 27 12 2.26436 0 141 2.26436 1
gene 1 27 13 0.0278987 0 142 0.0278987 1
gene 1 27 14 0.289523 0 143 0.289523 1
gene 1 27 15 1.42763 0 144 1.42763 1
gene 1 27 16 -1.37557 0 145 -1.37557 1
gene 1 27 17 -3.46417 0 146 -3.46417 1
gene 1 27 18 -0.562845 0 147 -0.562845 1
gene 1 27 19 -0.247961 0 148 -0.247961 1
gene 1 27 20 -0.229312 0 149 -0.229312 1
gene 1 28 10 -1.62144 0 150 -1.62144 1
gene 1 28 12 -2.15285 0 152 -2.15285 1
gene 1 28 13 -0.0220993 0 153 -0.0220993 1
gene 1 28 14 -0.863999 0 154 -0.863999 1
gene 1 28 15 -1.32709 0 155 -1.32709 1
gene 1 28 16 1.4543 0 156 1.4543 1
gene 1 28 17 2.77507 0 157 2.77507 1
gene 1 28 18 2.50795 0 158 2.50795 1
gene 1 28 19 -2.4335 0 159 -2.4335 1
gene 1 28 20 -1.72207 0 160 -1.72207 1
gene 1 7 12 -0.0444502 0 296 -0.0444502 1
gene 1 17 17 -2.02877 1 403 -2.02877 1
gene 1 13 15 1.51563 0 530 1.51563 1
gene 1 9 19 0.913366 0 875 0.913366 1
gene 1 12 10 1.58289 0 1486 1.58289 1
gene 1 25 87 0.256296 0 1932 0.256296 1
gene 1 87 11 -0.523661 0 1933 -0.523661 1
gene 1 87 28 0.408705 0 2153 0.408705 1
gene 1 14 17 -0.760319 0 2333 -0.760319 1
gene 1 18 19 -0.302525 0 3108 -0.302525 1
gene 1 5 10 0.0259909 0 3365 0.0259909 1
gene 1 26 24 -0.127336 0 3459 -0.127336 1
gene 1 23 145 1.03814 0 3558 0.78814 1
gene 1 145 14 -2.4592 0 3559 -2.03241 1
gene 1 145 25 2.78697 0 3730 2.78697 1
gene 1 145 145 0.489154 1 4214 0.489154 1
gene 1 20 10 0.609938 0 4417 0.609938 1
genomeend 102
