/* Organism #267 Fitness: 1.008 Error: 0.992 */
genomestart 267
trait 1 0.939792 0.895414 0.830408 0.0241753 0.611124 0 0 0.404424 
node 1 1 0
node 2 1 1
node 3 1 1
node 4 1 1
node 5 1 1
node 6 1 1
node 7 1 1
node 8 1 1
node 9 1 1
node 10 1 2
node 11 1 2
node 12 1 2
node 13 1 2
node 14 1 2
node 15 1 2
node 16 1 2
node 17 1 2
node 18 1 2
node 19 1 2
node 20 1 2
node 24 1 3
node 26 1 3
node 27 1 3
node 28 1 3
gene 1 1 24 1.93985 0 4 1.93985 1
gene 1 1 26 2.26155 0 6 2.26155 1
gene 1 1 27 4.43456 0 7 4.43456 1
gene 1 1 28 -1.56214 0 8 -1.56214 1
gene 1 2 24 1.59232 0 12 1.59232 1
gene 1 2 26 1.7189 0 14 1.7189 1
gene 1 2 27 0.805752 0 15 0.805752 1
gene 1 2 28 5.51221 0 16 5.51221 1
gene 1 3 24 5.7273 0 20 5.7273 1
gene 1 3 26 1.32994 0 22 1.32994 1
gene 1 3 27 -0.294154 0 23 -0.294154 1
gene 1 3 28 -2.52886 0 24 -2.52886 1
gene 1 4 24 0.980755 0 28 0.980755 1
gene 1 4 27 0.969447 0 31 0.969447 1
gene 1 5 24 -8 0 36 -8 1
gene 1 5 26 0.0881899 0 38 0.0881899 1
gene 1 5 27 -0.0733034 0 39 -0.0733034 1
gene 1 5 28 -0.319454 0 40 -0.319454 1
gene 1 6 24 3.55484 0 44 3.55484 1
gene 1 6 26 0.807977 0 46 0.807977 1
gene 1 6 27 1.2061 0 47 1.2061 1
gene 1 6 28 3.07224 0 48 3.07224 1
gene 1 7 24 -0.687387 0 52 -0.687387 1
gene 1 7 26 -0.804267 0 54 -0.804267 1
gene 1 7 27 0.961472 0 55 0.961472 1
gene 1 7 28 1.2777 0 56 1.2777 1
gene 1 8 24 -8 0 60 -8 1
gene 1 8 26 -2.13429 0 62 -2.13429 1
gene 1 8 27 0.455699 0 63 0.455699 1
gene 1 8 28 -4.49994 0 64 -4.49994 1
gene 1 9 24 -4.35329 0 68 -4.35329 1
gene 1 9 26 0.881502 0 70 0.881502 1
gene 1 9 27 1.7518 0 71 1.7518 1
gene 1 24 10 1.12477 0 106 1.12477 1
gene 1 24 11 2.47258 0 107 2.47258 1
gene 1 24 12 -0.409652 0 108 -0.409652 1
gene 1 24 13 -0.193849 0 109 -0.193849 1
gene 1 24 14 -3.67778 0 110 -3.67778 1
gene 1 24 15 1.89793 0 111 1.89793 1
gene 1 24 16 -0.675898 0 112 -0.675898 1
gene 1 24 17 0.122418 0 113 0.122418 1
gene 1 24 18 -2.55722 0 114 -2.55722 1
gene 1 24 20 -0.725947 0 116 -0.725947 1
gene 1 26 10 2.41167 0 128 2.41167 1
gene 1 26 11 -0.800183 0 129 -0.800183 1
gene 1 26 12 -1.54113 0 130 -1.54113 1
gene 1 26 13 1.21064 0 131 1.21064 1
gene 1 26 14 4.36162 0 132 4.36162 1
gene 1 26 15 0.08948 0 133 0.08948 1
gene 1 26 16 -0.971547 0 134 -0.971547 1
gene 1 26 17 -0.072552 0 135 -0.072552 1
gene 1 26 18 -3.01485 0 136 -3.01485 1
gene 1 26 19 1.30859 0 137 1.30859 1
gene 1 26 20 1.1071 0 138 1.1071 1
gene 1 27 10 -1.9671 0 139 -1.9671 1
gene 1 27 11 -1.92977 0 140 -1.92977 1
gene 1 27 12 3.01113 0 141 3.01113 1
gene 1 27 13 -2.37077 0 142 -2.37077 1
gene 1 27 14 3.18816 0 143 3.18816 1
gene 1 27 15 -6.48095 0 144 -6.48095 1
gene 1 27 16 0.144434 0 145 0.144434 1
gene 1 27 17 -4.4361 0 146 -4.4361 1
gene 1 27 18 -1.16055 0 147 -1.16055 1
gene 1 27 19 -0.628168 0 148 -0.628168 1
gene 1 27 20 0.98943 0 149 0.98943 1
gene 1 28 10 1.92724 0 150 1.92724 1
gene 1 28 11 -1.20444 0 151 -1.20444 1
gene 1 28 12 0.765442 0 152 0.765442 1
gene 1 28 13 -0.691845 0 153 -0.691845 1
gene 1 28 14 -0.0503495 0 154 -0.0503495 1
gene 1 28 15 0.880662 0 155 0.880662 1
gene 1 28 16 -1.46203 0 156 -1.46203 1
gene 1 28 17 2.16487 0 157 2.16487 1
gene 1 28 18 0.226081 0 158 0.226081 1
gene 1 28 19 1.06984 0 159 1.06984 1
gene 1 28 20 -0.772811 0 160 -0.772811 1
gene 1 5 18 3.41302 0 284 3.41302 1
gene 1 10 15 0.717042 0 1102 0.717042 1
gene 1 6 16 1.69412 0 1476 1.69412 1
gene 1 14 13 -0.712736 0 1626 -0.712736 1
gene 1 7 15 1.17604 0 2032 1.17604 1
gene 1 3 20 3.25962 0 2134 3.25962 1
gene 1 11 11 0.155123 1 2674 0.155123 1
gene 1 17 17 -0.376324 1 2787 -0.376324 1
gene 1 7 20 -0.912113 0 3101 -0.912113 1
gene 1 14 15 -3.4495 0 3209 -3.4495 1
gene 1 17 13 -1.26271 0 3409 -1.26271 1
gene 1 28 28 -2.80816 1 4023 -2.80816 1
gene 1 13 13 1.15608 1 4131 1.15608 1
gene 1 5 11 0.205402 0 4256 0.205402 1
gene 1 18 16 -0.456851 0 4362 -0.456851 1
gene 1 10 18 -0.242197 0 4538 -0.242197 1
genomeend 267
