/* Organism #429 Fitness: 1.008 Error: 0.992 */
genomestart 429
trait 1 0.0205369 0.0747968 0.237477 0.145918 0.958535 0 0.318364 0 
node 1 1 0
node 2 1 1
node 3 1 1
node 4 1 1
node 5 1 1
node 6 1 1
node 7 1 1
node 8 1 1
node 9 1 1
node 10 1 2
node 11 1 2
node 12 1 2
node 13 1 2
node 14 1 2
node 15 1 2
node 16 1 2
node 17 1 2
node 18 1 2
node 19 1 2
node 20 1 2
node 21 1 3
node 22 1 3
node 23 1 3
node 25 1 3
node 27 1 3
node 100 1 3
gene 1 1 21 -0.0869981 0 1 -0.0869981 1
gene 1 1 22 -3.56558 0 2 -3.56558 1
gene 1 1 23 -1.26073 0 3 -1.26073 1
gene 1 1 25 0.438912 0 5 0.438912 1
gene 1 1 27 1.88597 0 7 1.88597 1
gene 1 2 21 -0.560238 0 9 -0.560238 1
gene 1 2 22 0.887972 0 10 0.887972 1
gene 1 2 23 0.379554 0 11 0.379554 1
gene 1 2 25 -0.294832 0 13 -0.294832 1
gene 1 2 27 -0.310306 0 15 -0.310306 1
gene 1 3 21 -0.794011 0 17 -0.794011 1
gene 1 3 22 0.480721 0 18 0.480721 1
gene 1 3 23 -1.01014 0 19 -1.01014 1
gene 1 3 25 -0.907082 0 21 -0.907082 1
gene 1 3 27 -0.575032 0 23 -0.575032 1
gene 1 4 21 -0.0874641 0 25 -0.0874641 1
gene 1 4 22 0.092724 0 26 0.092724 1
gene 1 4 23 -2.37583 0 27 -2.37583 1
gene 1 4 25 -0.208705 0 29 -0.208705 1
gene 1 4 27 0.730486 0 31 0.730486 1
gene 1 5 21 -1.67991 0 33 -1.67991 1
gene 1 5 22 -0.811425 0 34 -0.811425 1
gene 1 5 23 0.861035 0 35 0.861035 1
gene 1 5 25 -1.40717 0 37 -1.40717 1
gene 1 5 27 0.1107 0 39 0.1107 1
gene 1 6 21 0.649485 0 41 0.649485 1
gene 1 6 22 1.27946 0 42 1.27946 1
gene 1 6 23 -0.621159 0 43 -0.621159 1
gene 1 6 25 -0.717712 0 45 -0.717712 1
gene 1 6 27 1.0946 0 47 1.0946 1
gene 1 7 22 -0.294542 0 50 -0.294542 1
gene 1 7 25 -1.54105 0 53 -1.54105 1
gene 1 7 27 -0.849795 0 55 -0.849795 1
gene 1 8 21 1.77841 0 57 1.77841 1
gene 1 8 22 1.75779 0 58 1.75779 1
gene 1 8 23 -0.147489 0 59 -0.147489 1
gene 1 8 25 -0.394066 0 61 -0.394066 1
gene 1 8 27 0.764596 0 63 0.764596 1
gene 1 9 21 -0.469226 0 65 -0.469226 1
gene 1 9 22 0.597185 0 66 0.597185 1
gene 1 9 23 -3.11692 0 67 -3.11692 1
gene 1 9 25 0.870173 0 69 0.870173 1
gene 1 9 27 0.364752 0 71 0.364752 1
gene 1 21 10 -1.06517 0 73 -1.06517 1
gene 1 21 11 0.289852 0 74 0.289852 1
gene 1 21 12 -0.602513 0 75 -0.602513 1
gene 1 21 13 -0.985593 0 76 -0.985593 1
gene 1 21 14 -0.316276 0 77 -0.316276 1
gene 1 21 15 -0.610671 0 78 -0.610671 1
gene 1 21 16 -1.83472 0 79 -1.83472 1
gene 1 21 18 -1.89441 0 81 -1.89441 1
gene 1 21 19 0.0810574 0 82 0.0810574 1
gene 1 21 20 0.91353 0 83 0.91353 1
gene 1 22 10 1.05169 0 84 1.05169 1
gene 1 22 11 -0.714868 0 85 -0.714868 1
gene 1 22 12 -1.04149 0 86 -1.04149 1
gene 1 22 13 -1.64582 0 87 -1.64582 1
gene 1 22 14 -1.54415 0 88 -1.54415 1
gene 1 22 15 0.359558 0 89 0.359558 1
gene 1 22 16 -0.0518307 0 90 -0.0518307 1
gene 1 22 17 -1.12678 0 91 -1.12678 1
gene 1 22 18 1.13461 0 92 1.13461 1
gene 1 22 19 -1.84519 0 93 -1.84519 1
gene 1 22 20 -1.12251 0 94 -1.12251 1
gene 1 23 10 -0.0500362 0 95 -0.0500362 1
gene 1 23 11 0.662436 0 96 0.662436 1
gene 1 23 12 -1.7977 0 97 -1.7977 1
gene 1 23 13 0.241335 0 98 0.241335 1
gene 1 23 14 -0.0899388 0 99 -0.0899388 1
gene 1 23 15 1.44936 0 100 1.44936 1
gene 1 23 16 0.0718273 0 101 0.0718273 1
gene 1 23 18 -0.0757113 0 103 -0.0757113 1
gene 1 23 19 -1.80773 0 104 -1.80773 1
gene 1 23 20 -0.553751 0 105 -0.553751 1
gene 1 25 10 -1.27364 0 117 -1.27364 1
gene 1 25 11 0.444814 0 118 0.444814 1
gene 1 25 13 2.84643 0 120 2.84643 1
gene 1 25 14 -0.0218408 0 121 -0.0218408 1
gene 1 25 16 1.35889 0 123 1.35889 1
gene 1 25 17 0.263175 0 124 0.263175 1
gene 1 25 18 1.68815 0 125 1.68815 1
gene 1 25 19 -0.298983 0 126 -0.298983 1
gene 1 25 20 -1.02543 0 127 -1.02543 1
gene 1 27 10 -0.65561 0 139 -0.65561 1
gene 1 27 11 -1.03602 0 140 -1.03602 1
gene 1 27 12 1.05984 0 141 1.05984 1
gene 1 27 13 -1.91728 0 142 -1.91728 1
gene 1 27 14 -0.532402 0 143 -0.532402 1
gene 1 27 15 0.180134 0 144 0.180134 1
gene 1 27 16 -0.414788 0 145 -0.414788 1
gene 1 27 17 0.562138 0 146 0.562138 1
gene 1 27 18 -0.535605 0 147 -0.535605 1
gene 1 27 19 -0.510504 0 148 -0.510504 1
gene 1 27 20 -0.0145805 0 149 -0.0145805 1
gene 1 22 21 -0.322978 0 181 -0.322978 1
gene 1 22 27 1.29057 0 574 1.29057 1
gene 1 3 15 -0.418688 0 670 -0.418688 1
gene 1 10 20 1.44947 0 1306 1.44947 1
gene 1 27 23 -1.25013 0 1537 -1.25013 1
gene 1 21 21 0.107149 1 1626 0.107149 1
gene 1 17 23 0.0973574 0 1949 0.0973574 1
gene 1 5 10 -0.277679 0 2051 -0.277679 1
gene 1 8 12 -0.50448 0 2158 -0.50448 1
gene 1 21 100 1 0 2494 0 1
gene 1 100 17 -2.23054 0 2495 0 1
gene 1 9 11 -0.466331 0 3058 -0.466331 1
gene 1 7 16 -0.760516 0 3231 -0.760516 1
genomeend 429
