/* Organism #138 Fitness: 1.003 Error: 0.997 */
genomestart 138
trait 1 0.0189991 0.16758 0.0665868 0.578494 0.820863 0.385569 0.775004 0.423639 
node 1 1 0
node 2 1 1
node 3 1 1
node 4 1 1
node 5 1 1
node 6 1 1
node 7 1 1
node 8 1 1
node 9 1 1
node 10 1 2
node 11 1 2
node 12 1 2
node 13 1 2
node 14 1 2
node 15 1 2
node 16 1 2
node 17 1 2
node 18 1 2
node 19 1 2
node 20 1 2
node 21 1 3
node 22 1 3
node 25 1 3
node 26 1 3
node 27 1 3
node 137 1 3
gene 1 1 21 1.68506 0 1 1.68506 1
gene 1 1 22 0.0104555 0 2 0.0104555 1
gene 1 1 25 -2.19287 0 5 -2.19287 1
gene 1 1 26 -2.30721 0 6 -2.30721 1
gene 1 1 27 1.54101 0 7 1.54101 1
gene 1 2 21 -2.08993 0 9 -2.08993 1
gene 1 2 22 0.843801 0 10 0.843801 1
gene 1 2 25 -0.584273 0 13 -0.584273 1
gene 1 2 26 0.963406 0 14 0.963406 1
gene 1 2 27 -0.311773 0 15 -0.311773 1
gene 1 3 22 -3.8623 0 18 -3.8623 1
gene 1 3 25 -1.34918 0 21 -1.34918 1
gene 1 3 26 -0.598451 0 22 -0.598451 1
gene 1 3 27 -0.91646 0 23 -0.91646 1
gene 1 4 21 -0.0471038 0 25 -0.0471038 1
gene 1 4 22 -0.695282 0 26 -0.695282 1
gene 1 4 25 0.238896 0 29 0.238896 1
gene 1 4 26 -0.120977 0 30 -0.120977 1
gene 1 4 27 -0.262888 0 31 -0.262888 1
gene 1 5 21 -1.63236 0 33 -1.63236 1
gene 1 5 22 -3.08964 0 34 -3.08964 1
gene 1 5 25 -0.310605 0 37 -0.310605 1
gene 1 5 26 -2.25816 0 38 -2.25816 1
gene 1 5 27 1.4597 0 39 1.4597 1
gene 1 6 21 -0.164751 0 41 -0.164751 1
gene 1 6 22 -2.78092 0 42 -2.78092 1
gene 1 6 25 -4.91017 0 45 -4.91017 1
gene 1 6 26 -1.97882 0 46 -1.97882 1
gene 1 6 27 1.019 0 47 1.019 1
gene 1 7 21 -1.20333 0 49 -1.20333 1
gene 1 7 22 1.24265 0 50 1.24265 1
gene 1 7 25 0.453977 0 53 0.453977 1
gene 1 7 26 0.578801 0 54 0.578801 1
gene 1 7 27 1.57162 0 55 1.57162 1
gene 1 8 21 0.915865 0 57 0.915865 1
gene 1 8 22 -1.26873 0 58 -1.26873 1
gene 1 8 25 5.80937 0 61 5.80937 1
gene 1 8 26 0.139937 0 62 0.139937 1
gene 1 8 27 1.7166 0 63 1.7166 1
gene 1 9 21 -1.79075 0 65 -1.79075 1
gene 1 9 22 3.02788 0 66 3.02788 1
gene 1 9 25 0.685547 0 69 0.685547 1
gene 1 9 26 -1.90604 0 70 -1.90604 1
gene 1 9 27 1.20358 0 71 1.20358 1
gene 1 21 10 -0.239684 0 73 -0.239684 1
gene 1 21 11 -0.840228 0 74 -0.840228 1
gene 1 21 12 -1.84715 0 75 -1.84715 1
gene 1 21 13 -0.382534 0 76 -0.382534 1
gene 1 21 14 -5.14105 0 77 -5.14105 1
gene 1 21 15 -0.310053 0 78 -0.310053 1
gene 1 21 16 -3.05747 0 79 -3.05747 1
gene 1 21 17 1.20053 0 80 1.20053 1
gene 1 21 18 -1.21788 0 81 -1.21788 1
gene 1 21 20 3.26156 0 83 3.26156 1
gene 1 22 10 -4.13289 0 84 -4.13289 1
gene 1 22 11 -1.9869 0 85 -1.9869 1
gene 1 22 12 -1.24865 0 86 -1.24865 1
gene 1 22 13 0.859172 0 87 0.859172 1
gene 1 22 14 -1.1083 0 88 -1.1083 1
gene 1 22 15 -0.274385 0 89 -0.274385 1
gene 1 22 16 2.11096 0 90 2.11096 1
gene 1 22 17 0.253804 0 91 0.253804 1
gene 1 22 18 -2.04088 0 92 -2.04088 1
gene 1 22 19 -2.03615 0 93 -2.03615 1
gene 1 22 20 -4.23414 0 94 -4.23414 1
gene 1 25 10 -0.594884 0 117 -0.594884 1
gene 1 25 11 3.08865 0 118 3.08865 1
gene 1 25 12 -3.08691 0 119 -3.08691 1
gene 1 25 13 0.046148 0 120 0.046148 1
gene 1 25 14 3.46853 0 121 3.46853 1
gene 1 25 15 -0.5157 0 122 -0.5157 1
gene 1 25 16 -2.83749 0 123 -2.83749 1
gene 1 25 17 0.418581 0 124 0.418581 1
gene 1 25 18 2.4573 0 125 2.4573 1
gene 1 25 19 2.15646 0 126 2.15646 1
gene 1 25 20 1.70512 0 127 1.70512 1
gene 1 26 10 -0.802984 0 128 -0.802984 1
gene 1 26 11 -0.894357 0 129 -0.894357 1
gene 1 26 12 -0.658745 0 130 -0.658745 1
gene 1 26 13 -1.72357 0 131 -1.72357 1
gene 1 26 14 -1.29475 0 132 -1.29475 1
gene 1 26 15 -0.935032 0 133 -0.935032 1
gene 1 26 16 1.67324 0 134 1.67324 1
gene 1 26 17 -1.83958 0 135 -1.83958 1
gene 1 26 18 -0.00666636 0 136 -0.00666636 1
gene 1 26 19 -1.3924 0 137 -1.3924 1
gene 1 26 20 -1.16016 0 138 -1.16016 1
gene 1 27 10 -3.38292 0 139 -3.38292 1
gene 1 27 11 0.711669 0 140 0.711669 1
gene 1 27 12 1.48885 0 141 1.48885 1
gene 1 27 13 -5.62233 0 142 -5.62233 1
gene 1 27 14 -1.39445 0 143 -1.39445 1
gene 1 27 15 -3.79963 0 144 -3.79963 1
gene 1 27 16 2.55222 0 145 2.55222 1
gene 1 27 17 1.67386 0 146 1.67386 1
gene 1 27 18 1.53375 0 147 1.53375 1
gene 1 27 19 -1.87564 0 148 -1.87564 1
gene 1 27 20 3.08691 0 149 3.08691 1
gene 1 6 12 -0.491588 0 238 -0.491588 1
gene 1 9 14 0.325066 0 521 0.325066 1
gene 1 7 20 2.71214 0 760 2.71214 1
gene 1 11 20 -1.45767 0 988 -1.45767 1
gene 1 11 16 -1.01385 0 1098 -1.01385 1
gene 1 11 13 1.47276 0 1866 1.47276 1
gene 1 19 20 -2.15654 0 2146 -2.15654 1
gene 1 7 11 2.94085 0 2371 2.94085 1
gene 1 19 18 -0.870122 0 2467 -0.870122 1
gene 1 12 12 2.29491 1 2817 2.29491 1
gene 1 1 10 1.31369 0 2965 1.31369 1
gene 1 21 137 -0.868839 0 3038 -0.868839 1
gene 1 137 19 -2.42405 0 3039 -2.42405 1
gene 1 10 137 -1.0105 0 3296 -1.0105 1
gene 1 27 21 0.879048 0 3535 0.879048 1
gene 1 27 26 2.38791 0 3648 2.38791 1
gene 1 18 18 0.308854 1 4489 0.308854 1
gene 1 5 11 -1.41134 0 4817 -1.41134 1
gene 1 8 18 0.594786 0 5023 0.594786 1
genomeend 138
