/* Organism #123 Fitness: 1.012 Error: 0.988 */
genomestart 123
trait 1 1 1 0 0.356156 0.712757 0 0.623683 0.738313 
node 1 1 0
node 2 1 1
node 3 1 1
node 4 1 1
node 5 1 1
node 6 1 1
node 7 1 1
node 8 1 1
node 9 1 1
node 10 1 2
node 11 1 2
node 12 1 2
node 13 1 2
node 14 1 2
node 15 1 2
node 16 1 2
node 17 1 2
node 18 1 2
node 19 1 2
node 20 1 2
node 23 1 3
node 25 1 3
node 26 1 3
gene 1 1 23 -1.34284 0 3 -1.34284 1
gene 1 1 25 1.51775 0 5 1.51775 1
gene 1 1 26 2.54538 0 6 2.54538 1
gene 1 2 23 1.77729 0 11 1.77729 1
gene 1 2 25 -1.43763 0 13 -1.43763 1
gene 1 2 26 -1.59762 0 14 -1.59762 1
gene 1 3 23 -1.33118 0 19 -1.33118 1
gene 1 3 25 -0.522083 0 21 -0.522083 1
gene 1 3 26 0.0450384 0 22 0.0450384 1
gene 1 4 23 -0.648349 0 27 -0.648349 1
gene 1 4 25 0.411142 0 29 0.411142 1
gene 1 5 23 -0.378234 0 35 -0.378234 1
gene 1 5 25 2.55513 0 37 2.55513 1
gene 1 5 26 -8 0 38 -8 1
gene 1 6 25 0.243153 0 45 0.243153 1
gene 1 6 26 -2.3915 0 46 -2.3915 1
gene 1 7 23 4.09276 0 51 4.09276 1
gene 1 7 25 -1.2229 0 53 -1.2229 1
gene 1 7 26 -1.01316 0 54 -1.01316 1
gene 1 8 23 5.73755 0 59 5.73755 1
gene 1 8 25 0.787598 0 61 0.787598 1
gene 1 8 26 -1.72042 0 62 -1.72042 1
gene 1 9 23 7.30416 0 67 7.30416 1
gene 1 9 25 2.03859 0 69 2.03859 1
gene 1 9 26 1.39488 0 70 1.39488 1
gene 1 23 12 3.92371 0 97 3.92371 1
gene 1 23 13 -1.69509 0 98 -1.69509 1
gene 1 23 15 2.18617 0 100 2.18617 1
gene 1 23 16 -0.645709 0 101 -0.645709 1
gene 1 23 17 -0.905873 0 102 -0.905873 1
gene 1 23 19 -5.86113 0 104 -5.86113 1
gene 1 23 20 0.087589 0 105 0.087589 1
gene 1 25 10 0.131134 0 117 0.131134 1
gene 1 25 12 -0.782318 0 119 -0.782318 1
gene 1 25 13 3.12455 0 120 3.12455 1
gene 1 25 15 -1.3451 0 122 -1.3451 1
gene 1 25 16 3.45554 0 123 3.45554 1
gene 1 25 17 1.4226 0 124 1.4226 1
gene 1 25 18 -2.41758 0 125 -2.41758 1
gene 1 25 19 -0.966576 0 126 -0.966576 1
gene 1 25 20 -0.260862 0 127 -0.260862 1
gene 1 26 10 -1.52774 0 128 -1.52774 1
gene 1 26 11 -1.34528 0 129 -1.34528 1
gene 1 26 12 -0.756042 0 130 -0.756042 1
gene 1 26 14 -0.102419 0 132 -0.102419 1
gene 1 26 15 -1.51794 0 133 -1.51794 1
gene 1 26 16 -0.0522885 0 134 -0.0522885 1
gene 1 26 17 1.23554 0 135 1.23554 1
gene 1 26 18 -1.8532 0 136 -1.8532 1
gene 1 26 19 1.19893 0 137 1.19893 1
gene 1 26 20 0.607044 0 138 0.607044 1
gene 1 13 20 1.11565 0 987 1.11565 1
gene 1 14 14 -1.44939 1 1303 -1.44939 1
gene 1 6 14 -0.185212 0 1670 -0.185212 1
gene 1 13 17 0.0972561 0 2075 0.0972561 1
gene 1 8 10 -2.18429 0 2296 -2.18429 1
gene 1 8 17 -1.64429 0 2463 -1.64429 1
gene 1 14 18 -0.271032 0 2717 -0.271032 1
gene 1 7 10 0.845042 0 2891 0.845042 1
gene 1 4 16 -0.0937333 0 3195 -0.0937333 1
gene 1 18 19 -1.17708 0 3765 -1.17708 1
gene 1 15 15 -1.37088 1 5010 -1.37088 1
gene 1 5 12 -1.41712 0 5163 -1.41712 1
gene 1 10 16 0.880394 0 5505 0.880394 1
gene 1 12 12 0.510366 1 6514 0.510366 1
gene 1 6 10 1.31991 0 7302 1.31991 1
genomeend 123
