/* Organism #243 Fitness: 1.003 Error: 0.997 */
genomestart 243
trait 1 0.149081 0.0747968 0.128545 0.107977 0.908219 0.227115 0.795648 0 
node 1 1 0
node 2 1 1
node 3 1 1
node 4 1 1
node 5 1 1
node 6 1 1
node 7 1 1
node 8 1 1
node 9 1 1
node 10 1 2
node 11 1 2
node 12 1 2
node 13 1 2
node 14 1 2
node 15 1 2
node 16 1 2
node 17 1 2
node 18 1 2
node 19 1 2
node 20 1 2
node 21 1 3
node 22 1 3
node 23 1 3
node 24 1 3
node 25 1 3
node 26 1 3
node 27 1 3
gene 1 1 21 0.875137 0 1 0.875137 1
gene 1 1 22 0.329846 0 2 0.329846 1
gene 1 1 23 -0.536981 0 3 -0.536981 1
gene 1 1 24 0.343507 0 4 0.343507 1
gene 1 1 25 1.39406 0 5 1.39406 1
gene 1 1 26 -0.390078 0 6 -0.390078 1
gene 1 1 27 -0.396829 0 7 -0.396829 1
gene 1 2 21 -0.227866 0 9 -0.227866 1
gene 1 2 22 0.415197 0 10 0.415197 1
gene 1 2 23 0.207503 0 11 0.207503 1
gene 1 2 24 -0.157713 0 12 -0.157713 1
gene 1 2 25 -1.07889 0 13 -1.07889 1
gene 1 2 26 -0.619676 0 14 -0.619676 1
gene 1 2 27 -0.695513 0 15 -0.695513 1
gene 1 3 21 0.183279 0 17 0.183279 1
gene 1 3 22 1.19359 0 18 1.19359 1
gene 1 3 23 0.754297 0 19 0.754297 1
gene 1 3 24 0.446608 0 20 0.446608 1
gene 1 3 25 0.839322 0 21 0.839322 1
gene 1 3 26 1.22197 0 22 1.22197 1
gene 1 3 27 0.521664 0 23 0.521664 1
gene 1 4 21 -0.306454 0 25 -0.306454 1
gene 1 4 22 -0.164102 0 26 -0.164102 1
gene 1 4 23 1.47447 0 27 1.47447 1
gene 1 4 24 -0.783777 0 28 -0.783777 1
gene 1 4 25 0.175776 0 29 0.175776 1
gene 1 4 26 -1.57961 0 30 -1.57961 1
gene 1 4 27 0.508562 0 31 0.508562 1
gene 1 5 21 -0.509 0 33 -0.509 1
gene 1 5 22 -0.546237 0 34 -0.546237 1
gene 1 5 23 -0.696759 0 35 -0.696759 1
gene 1 5 24 -0.558384 0 36 -0.558384 1
gene 1 5 25 -1.0775 0 37 -1.0775 1
gene 1 5 26 -0.966976 0 38 -0.966976 1
gene 1 5 27 -0.161469 0 39 -0.161469 1
gene 1 6 21 -0.45421 0 41 -0.45421 1
gene 1 6 22 -0.366208 0 42 -0.366208 1
gene 1 6 23 -1.01991 0 43 -1.01991 1
gene 1 6 24 0.49051 0 44 0.49051 1
gene 1 6 25 0.982396 0 45 0.982396 1
gene 1 6 26 1.09699 0 46 1.09699 1
gene 1 6 27 0.169617 0 47 0.169617 1
gene 1 7 21 0.965666 0 49 0.965666 1
gene 1 7 22 -1.07331 0 50 -1.07331 1
gene 1 7 23 0.16135 0 51 0.16135 1
gene 1 7 24 1.09817 0 52 1.09817 1
gene 1 7 25 -0.746682 0 53 -0.746682 1
gene 1 7 26 -0.625227 0 54 -0.625227 1
gene 1 7 27 0.242132 0 55 0.242132 1
gene 1 8 21 1.50702 0 57 1.50702 1
gene 1 8 22 0.755667 0 58 0.755667 1
gene 1 8 23 0.406111 0 59 0.406111 1
gene 1 8 24 1.49193 0 60 1.49193 1
gene 1 8 25 -0.634868 0 61 -0.634868 1
gene 1 8 26 -0.178297 0 62 -0.178297 1
gene 1 8 27 1.48199 0 63 1.48199 1
gene 1 9 21 0.0155769 0 65 0.0155769 1
gene 1 9 22 -0.417651 0 66 -0.417651 1
gene 1 9 23 -0.954391 0 67 -0.954391 1
gene 1 9 24 0.253657 0 68 0.253657 1
gene 1 9 25 0.166353 0 69 0.166353 1
gene 1 9 26 0.564794 0 70 0.564794 1
gene 1 9 27 1.36295 0 71 1.36295 1
gene 1 21 10 0.344946 0 73 0.344946 1
gene 1 21 11 -1.03808 0 74 -1.03808 1
gene 1 21 12 -0.66921 0 75 -0.66921 1
gene 1 21 13 -1.46663 0 76 -1.46663 1
gene 1 21 14 1.25918 0 77 1.25918 1
gene 1 21 15 -0.689336 0 78 -0.689336 1
gene 1 21 16 0.851909 0 79 0.851909 1
gene 1 21 17 0.800461 0 80 0.800461 1
gene 1 21 18 -0.20028 0 81 -0.20028 1
gene 1 21 19 -0.338067 0 82 -0.338067 1
gene 1 21 20 1.58978 0 83 1.58978 1
gene 1 22 10 1.4457 0 84 1.4457 1
gene 1 22 11 -0.545629 0 85 -0.545629 1
gene 1 22 12 -0.818292 0 86 -0.818292 1
gene 1 22 13 0.918536 0 87 0.918536 1
gene 1 22 14 -0.828158 0 88 -0.828158 1
gene 1 22 15 0.730253 0 89 0.730253 1
gene 1 22 16 0.323038 0 90 0.323038 1
gene 1 22 17 0.915132 0 91 0.915132 1
gene 1 22 18 -0.148782 0 92 -0.148782 1
gene 1 22 19 -0.244469 0 93 -0.244469 1
gene 1 22 20 -0.235391 0 94 -0.235391 1
gene 1 23 10 0.533317 0 95 0.533317 1
gene 1 23 11 0.680449 0 96 0.680449 1
gene 1 23 12 -0.907691 0 97 -0.907691 1
gene 1 23 13 0.161492 0 98 0.161492 1
gene 1 23 14 0.606543 0 99 0.606543 1
gene 1 23 15 -0.691604 0 100 -0.691604 1
gene 1 23 16 -0.266399 0 101 -0.266399 1
gene 1 23 17 -1.14353 0 102 -1.14353 1
gene 1 23 18 -0.557567 0 103 -0.557567 1
gene 1 23 19 0.203912 0 104 0.203912 1
gene 1 23 20 -0.345347 0 105 -0.345347 1
gene 1 24 10 -0.15831 0 106 -0.15831 1
gene 1 24 11 0.242905 0 107 0.242905 1
gene 1 24 12 0.214907 0 108 0.214907 1
gene 1 24 13 -0.676847 0 109 -0.676847 1
gene 1 24 14 -0.275867 0 110 -0.275867 1
gene 1 24 15 1.16065 0 111 1.16065 1
gene 1 24 16 -0.927432 0 112 -0.927432 1
gene 1 24 17 -1.45862 0 113 -1.45862 1
gene 1 24 18 0.000106225 0 114 0.000106225 1
gene 1 24 19 -0.566753 0 115 -0.566753 1
gene 1 24 20 0.346223 0 116 0.346223 1
gene 1 25 10 -0.603337 0 117 -0.603337 1
gene 1 25 11 0.404059 0 118 0.404059 1
gene 1 25 12 0.686778 0 119 0.686778 1
gene 1 25 13 -1.08562 0 120 -1.08562 1
gene 1 25 14 -0.409439 0 121 -0.409439 1
gene 1 25 15 -1.35463 0 122 -1.35463 1
gene 1 25 16 -0.371693 0 123 -0.371693 1
gene 1 25 17 0.916501 0 124 0.916501 1
gene 1 25 18 -1.20483 0 125 -1.20483 1
gene 1 25 19 -0.0518622 0 126 -0.0518622 1
gene 1 25 20 1.47772 0 127 1.47772 1
gene 1 26 10 0.526714 0 128 0.526714 1
gene 1 26 11 0.171339 0 129 0.171339 1
gene 1 26 12 0.360477 0 130 0.360477 1
gene 1 26 13 -0.199082 0 131 -0.199082 1
gene 1 26 14 0.765029 0 132 0.765029 1
gene 1 26 15 0.327531 0 133 0.327531 1
gene 1 26 16 0.227399 0 134 0.227399 1
gene 1 26 17 0.382889 0 135 0.382889 1
gene 1 26 18 -0.775548 0 136 -0.775548 1
gene 1 26 19 0.337922 0 137 0.337922 1
gene 1 26 20 1.01908 0 138 1.01908 1
gene 1 27 10 -0.0989307 0 139 -0.0989307 1
gene 1 27 11 0.500086 0 140 0.500086 1
gene 1 27 12 -0.419446 0 141 -0.419446 1
gene 1 27 13 -0.0753552 0 142 -0.0753552 1
gene 1 27 14 0.023901 0 143 0.023901 1
gene 1 27 15 0.250244 0 144 0.250244 1
gene 1 27 16 -0.259971 0 145 -0.259971 1
gene 1 27 17 -0.916066 0 146 -0.916066 1
gene 1 27 18 -0.239515 0 147 -0.239515 1
gene 1 27 19 -1.49048 0 148 -1.49048 1
gene 1 27 20 -0.260975 0 149 -0.260975 1
gene 1 22 21 0.917829 0 181 0.917829 1
gene 1 8 13 0.254606 0 357 0.254606 1
gene 1 13 12 0.0447331 0 596 0.0447331 1
gene 1 4 13 -0.363481 0 792 -0.363481 1
genomeend 243
