/* Organism #432 Fitness: 1.009 Error: 0.991 */
genomestart 432
trait 1 0 0.272984 0 0 0.433428 0.342464 0.791412 0 
node 1 1 0
node 2 1 1
node 3 1 1
node 4 1 1
node 5 1 1
node 6 1 1
node 7 1 1
node 8 1 1
node 9 1 1
node 10 1 2
node 11 1 2
node 12 1 2
node 13 1 2
node 14 1 2
node 15 1 2
node 16 1 2
node 17 1 2
node 18 1 2
node 19 1 2
node 20 1 2
node 22 1 3
node 23 1 3
node 24 1 3
node 25 1 3
node 26 1 3
node 28 1 3
node 29 1 3
gene 1 1 22 -8 0 2 -8 1
gene 1 1 23 -6.08867 0 3 -6.08867 1
gene 1 1 24 1.98053 0 4 1.98053 1
gene 1 1 25 0.958706 0 5 0.958706 1
gene 1 1 26 0.774504 0 6 0.774504 1
gene 1 1 28 -5.37535 0 8 -5.37535 1
gene 1 2 22 3.6575 0 10 3.6575 1
gene 1 2 23 0.867312 0 11 0.867312 1
gene 1 2 24 4.63008 0 12 4.63008 1
gene 1 2 25 1.24187 0 13 1.24187 1
gene 1 2 26 1.28622 0 14 1.28622 1
gene 1 3 22 6.74088 0 18 6.74088 1
gene 1 3 23 -3.01721 0 19 -3.01721 1
gene 1 3 24 3.93627 0 20 3.93627 1
gene 1 3 25 -6.25636 0 21 -6.25636 1
gene 1 3 26 -2.41827 0 22 -2.41827 1
gene 1 3 28 2.15453 0 24 2.15453 1
gene 1 4 22 -2.33583 0 26 -2.33583 1
gene 1 4 23 -1.47242 0 27 -1.47242 1
gene 1 4 24 1.28532 0 28 1.28532 1
gene 1 4 25 -7.115 0 29 -7.115 1
gene 1 4 26 4.26671 0 30 4.26671 1
gene 1 4 28 -2.47029 0 32 -2.47029 1
gene 1 5 22 -4.2093 0 34 -4.2093 1
gene 1 5 23 0.67219 0 35 0.67219 1
gene 1 5 24 2.0615 0 36 2.0615 1
gene 1 5 25 -4.84897 0 37 -4.84897 1
gene 1 5 26 -3.71751 0 38 -3.71751 1
gene 1 5 28 -2.92201 0 40 -2.92201 1
gene 1 6 22 2.42178 0 42 2.42178 1
gene 1 6 23 -2.04041 0 43 -2.04041 1
gene 1 6 24 -3.80947 0 44 -3.80947 1
gene 1 6 25 -2.53402 0 45 -2.53402 1
gene 1 6 26 -0.842437 0 46 -0.842437 1
gene 1 6 28 1.6439 0 48 1.6439 1
gene 1 7 22 -2.0043 0 50 -2.0043 1
gene 1 7 23 -2.84953 0 51 -2.84953 1
gene 1 7 24 2.60578 0 52 2.60578 1
gene 1 7 25 0.0937243 0 53 0.0937243 1
gene 1 7 26 4.20492 0 54 4.20492 1
gene 1 7 28 -1.83756 0 56 -1.83756 1
gene 1 8 22 -1.13766 0 58 -1.13766 1
gene 1 8 23 -0.000965999 0 59 -0.000965999 1
gene 1 8 24 5.08986 0 60 5.08986 1
gene 1 8 25 3.68953 0 61 3.68953 1
gene 1 8 26 1.50041 0 62 1.50041 1
gene 1 8 28 4.03058 0 64 4.03058 1
gene 1 9 24 5.45108 0 68 5.45108 1
gene 1 9 25 1.77636 0 69 1.77636 1
gene 1 9 26 -0.747782 0 70 -0.747782 1
gene 1 9 28 -6.00165 0 72 -6.00165 1
gene 1 22 10 5.56044 0 84 5.56044 1
gene 1 22 12 0.970941 0 86 0.970941 1
gene 1 22 13 1.05245 0 87 1.05245 1
gene 1 22 14 -3.45286 0 88 -3.45286 1
gene 1 22 15 1.18524 0 89 1.18524 1
gene 1 22 16 2.23066 0 90 2.23066 1
gene 1 22 17 -1.0775 0 91 -1.0775 1
gene 1 22 18 -0.769471 0 92 -0.769471 1
gene 1 22 19 0.516698 0 93 0.516698 1
gene 1 22 20 3.6703 0 94 3.6703 1
gene 1 23 10 -3.54741 0 95 -3.54741 1
gene 1 23 11 0.830194 0 96 0.830194 1
gene 1 23 12 0.101752 0 97 0.101752 1
gene 1 23 13 -3.33356 0 98 -3.33356 1
gene 1 23 14 0.432566 0 99 0.432566 1
gene 1 23 15 -3.38949 0 100 -3.38949 1
gene 1 23 16 -2.66764 0 101 -2.66764 1
gene 1 23 17 0.729232 0 102 0.729232 1
gene 1 23 18 3.35097 0 103 3.35097 1
gene 1 23 19 -0.229918 0 104 -0.229918 1
gene 1 23 20 -1.00646 0 105 -1.00646 1
gene 1 24 10 0.278466 0 106 0.278466 1
gene 1 24 11 -2.084 0 107 -2.084 1
gene 1 24 12 2.65208 0 108 2.65208 1
gene 1 24 13 -2.75809 0 109 -2.75809 1
gene 1 24 14 3.41767 0 110 3.41767 1
gene 1 24 15 -6.06508 0 111 -6.06508 1
gene 1 24 16 2.87164 0 112 2.87164 1
gene 1 24 17 6.06104 0 113 6.06104 1
gene 1 24 18 -2.4979 0 114 -2.4979 1
gene 1 24 19 1.33657 0 115 1.33657 1
gene 1 24 20 -2.33522 0 116 -2.33522 1
gene 1 25 10 -4.56718 0 117 -4.56718 1
gene 1 25 11 -3.4205 0 118 -3.4205 1
gene 1 25 12 -1.5459 0 119 -1.5459 1
gene 1 25 13 0.479184 0 120 0.479184 1
gene 1 25 14 -3.44143 0 121 -3.44143 1
gene 1 25 15 5.12378 0 122 5.12378 1
gene 1 25 16 -3.52413 0 123 -3.52413 1
gene 1 25 17 2.88421 0 124 2.88421 1
gene 1 25 18 -1.51223 0 125 -1.51223 1
gene 1 25 19 -2.49991 0 126 -2.49991 1
gene 1 25 20 0.628436 0 127 0.628436 1
gene 1 26 10 1.92525 0 128 1.92525 1
gene 1 26 12 -1.11811 0 130 -1.11811 1
gene 1 26 13 -1.85375 0 131 -1.85375 1
gene 1 26 14 0.699168 0 132 0.699168 1
gene 1 26 15 0.61632 0 133 0.61632 1
gene 1 26 16 -2.56213 0 134 -2.56213 1
gene 1 26 17 1.77921 0 135 1.77921 1
gene 1 26 18 -1.52739 0 136 -1.52739 1
gene 1 26 19 2.22595 0 137 2.22595 1
gene 1 26 20 1.57811 0 138 1.57811 1
gene 1 28 10 -1.3037 0 150 -1.3037 1
gene 1 28 11 0.959745 0 151 0.959745 1
gene 1 28 12 -2.06087 0 152 -2.06087 1
gene 1 28 13 0.984974 0 153 0.984974 1
gene 1 28 14 -0.948931 0 154 -0.948931 1
gene 1 28 15 4.17884 0 155 4.17884 1
gene 1 28 16 -1.65798 0 156 -1.65798 1
gene 1 28 17 0.887446 0 157 0.887446 1
gene 1 28 18 0.816406 0 158 0.816406 1
gene 1 28 19 -1.26318 0 159 -1.26318 1
gene 1 28 20 1.11136 0 160 1.11136 1
gene 1 2 29 -1.45891 0 167 -1.45891 1
gene 1 22 22 4.8952 1 593 4.8952 1
gene 1 10 10 0.209449 1 657 0.209449 1
gene 1 12 29 -0.111967 1 1033 -0.111967 1
gene 1 4 18 3.43195 0 1133 3.43195 1
gene 1 25 26 1.545 0 1253 1.545 1
gene 1 3 14 0.124825 0 1428 0.124825 1
gene 1 18 12 5.01069 0 1734 5.01069 1
gene 1 2 11 -0.399186 0 2059 -0.399186 1
gene 1 14 18 -0.874888 0 2386 -0.874888 1
gene 1 2 12 -2.17628 0 2496 -2.17628 1
gene 1 18 20 2.17256 0 3216 2.17256 1
genomeend 432
