/* Organism #486 Fitness: 1.011 Error: 0.989 */
genomestart 486
trait 1 1 0.688422 0.181973 0 0 0 0 0 
node 1 1 0
node 2 1 1
node 3 1 1
node 4 1 1
node 5 1 1
node 6 1 1
node 7 1 1
node 8 1 1
node 9 1 1
node 10 1 2
node 11 1 2
node 12 1 2
node 13 1 2
node 14 1 2
node 15 1 2
node 16 1 2
node 17 1 2
node 18 1 2
node 19 1 2
node 20 1 2
node 21 1 3
node 23 1 3
node 25 1 3
gene 1 1 21 2.41412 0 1 2.41412 1
gene 1 1 23 -1.99106 0 3 -1.99106 1
gene 1 1 25 -1.26473 0 5 -1.26473 1
gene 1 2 23 -2.13638 0 11 -2.13638 1
gene 1 3 21 -2.98835 0 17 -2.98835 1
gene 1 3 25 -3.74352 0 21 -3.74352 1
gene 1 4 21 -3.34777 0 25 -3.34777 1
gene 1 4 23 3.62294 0 27 3.62294 1
gene 1 4 25 -0.403123 0 29 -0.403123 1
gene 1 5 21 6.23587 0 33 6.23587 1
gene 1 5 23 1.41682 0 35 1.41682 1
gene 1 6 21 -0.0908787 0 41 -0.0908787 1
gene 1 6 25 6.79318 0 45 6.79318 1
gene 1 7 21 -0.646437 0 49 -0.646437 1
gene 1 7 25 3.65464 0 53 3.65464 1
gene 1 8 21 2.11708 0 57 2.11708 1
gene 1 8 23 -2.09155 0 59 -2.09155 1
gene 1 8 25 5.70507 0 61 5.70507 1
gene 1 9 21 -5.96668 0 65 -5.96668 1
gene 1 9 23 4.15324 0 67 4.15324 1
gene 1 9 25 5.47125 0 69 5.47125 1
gene 1 21 10 2.79338 0 73 2.79338 1
gene 1 21 11 2.32145 0 74 2.32145 1
gene 1 21 12 2.58815 0 75 2.58815 1
gene 1 21 13 -0.452646 0 76 -0.452646 1
gene 1 21 14 -5.4516 0 77 -5.4516 1
gene 1 21 15 -0.435041 0 78 -0.435041 1
gene 1 21 16 0.0824131 0 79 0.0824131 1
gene 1 21 17 -4.98604 0 80 -4.98604 1
gene 1 21 19 -3.33043 0 82 -3.33043 1
gene 1 21 20 -2.7907 0 83 -2.7907 1
gene 1 23 10 2.36416 0 95 2.36416 1
gene 1 23 11 -1.35193 0 96 -1.35193 1
gene 1 23 12 -3.1365 0 97 -3.1365 1
gene 1 23 13 -6.20228 0 98 -6.20228 1
gene 1 23 15 2.3694 0 100 2.3694 1
gene 1 23 16 3.27356 0 101 3.27356 1
gene 1 23 18 8 0 103 8 1
gene 1 23 19 -4.29498 0 104 -4.29498 1
gene 1 23 20 -0.649976 0 105 -0.649976 1
gene 1 25 10 -2.82999 0 117 -2.82999 1
gene 1 25 11 -5.80193 0 118 -5.80193 1
gene 1 25 12 0.824286 0 119 0.824286 1
gene 1 25 13 0.0788477 0 120 0.0788477 1
gene 1 25 14 0.802455 0 121 0.802455 1
gene 1 25 15 1.91603 0 122 1.91603 1
gene 1 25 16 1.38092 0 123 1.38092 1
gene 1 25 17 4.92777 0 124 4.92777 1
gene 1 25 18 3.92877 0 125 3.92877 1
gene 1 25 19 -0.580432 0 126 -0.580432 1
gene 1 25 20 -0.334114 0 127 -0.334114 1
gene 1 9 14 -2.32523 0 523 -2.32523 1
gene 1 19 17 -0.223887 0 643 -0.223887 1
gene 1 9 13 -0.886901 0 1146 -0.886901 1
gene 1 6 11 -0.275525 0 1896 -0.275525 1
gene 1 16 12 -3.26827 0 2231 -3.26827 1
gene 1 11 20 0.474238 0 2460 0.474238 1
gene 1 2 17 -2.66474 0 3834 -2.66474 1
gene 1 8 15 -0.174693 0 4278 -0.174693 1
gene 1 15 20 4.37241 0 4490 4.37241 1
gene 1 21 21 -2.74126 1 4824 -2.74126 1
gene 1 15 11 0.2937 0 5084 0.2937 1
gene 1 17 20 -0.592553 0 5236 -0.592553 1
gene 1 19 18 -2.20046 0 5568 -2.20046 1
gene 1 12 12 -0.810933 1 5817 -0.810933 1
gene 1 6 10 -0.110533 0 5910 -0.110533 1
gene 1 3 14 0.763173 0 6099 0.763173 1
gene 1 15 15 -0.897671 1 6228 -0.897671 1
gene 1 23 14 0.729882 0 6395 0.729882 1
genomeend 486
