/* Organism #89 Fitness: 1.004 Error: 0.996 */
genomestart 89
trait 1 0.149081 0.0747968 0.128545 0.107977 0.908219 0.227115 0.795648 0 
node 1 1 0
node 2 1 1
node 3 1 1
node 4 1 1
node 5 1 1
node 6 1 1
node 7 1 1
node 8 1 1
node 9 1 1
node 10 1 2
node 11 1 2
node 12 1 2
node 13 1 2
node 14 1 2
node 15 1 2
node 16 1 2
node 17 1 2
node 18 1 2
node 19 1 2
node 20 1 2
node 21 1 3
node 23 1 3
node 24 1 3
node 25 1 3
node 26 1 3
node 27 1 3
node 28 1 3
gene 1 1 23 0.783232 0 3 0.783232 1
gene 1 1 24 5.48866 0 4 5.48866 1
gene 1 1 25 -0.881873 0 5 -0.881873 1
gene 1 1 26 -1.28383 0 6 -1.28383 1
gene 1 1 27 -0.326162 0 7 -0.326162 1
gene 1 1 28 0.0539213 0 8 0.0539213 1
gene 1 2 21 -0.624263 0 9 -0.624263 1
gene 1 2 23 -1.59445 0 11 -1.59445 1
gene 1 2 24 -2.13298 0 12 -2.13298 1
gene 1 2 25 2.66705 0 13 2.66705 1
gene 1 2 26 1.03097 0 14 1.03097 1
gene 1 2 27 0.505545 0 15 0.505545 1
gene 1 2 28 0.373473 0 16 0.373473 1
gene 1 3 21 -2.83349 0 17 -2.83349 1
gene 1 3 23 -2.02672 0 19 -2.02672 1
gene 1 3 24 -2.29426 0 20 -2.29426 1
gene 1 3 25 -0.973922 0 21 -0.973922 1
gene 1 3 26 1.37402 0 22 1.37402 1
gene 1 3 27 4.58559 0 23 4.58559 1
gene 1 3 28 1.28911 0 24 1.28911 1
gene 1 4 21 -0.210178 0 25 -0.210178 1
gene 1 4 23 -2.65999 0 27 -2.65999 1
gene 1 4 25 1.05706 0 29 1.05706 1
gene 1 4 26 1.23639 0 30 1.23639 1
gene 1 4 27 -1.00747 0 31 -1.00747 1
gene 1 4 28 -1.48089 0 32 -1.48089 1
gene 1 5 21 -1.16991 0 33 -1.16991 1
gene 1 5 23 -0.124011 0 35 -0.124011 1
gene 1 5 24 2.10486 0 36 2.10486 1
gene 1 5 25 -3.92683 0 37 -3.92683 1
gene 1 5 26 0.39996 0 38 0.39996 1
gene 1 5 27 1.78553 0 39 1.78553 1
gene 1 5 28 1.71228 0 40 1.71228 1
gene 1 6 21 1.39675 0 41 1.39675 1
gene 1 6 23 -0.615969 0 43 -0.615969 1
gene 1 6 24 0.232857 0 44 0.232857 1
gene 1 6 25 -3.7263 0 45 -3.7263 1
gene 1 6 26 0.695581 0 46 0.695581 1
gene 1 6 27 -1.30816 0 47 -1.30816 1
gene 1 6 28 1.04242 0 48 1.04242 1
gene 1 7 21 -0.0324068 0 49 -0.0324068 1
gene 1 7 23 -0.024745 0 51 -0.024745 1
gene 1 7 24 -1.02642 0 52 -1.02642 1
gene 1 7 25 2.24578 0 53 2.24578 1
gene 1 7 26 -0.170303 0 54 -0.170303 1
gene 1 7 27 1.87932 0 55 1.87932 1
gene 1 7 28 -0.756497 0 56 -0.756497 1
gene 1 8 21 0.660351 0 57 0.660351 1
gene 1 8 23 0.769301 0 59 0.769301 1
gene 1 8 24 3.02883 0 60 3.02883 1
gene 1 8 25 2.12614 0 61 2.12614 1
gene 1 8 26 2.52834 0 62 2.52834 1
gene 1 8 27 1.21273 0 63 1.21273 1
gene 1 8 28 -0.297224 0 64 -0.297224 1
gene 1 9 21 0.126172 0 65 0.126172 1
gene 1 9 23 0.869315 0 67 0.869315 1
gene 1 9 24 0.120387 0 68 0.120387 1
gene 1 9 25 2.01642 0 69 2.01642 1
gene 1 9 26 -1.00784 0 70 -1.00784 1
gene 1 9 27 -2.20013 0 71 -2.20013 1
gene 1 9 28 -1.47267 0 72 -1.47267 1
gene 1 21 10 -2.47111 0 73 -2.47111 1
gene 1 21 11 -0.139324 0 74 -0.139324 1
gene 1 21 12 0.810803 0 75 0.810803 1
gene 1 21 13 1.06635 0 76 1.06635 1
gene 1 21 14 3.49012 0 77 3.49012 1
gene 1 21 16 -3.76094 0 79 -3.76094 1
gene 1 21 17 -1.07666 0 80 -1.07666 1
gene 1 21 18 0.393155 0 81 0.393155 1
gene 1 21 19 -1.07354 0 82 -1.07354 1
gene 1 21 20 0.193728 0 83 0.193728 1
gene 1 23 10 -3.26854 0 95 -3.26854 1
gene 1 23 11 -0.969745 0 96 -0.969745 1
gene 1 23 12 -1.86111 0 97 -1.86111 1
gene 1 23 13 -1.62848 0 98 -1.62848 1
gene 1 23 14 -1.1941 0 99 -1.1941 1
gene 1 23 15 0.52054 0 100 0.52054 1
gene 1 23 16 1.78262 0 101 1.78262 1
gene 1 23 17 3.31461 0 102 3.31461 1
gene 1 23 18 -0.254992 0 103 -0.254992 1
gene 1 23 19 -0.349739 0 104 -0.349739 1
gene 1 23 20 -0.399506 0 105 -0.399506 1
gene 1 24 10 -0.376011 0 106 -0.376011 1
gene 1 24 11 -2.41926 0 107 -2.41926 1
gene 1 24 12 1.99549 0 108 1.99549 1
gene 1 24 13 -0.775572 0 109 -0.775572 1
gene 1 24 14 1.22076 0 110 1.22076 1
gene 1 24 15 2.12134 0 111 2.12134 1
gene 1 24 16 -1.99534 0 112 -1.99534 1
gene 1 24 17 2.21182 0 113 2.21182 1
gene 1 24 18 0.22714 0 114 0.22714 1
gene 1 24 19 -0.105683 0 115 -0.105683 1
gene 1 24 20 -1.21452 0 116 -1.21452 1
gene 1 25 10 -2.04057 0 117 -2.04057 1
gene 1 25 11 0.15308 0 118 0.15308 1
gene 1 25 12 0.670102 0 119 0.670102 1
gene 1 25 13 0.982404 0 120 0.982404 1
gene 1 25 14 3.19811 0 121 3.19811 1
gene 1 25 15 -2.68317 0 122 -2.68317 1
gene 1 25 16 0.212272 0 123 0.212272 1
gene 1 25 17 -1.43668 0 124 -1.43668 1
gene 1 25 18 -1.77912 0 125 -1.77912 1
gene 1 25 19 -1.71968 0 126 -1.71968 1
gene 1 25 20 0.730956 0 127 0.730956 1
gene 1 26 10 -2.30053 0 128 -2.30053 1
gene 1 26 11 0.909751 0 129 0.909751 1
gene 1 26 12 0.94694 0 130 0.94694 1
gene 1 26 13 -1.42846 0 131 -1.42846 1
gene 1 26 15 1.76941 0 133 1.76941 1
gene 1 26 16 -0.502933 0 134 -0.502933 1
gene 1 26 17 -0.0412447 0 135 -0.0412447 1
gene 1 26 18 -0.504776 0 136 -0.504776 1
gene 1 26 19 2.30693 0 137 2.30693 1
gene 1 26 20 -1.11381 0 138 -1.11381 1
gene 1 27 10 1.68955 0 139 1.68955 1
gene 1 27 11 -1.44713 0 140 -1.44713 1
gene 1 27 12 0.986351 0 141 0.986351 1
gene 1 27 13 1.3233 0 142 1.3233 1
gene 1 27 14 -0.858661 0 143 -0.858661 1
gene 1 27 15 -0.400885 0 144 -0.400885 1
gene 1 27 16 0.846882 0 145 0.846882 1
gene 1 27 17 0.604327 0 146 0.604327 1
gene 1 27 18 -1.59165 0 147 -1.59165 1
gene 1 27 19 -1.60001 0 148 -1.60001 1
gene 1 27 20 0.487844 0 149 0.487844 1
gene 1 28 10 0.334623 0 150 0.334623 1
gene 1 28 11 0.512054 0 151 0.512054 1
gene 1 28 12 -0.972866 0 152 -0.972866 1
gene 1 28 13 0.928057 0 153 0.928057 1
gene 1 28 14 0.823384 0 154 0.823384 1
gene 1 28 15 -1.90188 0 155 -1.90188 1
gene 1 28 16 0.507689 0 156 0.507689 1
gene 1 28 17 0.82774 0 157 0.82774 1
gene 1 28 18 0.322636 0 158 0.322636 1
gene 1 28 19 1.513 0 159 1.513 1
gene 1 28 20 1.49426 0 160 1.49426 1
gene 1 24 26 -1.63528 0 445 -1.63528 1
gene 1 10 10 0.639257 1 685 0.639257 1
gene 1 19 18 0.0717147 0 987 0.0717147 1
gene 1 5 10 0.103409 0 1094 0.103409 1
gene 1 10 27 0.394947 1 1265 0.394947 1
gene 1 28 28 -0.958621 1 1586 -0.958621 1
gene 1 8 13 -0.889667 0 1681 -0.889667 1
gene 1 17 18 0.203212 0 2082 0.203212 1
genomeend 89
