/* Organism #167 Fitness: 1.007 Error: 0.993 */
genomestart 167
trait 1 0.149081 0.222444 0.30965 0.0945062 0.903612 0.298368 0.816202 0.0570654 
node 1 1 0
node 2 1 1
node 3 1 1
node 4 1 1
node 5 1 1
node 6 1 1
node 7 1 1
node 8 1 1
node 9 1 1
node 10 1 2
node 11 1 2
node 12 1 2
node 13 1 2
node 14 1 2
node 15 1 2
node 16 1 2
node 17 1 2
node 18 1 2
node 19 1 2
node 20 1 2
node 21 1 3
node 22 1 3
node 23 1 3
node 25 1 3
node 26 1 3
node 27 1 3
node 28 1 3
node 57 1 3
gene 1 1 21 -1.98142 0 1 -1.98142 1
gene 1 1 22 2.28424 0 2 2.28424 1
gene 1 1 23 3.97496 0 3 3.97496 1
gene 1 1 25 -4.462 0 5 -4.462 1
gene 1 1 26 1.52853 0 6 1.52853 1
gene 1 1 27 4.23141 0 7 4.23141 1
gene 1 1 28 -1.54902 0 8 -1.54902 1
gene 1 2 21 -2.98687 0 9 -2.98687 1
gene 1 2 22 0.525036 0 10 0.525036 1
gene 1 2 23 -3.64509 0 11 -3.64509 1
gene 1 2 25 1.66404 0 13 1.66404 1
gene 1 2 26 -1.27865 0 14 -1.27865 1
gene 1 2 27 1.4579 0 15 1.4579 1
gene 1 2 28 0.119722 0 16 0.119722 1
gene 1 3 21 -0.23706 0 17 -0.23706 1
gene 1 3 22 1.05088 0 18 1.05088 1
gene 1 3 23 3.49413 0 19 3.49413 1
gene 1 3 25 7.14558 0 21 7.14558 1
gene 1 3 26 -2.33044 0 22 -2.33044 1
gene 1 3 27 -0.586009 0 23 -0.586009 1
gene 1 3 28 -1.18463 0 24 -1.18463 1
gene 1 4 21 -2.3075 0 25 -2.3075 1
gene 1 4 22 -3.01339 0 26 -3.01339 1
gene 1 4 23 1.3424 0 27 1.3424 1
gene 1 4 25 -1.72257 0 29 -1.72257 1
gene 1 4 26 2.50708 0 30 2.50708 1
gene 1 4 27 2.25773 0 31 2.25773 1
gene 1 4 28 -1.56358 0 32 -1.56358 1
gene 1 5 21 0.193022 0 33 0.193022 1
gene 1 5 22 1.49146 0 34 1.49146 1
gene 1 5 23 2.58741 0 35 2.58741 1
gene 1 5 25 -0.546355 0 37 -0.546355 1
gene 1 5 26 -0.560061 0 38 -0.560061 1
gene 1 5 27 2.87574 0 39 2.87574 1
gene 1 5 28 0.193416 0 40 0.193416 1
gene 1 6 21 -2.51496 0 41 -2.51496 1
gene 1 6 23 1.31754 0 43 1.31754 1
gene 1 6 25 -0.929849 0 45 -0.929849 1
gene 1 6 26 -2.67028 0 46 -2.67028 1
gene 1 6 27 2.06443 0 47 2.06443 1
gene 1 6 28 -3.76017 0 48 -3.76017 1
gene 1 7 21 0.65907 0 49 0.65907 1
gene 1 7 23 2.30728 0 51 2.30728 1
gene 1 7 26 -2.29225 0 54 -2.29225 1
gene 1 7 27 0.342628 0 55 0.342628 1
gene 1 8 21 1.64765 0 57 1.64765 1
gene 1 8 22 2.17571 0 58 2.17571 1
gene 1 8 23 -3.07009 0 59 -3.07009 1
gene 1 8 25 1.72209 0 61 1.72209 1
gene 1 8 26 2.25573 0 62 2.25573 1
gene 1 8 27 2.13674 0 63 2.13674 1
gene 1 8 28 1.16344 0 64 1.16344 1
gene 1 9 21 0.457592 0 65 0.457592 1
gene 1 9 22 0.0289413 0 66 0.0289413 1
gene 1 9 23 -1.44835 0 67 -1.44835 1
gene 1 9 26 -0.0717337 0 70 -0.0717337 1
gene 1 9 27 0.030508 0 71 0.030508 1
gene 1 9 28 0.706753 0 72 0.706753 1
gene 1 21 10 4.62978 0 73 4.62978 1
gene 1 21 11 7.03624 0 74 7.03624 1
gene 1 21 12 -3.99877 0 75 -3.99877 1
gene 1 21 13 4.57688 0 76 4.57688 1
gene 1 21 14 1.54176 0 77 1.54176 1
gene 1 21 15 3.33172 0 78 3.33172 1
gene 1 21 16 1.45149 0 79 1.45149 1
gene 1 21 17 -1.29333 0 80 -1.29333 1
gene 1 21 18 -0.917513 0 81 -0.917513 1
gene 1 21 19 -1.58627 0 82 -1.58627 1
gene 1 21 20 -1.85857 0 83 -1.85857 1
gene 1 22 10 3.02301 0 84 3.02301 1
gene 1 22 11 -1.20608 0 85 -1.20608 1
gene 1 22 12 1.15742 0 86 1.15742 1
gene 1 22 13 3.12952 0 87 3.12952 1
gene 1 22 14 2.35052 0 88 2.35052 1
gene 1 22 15 3.00927 0 89 3.00927 1
gene 1 22 16 -0.460142 0 90 -0.460142 1
gene 1 22 17 -1.46559 0 91 -1.46559 1
gene 1 22 18 -0.451707 0 92 -0.451707 1
gene 1 22 19 5.34513 0 93 5.34513 1
gene 1 22 20 -5.61741 0 94 -5.61741 1
gene 1 23 10 -0.568574 0 95 -0.568574 1
gene 1 23 11 1.23686 0 96 1.23686 1
gene 1 23 13 1.27027 0 98 1.27027 1
gene 1 23 14 0.243371 0 99 0.243371 1
gene 1 23 15 4.70679 0 100 4.70679 1
gene 1 23 16 -2.78889 0 101 -2.78889 1
gene 1 23 17 -1.1138 0 102 -1.1138 1
gene 1 23 18 1.31148 0 103 1.31148 1
gene 1 23 19 2.90877 0 104 2.90877 1
gene 1 23 20 0.518262 0 105 0.518262 1
gene 1 25 10 2.8391 0 117 2.8391 1
gene 1 25 11 0.223039 0 118 0.223039 1
gene 1 25 12 -2.37677 0 119 -2.37677 1
gene 1 25 13 5.70697 0 120 5.70697 1
gene 1 25 14 2.52 0 121 2.52 1
gene 1 25 15 -0.779442 0 122 -0.779442 1
gene 1 25 16 0.149692 0 123 0.149692 1
gene 1 25 18 -0.628597 0 125 -0.628597 1
gene 1 25 19 0.108125 0 126 0.108125 1
gene 1 25 20 -1.45586 0 127 -1.45586 1
gene 1 26 10 -8 0 128 -8 1
gene 1 26 11 -0.111884 0 129 -0.111884 1
gene 1 26 12 -2.48954 0 130 -2.48954 1
gene 1 26 13 4.11461 0 131 4.11461 1
gene 1 26 14 -1.59561 0 132 -1.59561 1
gene 1 26 15 0.646853 0 133 0.646853 1
gene 1 26 16 -0.544647 0 134 -0.544647 1
gene 1 26 17 -0.951938 0 135 -0.951938 1
gene 1 26 18 -5.34675 0 136 -5.34675 1
gene 1 26 19 0.328972 0 137 0.328972 1
gene 1 26 20 3.56067 0 138 3.56067 1
gene 1 27 10 -2.79992 0 139 -2.79992 1
gene 1 27 11 4.42027 0 140 4.42027 1
gene 1 27 12 1.15114 0 141 1.15114 1
gene 1 27 13 -1.17517 0 142 -1.17517 1
gene 1 27 14 1.54777 0 143 1.54777 1
gene 1 27 15 -0.150468 0 144 -0.150468 1
gene 1 27 16 3.90654 0 145 3.90654 1
gene 1 27 17 0.967323 0 146 0.967323 1
gene 1 27 18 0.093958 0 147 0.093958 1
gene 1 27 19 0.565535 0 148 0.565535 1
gene 1 27 20 -0.376994 0 149 -0.376994 1
gene 1 28 10 -1.0347 0 150 -1.0347 1
gene 1 28 11 3.9885 0 151 3.9885 1
gene 1 28 12 -1.73746 0 152 -1.73746 1
gene 1 28 13 -3.90091 0 153 -3.90091 1
gene 1 28 14 -4.69227 0 154 -4.69227 1
gene 1 28 15 -0.414767 0 155 -0.414767 1
gene 1 28 16 -1.18146 0 156 -1.18146 1
gene 1 28 17 1.33002 0 157 1.33002 1
gene 1 28 18 -0.97109 0 158 -0.97109 1
gene 1 28 19 -0.730113 0 159 -0.730113 1
gene 1 28 20 -0.185557 0 160 -0.185557 1
gene 1 18 20 2.00755 0 334 2.00755 1
gene 1 1 11 -0.387426 0 530 -0.387426 1
gene 1 23 22 1.42241 0 650 1.42241 1
gene 1 9 57 0.083472 0 981 0.083472 1
gene 1 57 25 -1.42327 0 982 -1.42327 1
gene 1 1 13 -1.24988 0 1371 -1.24988 1
gene 1 26 27 -0.410781 0 1892 -0.410781 1
gene 1 23 23 0.891223 1 2013 0.891223 1
gene 1 19 13 0.274494 0 2329 0.274494 1
genomeend 167
