/* Organism #27 Fitness: 1.014 Error: 0.986 */
genomestart 27
trait 1 0.230214 0.21269 0.19434 0.145864 0.851187 0.378766 0.737581 0.13983 
node 1 1 0
node 2 1 1
node 3 1 1
node 4 1 1
node 5 1 1
node 6 1 1
node 7 1 1
node 8 1 1
node 9 1 1
node 10 1 2
node 11 1 2
node 12 1 2
node 13 1 2
node 14 1 2
node 15 1 2
node 16 1 2
node 17 1 2
node 18 1 2
node 19 1 2
node 20 1 2
node 21 1 3
node 23 1 3
node 24 1 3
node 25 1 3
node 26 1 3
node 27 1 3
node 28 1 3
node 55 1 3
gene 1 1 21 1.32004 0 1 1.32004 1
gene 1 1 23 -3.95951 0 3 -3.95951 1
gene 1 1 24 0.756437 0 4 0.756437 1
gene 1 1 25 2.70253 0 5 2.70253 1
gene 1 1 26 1.08114 0 6 1.08114 1
gene 1 1 27 -1.72511 0 7 -1.72511 1
gene 1 1 28 0.625256 0 8 0.625256 1
gene 1 2 21 0.511797 0 9 0.511797 1
gene 1 2 23 1.98347 0 11 1.98347 1
gene 1 2 24 0.0533021 0 12 0.0533021 1
gene 1 2 25 -0.586618 0 13 -0.586618 1
gene 1 2 26 -2.0656 0 14 -2.0656 1
gene 1 2 27 -0.364178 0 15 -0.364178 1
gene 1 2 28 -3.89273 0 16 -3.89273 1
gene 1 3 21 0.730695 0 17 0.730695 1
gene 1 3 23 0.555396 0 19 0.555396 1
gene 1 3 24 1.38859 0 20 1.38859 1
gene 1 3 25 -0.00319365 0 21 -0.00319365 1
gene 1 3 26 -2.85622 0 22 -2.85622 1
gene 1 3 27 -2.73403 0 23 -2.73403 1
gene 1 3 28 -0.703818 0 24 -0.703818 1
gene 1 4 21 1.66161 0 25 1.66161 1
gene 1 4 23 0.722322 0 27 0.722322 1
gene 1 4 24 0.862735 0 28 0.862735 1
gene 1 4 25 2.84515 0 29 2.84515 1
gene 1 4 26 6.76685 0 30 6.76685 1
gene 1 4 27 1.86859 0 31 1.86859 1
gene 1 4 28 -0.970477 0 32 -0.970477 1
gene 1 5 21 -2.48978 0 33 -2.48978 1
gene 1 5 23 1.69829 0 35 1.69829 1
gene 1 5 24 2.21508 0 36 2.21508 1
gene 1 5 26 1.4245 0 38 1.4245 1
gene 1 5 27 -1.57062 0 39 -1.57062 1
gene 1 5 28 -3.99097 0 40 -3.99097 1
gene 1 6 21 -0.998806 0 41 -0.998806 1
gene 1 6 23 -4.04885 0 43 -4.04885 1
gene 1 6 24 0.253633 0 44 0.253633 1
gene 1 6 25 0.251787 0 45 0.251787 1
gene 1 6 26 -3.0167 0 46 -3.0167 1
gene 1 6 27 0.344253 0 47 0.344253 1
gene 1 6 28 -1.25488 0 48 -1.25488 1
gene 1 7 21 -2.22149 0 49 -2.22149 1
gene 1 7 23 -0.6769 0 51 -0.6769 1
gene 1 7 24 -0.161224 0 52 -0.161224 1
gene 1 7 25 0.382929 0 53 0.382929 1
gene 1 7 26 -1.73517 0 54 -1.73517 1
gene 1 7 27 -0.829318 0 55 -0.829318 1
gene 1 7 28 -0.355839 0 56 -0.355839 1
gene 1 8 21 -2.75715 0 57 -2.75715 1
gene 1 8 23 -0.15868 0 59 -0.15868 1
gene 1 8 24 -0.245269 0 60 -0.245269 1
gene 1 8 25 0.776969 0 61 0.776969 1
gene 1 8 26 0.214739 0 62 0.214739 1
gene 1 8 27 -3.03095 0 63 -3.03095 1
gene 1 8 28 5.40744 0 64 5.40744 1
gene 1 9 21 1.18206 0 65 1.18206 1
gene 1 9 23 0.134305 0 67 0.134305 1
gene 1 9 24 -4.36392 0 68 -4.36392 1
gene 1 9 25 -1.31973 0 69 -1.31973 1
gene 1 9 26 -5.98932 0 70 -5.98932 1
gene 1 9 27 3.39924 0 71 3.39924 1
gene 1 9 28 2.29666 0 72 2.29666 1
gene 1 21 10 -0.385295 0 73 -0.385295 1
gene 1 21 11 -1.88028 0 74 -1.88028 1
gene 1 21 12 -3.96397 0 75 -3.96397 1
gene 1 21 13 0.39009 0 76 0.39009 1
gene 1 21 14 0.437195 0 77 0.437195 1
gene 1 21 15 2.14306 0 78 2.14306 1
gene 1 21 16 -3.50322 0 79 -3.50322 1
gene 1 21 17 1.40087 0 80 1.40087 1
gene 1 21 18 6.98696 0 81 6.98696 1
gene 1 21 19 2.48015 0 82 2.48015 1
gene 1 21 20 0.832179 0 83 0.832179 1
gene 1 23 10 -3.35783 0 95 -3.35783 1
gene 1 23 11 0.55696 0 96 0.55696 1
gene 1 23 12 -2.32634 0 97 -2.32634 1
gene 1 23 13 3.97012 0 98 3.97012 1
gene 1 23 14 -2.99832 0 99 -2.99832 1
gene 1 23 15 -0.593138 0 100 -0.593138 1
gene 1 23 16 -0.438584 0 101 -0.438584 1
gene 1 23 17 1.5792 0 102 1.5792 1
gene 1 23 18 -0.509514 0 103 -0.509514 1
gene 1 23 19 -3.58155 0 104 -3.58155 1
gene 1 23 20 2.02632 0 105 2.02632 1
gene 1 24 10 2.48088 0 106 2.48088 1
gene 1 24 12 0.535823 0 108 0.535823 1
gene 1 24 13 4.87737 0 109 4.87737 1
gene 1 24 14 -4.39631 0 110 -4.39631 1
gene 1 24 15 1.92137 0 111 1.92137 1
gene 1 24 17 0.303565 0 113 0.303565 1
gene 1 24 18 2.49085 0 114 2.49085 1
gene 1 24 19 0.672763 0 115 0.672763 1
gene 1 24 20 -0.851768 0 116 -0.851768 1
gene 1 25 10 0.669607 0 117 0.669607 1
gene 1 25 11 -0.436992 0 118 -0.436992 1
gene 1 25 12 -0.975923 0 119 -0.975923 1
gene 1 25 13 -2.92973 0 120 -2.92973 1
gene 1 25 14 2.8891 0 121 2.8891 1
gene 1 25 15 -0.968313 0 122 -0.968313 1
gene 1 25 16 -0.262731 0 123 -0.262731 1
gene 1 25 17 -1.41193 0 124 -1.41193 1
gene 1 25 18 2.55153 0 125 2.55153 1
gene 1 25 19 0.931927 0 126 0.931927 1
gene 1 25 20 2.27671 0 127 2.27671 1
gene 1 26 10 -0.167199 0 128 -0.167199 1
gene 1 26 11 3.12417 0 129 3.12417 1
gene 1 26 12 -1.38506 0 130 -1.38506 1
gene 1 26 13 0.901005 0 131 0.901005 1
gene 1 26 14 0.456258 0 132 0.456258 1
gene 1 26 15 2.48619 0 133 2.48619 1
gene 1 26 17 -3.08581 0 135 -3.08581 1
gene 1 26 18 -0.0244037 0 136 -0.0244037 1
gene 1 26 19 0.835379 0 137 0.835379 1
gene 1 26 20 -0.648172 0 138 -0.648172 1
gene 1 27 10 0.0684333 0 139 0.0684333 1
gene 1 27 12 2.23579 0 141 2.23579 1
gene 1 27 13 2.30978 0 142 2.30978 1
gene 1 27 14 -1.58878 0 143 -1.58878 1
gene 1 27 15 1.96836 0 144 1.96836 1
gene 1 27 16 1.24278 0 145 1.24278 1
gene 1 27 17 -0.162225 0 146 -0.162225 1
gene 1 27 18 -1.79244 0 147 -1.79244 1
gene 1 27 19 -0.374415 0 148 -0.374415 1
gene 1 27 20 0.306441 0 149 0.306441 1
gene 1 28 10 -6.74414 0 150 -6.74414 1
gene 1 28 11 0.49853 0 151 0.49853 1
gene 1 28 12 0.249282 0 152 0.249282 1
gene 1 28 13 1.53935 0 153 1.53935 1
gene 1 28 14 -1.12449 0 154 -1.12449 1
gene 1 28 15 0.352715 0 155 0.352715 1
gene 1 28 16 -0.460943 0 156 -0.460943 1
gene 1 28 17 1.85105 0 157 1.85105 1
gene 1 28 19 -0.993404 0 159 -0.993404 1
gene 1 1 12 0.674717 0 626 0.674717 1
gene 1 28 55 1.51754 0 852 1.51754 1
gene 1 55 18 -2.83589 0 853 -2.83589 1
gene 1 16 13 -0.464518 0 1488 -0.464518 1
gene 1 16 26 2.0103 0 1622 2.0103 1
gene 1 17 11 1.07614 0 1771 1.07614 1
gene 1 10 20 -0.346082 0 1985 -0.346082 1
gene 1 19 17 -0.807451 0 2202 -0.807451 1
gene 1 11 13 -0.276417 0 2402 -0.276417 1
gene 1 6 18 -0.867667 0 2608 -0.867667 1
gene 1 18 15 -0.836428 0 3048 -0.836428 1
gene 1 9 55 0.238629 0 3502 0.238629 1
genomeend 27
