/* Organism #274 Fitness: 1.005 Error: 0.995 */
genomestart 274
trait 1 0.149081 0 0.977986 0.107977 0.908219 0 0.795648 0 
node 1 1 0
node 2 1 1
node 3 1 1
node 4 1 1
node 5 1 1
node 6 1 1
node 7 1 1
node 8 1 1
node 9 1 1
node 10 1 2
node 11 1 2
node 12 1 2
node 13 1 2
node 14 1 2
node 15 1 2
node 16 1 2
node 17 1 2
node 18 1 2
node 19 1 2
node 20 1 2
node 22 1 3
node 23 1 3
node 24 1 3
node 25 1 3
node 26 1 3
node 27 1 3
node 28 1 3
gene 1 1 22 1.58188 0 2 1.58188 1
gene 1 1 23 -1.78054 0 3 -1.78054 1
gene 1 1 24 -0.33041 0 4 -0.33041 1
gene 1 1 25 -1.48109 0 5 -1.48109 1
gene 1 1 26 -2.321 0 6 -2.321 1
gene 1 1 27 1.79888 0 7 1.79888 1
gene 1 1 28 -3.00248 0 8 -3.00248 1
gene 1 2 22 -0.412647 0 10 -0.412647 1
gene 1 2 23 0.348765 0 11 0.348765 1
gene 1 2 24 0.23519 0 12 0.23519 1
gene 1 2 25 1.88691 0 13 1.88691 1
gene 1 2 26 2.11052 0 14 2.11052 1
gene 1 2 27 -0.554562 0 15 -0.554562 1
gene 1 2 28 -2.96254 0 16 -2.96254 1
gene 1 3 22 4.117 0 18 4.117 1
gene 1 3 23 1.85474 0 19 1.85474 1
gene 1 3 24 -0.313853 0 20 -0.313853 1
gene 1 3 25 1.41082 0 21 1.41082 1
gene 1 3 26 0.0301087 0 22 0.0301087 1
gene 1 3 27 4.52177 0 23 4.52177 1
gene 1 3 28 -1.69296 0 24 -1.69296 1
gene 1 4 22 0.495799 0 26 0.495799 1
gene 1 4 23 2.53742 0 27 2.53742 1
gene 1 4 24 -3.67828 0 28 -3.67828 1
gene 1 4 25 1.27788 0 29 1.27788 1
gene 1 4 26 0.953907 0 30 0.953907 1
gene 1 4 27 -1.66084 0 31 -1.66084 1
gene 1 4 28 -1.80024 0 32 -1.80024 1
gene 1 5 22 -2.99651 0 34 -2.99651 1
gene 1 5 23 -1.27792 0 35 -1.27792 1
gene 1 5 24 0.665477 0 36 0.665477 1
gene 1 5 25 3.26895 0 37 3.26895 1
gene 1 5 26 1.72341 0 38 1.72341 1
gene 1 5 27 -0.0728825 0 39 -0.0728825 1
gene 1 5 28 0.94337 0 40 0.94337 1
gene 1 6 22 0.83391 0 42 0.83391 1
gene 1 6 23 -0.0195459 0 43 -0.0195459 1
gene 1 6 24 -2.08834 0 44 -2.08834 1
gene 1 6 25 2.1165 0 45 2.1165 1
gene 1 6 26 -1.20601 0 46 -1.20601 1
gene 1 6 27 3.34611 0 47 3.34611 1
gene 1 6 28 1.77664 0 48 1.77664 1
gene 1 7 22 3.70764 0 50 3.70764 1
gene 1 7 23 3.45254 0 51 3.45254 1
gene 1 7 24 -2.79685 0 52 -2.79685 1
gene 1 7 26 -0.570731 0 54 -0.570731 1
gene 1 7 27 1.72402 0 55 1.72402 1
gene 1 7 28 -1.84366 0 56 -1.84366 1
gene 1 8 22 -0.46351 0 58 -0.46351 1
gene 1 8 23 -0.383825 0 59 -0.383825 1
gene 1 8 24 -1.64867 0 60 -1.64867 1
gene 1 8 25 -0.533093 0 61 -0.533093 1
gene 1 8 26 -0.59616 0 62 -0.59616 1
gene 1 8 27 0.217859 0 63 0.217859 1
gene 1 8 28 1.48419 0 64 1.48419 1
gene 1 9 22 1.12121 0 66 1.12121 1
gene 1 9 23 -1.11251 0 67 -1.11251 1
gene 1 9 24 -1.77589 0 68 -1.77589 1
gene 1 9 25 -3.44005 0 69 -3.44005 1
gene 1 9 26 -1.47297 0 70 -1.47297 1
gene 1 9 27 -0.0230066 0 71 -0.0230066 1
gene 1 9 28 -0.16586 0 72 -0.16586 1
gene 1 22 10 0.489464 0 84 0.489464 1
gene 1 22 11 -2.24559 0 85 -2.24559 1
gene 1 22 12 2.0861 0 86 2.0861 1
gene 1 22 13 -2.57953 0 87 -2.57953 1
gene 1 22 14 2.66956 0 88 2.66956 1
gene 1 22 15 0.255188 0 89 0.255188 1
gene 1 22 16 1.05162 0 90 1.05162 1
gene 1 22 17 -1.42683 0 91 -1.42683 1
gene 1 22 18 -0.625768 0 92 -0.625768 1
gene 1 22 19 -2.257 0 93 -2.257 1
gene 1 22 20 1.32001 0 94 1.32001 1
gene 1 23 10 1.23315 0 95 1.23315 1
gene 1 23 11 -1.75866 0 96 -1.75866 1
gene 1 23 12 -1.00037 0 97 -1.00037 1
gene 1 23 13 -2.10514 0 98 -2.10514 1
gene 1 23 14 -0.489282 0 99 -0.489282 1
gene 1 23 15 0.602843 0 100 0.602843 1
gene 1 23 16 3.3571 0 101 3.3571 1
gene 1 23 17 3.43653 0 102 3.43653 1
gene 1 23 18 0.735153 0 103 0.735153 1
gene 1 23 20 -0.97467 0 105 -0.97467 1
gene 1 24 10 -2.87862 0 106 -2.87862 1
gene 1 24 11 -2.20332 0 107 -2.20332 1
gene 1 24 12 -5.15665 0 108 -5.15665 1
gene 1 24 13 2.76859 0 109 2.76859 1
gene 1 24 14 -2.62989 0 110 -2.62989 1
gene 1 24 15 2.5875 0 111 2.5875 1
gene 1 24 16 0.26314 0 112 0.26314 1
gene 1 24 17 2.76296 0 113 2.76296 1
gene 1 24 18 1.73092 0 114 1.73092 1
gene 1 24 19 2.05848 0 115 2.05848 1
gene 1 24 20 -4.25506 0 116 -4.25506 1
gene 1 25 10 6.78146 0 117 6.78146 1
gene 1 25 11 1.99705 0 118 1.99705 1
gene 1 25 12 -2.63772 0 119 -2.63772 1
gene 1 25 13 1.63203 0 120 1.63203 1
gene 1 25 14 1.57057 0 121 1.57057 1
gene 1 25 15 0.370983 0 122 0.370983 1
gene 1 25 16 4.13941 0 123 4.13941 1
gene 1 25 17 1.21833 0 124 1.21833 1
gene 1 25 18 4.32071 0 125 4.32071 1
gene 1 25 19 1.17417 0 126 1.17417 1
gene 1 25 20 -0.509638 0 127 -0.509638 1
gene 1 26 10 -3.68272 0 128 -3.68272 1
gene 1 26 12 -6.6983 0 130 -6.6983 1
gene 1 26 13 0.675112 0 131 0.675112 1
gene 1 26 14 0.502704 0 132 0.502704 1
gene 1 26 15 2.68575 0 133 2.68575 1
gene 1 26 16 -0.624545 0 134 -0.624545 1
gene 1 26 17 -0.240602 0 135 -0.240602 1
gene 1 26 18 -0.828307 0 136 -0.828307 1
gene 1 26 19 -6.11517 0 137 -6.11517 1
gene 1 26 20 0.618018 0 138 0.618018 1
gene 1 27 10 -2.07813 0 139 -2.07813 1
gene 1 27 11 0.0381124 0 140 0.0381124 1
gene 1 27 12 1.01168 0 141 1.01168 1
gene 1 27 13 -1.9636 0 142 -1.9636 1
gene 1 27 14 0.656962 0 143 0.656962 1
gene 1 27 15 0.567236 0 144 0.567236 1
gene 1 27 16 -0.616198 0 145 -0.616198 1
gene 1 27 17 0.495358 0 146 0.495358 1
gene 1 27 18 0.633514 0 147 0.633514 1
gene 1 27 19 2.13607 0 148 2.13607 1
gene 1 27 20 0.56535 0 149 0.56535 1
gene 1 28 10 1.22602 0 150 1.22602 1
gene 1 28 11 1.98979 0 151 1.98979 1
gene 1 28 12 -4.7409 0 152 -4.7409 1
gene 1 28 13 0.612699 0 153 0.612699 1
gene 1 28 14 -0.899736 0 154 -0.899736 1
gene 1 28 15 -0.987 0 155 -0.987 1
gene 1 28 16 0.844149 0 156 0.844149 1
gene 1 28 17 0.907594 0 157 0.907594 1
gene 1 28 18 0.00356593 0 158 0.00356593 1
gene 1 28 19 -0.86627 0 159 -0.86627 1
gene 1 28 20 -0.111738 0 160 -0.111738 1
gene 1 6 12 -0.0942131 0 238 -0.0942131 1
gene 1 14 10 -1.71165 0 404 -1.71165 1
gene 1 16 18 0.0558489 0 713 0.0558489 1
genomeend 274
