/* Organism #185 Fitness: 1.006 Error: 0.994 */
genomestart 185
trait 1 0.106557 0.31917 0 0.859835 1 0.745248 0.972029 0.214437 
node 1 1 0
node 2 1 1
node 3 1 1
node 4 1 1
node 5 1 1
node 6 1 1
node 7 1 1
node 8 1 1
node 9 1 1
node 10 1 2
node 11 1 2
node 12 1 2
node 13 1 2
node 14 1 2
node 15 1 2
node 16 1 2
node 17 1 2
node 18 1 2
node 19 1 2
node 20 1 2
node 21 1 3
node 23 1 3
node 24 1 3
node 25 1 3
node 26 1 3
node 27 1 3
node 28 1 3
node 145 1 3
node 181 1 3
gene 1 1 21 -1.00402 0 1 -1.00402 1
gene 1 1 23 3.52014 0 3 3.52014 1
gene 1 1 24 2.14004 0 4 2.14004 1
gene 1 1 25 2.56395 0 5 2.56395 1
gene 1 1 26 -5.24094 0 6 -5.24094 1
gene 1 1 27 2.6801 0 7 2.6801 1
gene 1 1 28 -1.43811 0 8 -1.43811 1
gene 1 2 21 -1.55114 0 9 -1.55114 1
gene 1 2 23 2.18526 0 11 2.18526 1
gene 1 2 24 -1.99053 0 12 -1.99053 1
gene 1 2 25 3.32646 0 13 3.32646 1
gene 1 2 26 5.03472 0 14 5.03472 1
gene 1 2 27 -3.83432 0 15 -3.83432 1
gene 1 2 28 2.59806 0 16 2.59806 1
gene 1 3 21 1.04744 0 17 1.04744 1
gene 1 3 23 2.8446 0 19 2.8446 1
gene 1 3 24 3.72454 0 20 3.72454 1
gene 1 3 25 0.497317 0 21 0.497317 1
gene 1 3 26 2.03068 0 22 2.03068 1
gene 1 3 27 -1.618 0 23 -1.618 1
gene 1 3 28 2.76123 0 24 2.76123 1
gene 1 4 21 -0.80946 0 25 -0.80946 1
gene 1 4 23 1.11251 0 27 1.11251 1
gene 1 4 24 -0.618036 0 28 -0.618036 1
gene 1 4 25 4.46647 0 29 4.46647 1
gene 1 4 26 1.68734 0 30 1.68734 1
gene 1 4 27 -0.897653 0 31 -0.897653 1
gene 1 4 28 5.90546 0 32 5.90546 1
gene 1 5 21 2.56225 0 33 2.56225 1
gene 1 5 23 -0.177642 0 35 -0.177642 1
gene 1 5 24 2.98978 0 36 2.98978 1
gene 1 5 25 -0.393885 0 37 -0.393885 1
gene 1 5 26 -2.77511 0 38 -2.77511 1
gene 1 5 27 -2.96372 0 39 -2.96372 1
gene 1 5 28 5.54476 0 40 5.54476 1
gene 1 6 21 -6.46925 0 41 -6.46925 1
gene 1 6 23 -4.35219 0 43 -4.35219 1
gene 1 6 24 1.57293 0 44 1.57293 1
gene 1 6 25 -3.25493 0 45 -3.25493 1
gene 1 6 26 -2.05614 0 46 -2.05614 1
gene 1 6 27 -0.216785 0 47 -0.216785 1
gene 1 6 28 0.636623 0 48 0.636623 1
gene 1 7 21 -1.83176 0 49 -1.83176 1
gene 1 7 23 1.91598 0 51 1.91598 1
gene 1 7 24 4.69429 0 52 4.69429 1
gene 1 7 25 3.20324 0 53 3.20324 1
gene 1 7 26 -4.84328 0 54 -4.84328 1
gene 1 7 27 2.17873 0 55 2.17873 1
gene 1 7 28 -0.865474 0 56 -0.865474 1
gene 1 8 21 -0.656057 0 57 -0.656057 1
gene 1 8 23 4.82429 0 59 4.82429 1
gene 1 8 24 0.518786 0 60 0.518786 1
gene 1 8 25 -2.21565 0 61 -2.21565 1
gene 1 8 26 -0.88748 0 62 -0.88748 1
gene 1 8 27 -6.12208 0 63 -6.12208 1
gene 1 8 28 -2.1581 0 64 -2.1581 1
gene 1 9 21 5.27381 0 65 5.27381 1
gene 1 9 23 0.124784 0 67 0.124784 1
gene 1 9 24 -2.28606 0 68 -2.28606 1
gene 1 9 25 -0.0750714 0 69 -0.0750714 1
gene 1 9 26 -0.257512 0 70 -0.257512 1
gene 1 9 27 -0.964899 0 71 -0.964899 1
gene 1 9 28 1.96782 0 72 1.96782 1
gene 1 21 11 -2.14355 0 74 -2.14355 1
gene 1 21 12 -3.83916 0 75 -3.83916 1
gene 1 21 13 -1.89991 0 76 -1.89991 1
gene 1 21 14 -5.96999 0 77 -5.96999 1
gene 1 21 15 -2.33088 0 78 -2.33088 1
gene 1 21 16 -1.98468 0 79 -1.98468 1
gene 1 21 18 -2.62923 0 81 -2.62923 1
gene 1 21 19 -1.63768 0 82 -1.63768 1
gene 1 21 20 -0.165818 0 83 -0.165818 1
gene 1 23 10 3.41591 0 95 3.41591 1
gene 1 23 11 -0.244434 0 96 -0.244434 1
gene 1 23 12 1.21154 0 97 1.21154 1
gene 1 23 13 1.63304 0 98 1.63304 1
gene 1 23 14 0.197052 0 99 0.197052 1
gene 1 23 15 -0.0666378 0 100 -0.0666378 1
gene 1 23 16 1.27407 0 101 1.27407 1
gene 1 23 17 1.09034 0 102 1.09034 1
gene 1 23 18 -2.54384 0 103 -2.54384 1
gene 1 23 19 -0.896374 0 104 -0.896374 1
gene 1 23 20 -0.454037 0 105 -0.454037 1
gene 1 24 10 -5.45248 0 106 -5.45248 1
gene 1 24 11 -1.02359 0 107 -1.02359 1
gene 1 24 12 -0.650943 0 108 -0.650943 1
gene 1 24 13 4.63452 0 109 4.63452 1
gene 1 24 14 -1.72019 0 110 -1.72019 1
gene 1 24 15 -1.58024 0 111 -1.58024 1
gene 1 24 16 -6.17434 0 112 -6.17434 1
gene 1 24 17 3.12783 0 113 3.12783 1
gene 1 24 18 3.97651 0 114 3.97651 1
gene 1 24 19 0.860446 0 115 0.860446 1
gene 1 24 20 3.24331 0 116 3.24331 1
gene 1 25 10 -1.13285 0 117 -1.13285 1
gene 1 25 11 3.75722 0 118 3.75722 1
gene 1 25 12 3.03935 0 119 3.03935 1
gene 1 25 13 1.18171 0 120 1.18171 1
gene 1 25 14 1.05449 0 121 1.05449 1
gene 1 25 15 -2.08743 0 122 -2.08743 1
gene 1 25 16 1.96086 0 123 1.96086 1
gene 1 25 18 -0.372304 0 125 -0.372304 1
gene 1 25 19 8 0 126 8 1
gene 1 25 20 5.52623 0 127 5.52623 1
gene 1 26 10 -3.73653 0 128 -3.73653 1
gene 1 26 11 -0.911426 0 129 -0.911426 1
gene 1 26 12 -7.53118 0 130 -7.53118 1
gene 1 26 14 -0.513366 0 132 -0.513366 1
gene 1 26 15 -6.84469 0 133 -6.84469 1
gene 1 26 16 1.60795 0 134 1.60795 1
gene 1 26 17 0.668362 0 135 0.668362 1
gene 1 26 18 -1.99221 0 136 -1.99221 1
gene 1 26 19 -0.213323 0 137 -0.213323 1
gene 1 26 20 -0.178198 0 138 -0.178198 1
gene 1 27 10 -0.0599527 0 139 -0.0599527 1
gene 1 27 11 0.241044 0 140 0.241044 1
gene 1 27 12 -1.93761 0 141 -1.93761 1
gene 1 27 13 -0.318913 0 142 -0.318913 1
gene 1 27 14 -0.368635 0 143 -0.368635 1
gene 1 27 15 0.133933 0 144 0.133933 1
gene 1 27 16 2.84623 0 145 2.84623 1
gene 1 27 17 -0.341805 0 146 -0.341805 1
gene 1 27 18 1.17314 0 147 1.17314 1
gene 1 27 19 0.00638881 0 148 0.00638881 1
gene 1 27 20 -1.62575 0 149 -1.62575 1
gene 1 28 10 1.25597 0 150 1.25597 1
gene 1 28 11 1.2952 0 151 1.2952 1
gene 1 28 12 0.273886 0 152 0.273886 1
gene 1 28 13 0.50922 0 153 0.50922 1
gene 1 28 14 -0.53737 0 154 -0.53737 1
gene 1 28 15 -1.2706 0 155 -1.2706 1
gene 1 28 16 1.70212 0 156 1.70212 1
gene 1 28 17 0.203653 0 157 0.203653 1
gene 1 28 18 -2.14027 0 158 -2.14027 1
gene 1 28 19 1.03955 0 159 1.03955 1
gene 1 28 20 -0.817085 0 160 -0.817085 1
gene 1 4 10 0.113183 0 437 0.113183 1
gene 1 1 20 -0.199919 0 630 -0.199919 1
gene 1 3 19 2.87053 0 765 2.87053 1
gene 1 17 18 2.55746 0 876 2.55746 1
gene 1 24 27 -0.874079 0 988 -0.874079 1
gene 1 11 11 0.847992 1 1987 0.847992 1
gene 1 2 18 0.812419 0 2650 0.812419 1
gene 1 27 21 -0.489775 0 2745 -0.489775 1
gene 1 26 145 -0.49742 0 3408 -0.49742 1
gene 1 145 13 -0.450475 0 3409 -0.450475 1
gene 1 18 18 0.100679 1 3795 0.100679 1
gene 1 1 17 0.308747 0 3905 0.308747 1
gene 1 5 19 -0.216285 0 4089 -0.216285 1
gene 1 8 12 -0.220467 0 4223 -0.220467 1
gene 1 21 181 1 0 4315 0 1
gene 1 181 17 -3.23252 0 4316 0 1
gene 1 26 13 0.799209 0 4546 0.799209 1
genomeend 185
