/* Organism #255 Fitness: 1.007 Error: 0.993 */
genomestart 255
trait 1 0.184556 0.714544 0.128545 0.55722 0.908219 0.11249 0.838669 0 
node 1 1 0
node 2 1 1
node 3 1 1
node 4 1 1
node 5 1 1
node 6 1 1
node 7 1 1
node 8 1 1
node 9 1 1
node 10 1 2
node 11 1 2
node 12 1 2
node 13 1 2
node 14 1 2
node 15 1 2
node 16 1 2
node 17 1 2
node 18 1 2
node 19 1 2
node 20 1 2
node 21 1 3
node 22 1 3
node 23 1 3
node 24 1 3
node 25 1 3
node 27 1 3
node 28 1 3
gene 1 1 21 -2.50285 0 1 -2.50285 1
gene 1 1 22 -0.89572 0 2 -0.89572 1
gene 1 1 23 -3.00948 0 3 -3.00948 1
gene 1 1 24 -0.971708 0 4 -0.971708 1
gene 1 1 25 0.00244742 0 5 0.00244742 1
gene 1 1 27 -1.14963 0 7 -1.14963 1
gene 1 1 28 -2.17342 0 8 -2.17342 1
gene 1 2 21 -0.0365296 0 9 -0.0365296 1
gene 1 2 22 1.11808 0 10 1.11808 1
gene 1 2 23 -0.463398 0 11 -0.463398 1
gene 1 2 24 2.68546 0 12 2.68546 1
gene 1 2 25 2.51693 0 13 2.51693 1
gene 1 2 27 -0.0110885 0 15 -0.0110885 1
gene 1 2 28 1.04623 0 16 1.04623 1
gene 1 3 21 -1.53564 0 17 -1.53564 1
gene 1 3 22 -1.9496 0 18 -1.9496 1
gene 1 3 23 4.87167 0 19 4.87167 1
gene 1 3 24 1.78531 0 20 1.78531 1
gene 1 3 25 -4.33684 0 21 -4.33684 1
gene 1 3 27 0.307034 0 23 0.307034 1
gene 1 3 28 3.33269 0 24 3.33269 1
gene 1 4 21 -0.299833 0 25 -0.299833 1
gene 1 4 22 0.365848 0 26 0.365848 1
gene 1 4 23 1.56919 0 27 1.56919 1
gene 1 4 24 1.87075 0 28 1.87075 1
gene 1 4 25 2.96218 0 29 2.96218 1
gene 1 4 28 -0.484128 0 32 -0.484128 1
gene 1 5 21 1.46578 0 33 1.46578 1
gene 1 5 22 -1.71937 0 34 -1.71937 1
gene 1 5 23 2.16231 0 35 2.16231 1
gene 1 5 24 -0.206315 0 36 -0.206315 1
gene 1 5 25 -3.53088 0 37 -3.53088 1
gene 1 5 27 3.01494 0 39 3.01494 1
gene 1 5 28 -0.104938 0 40 -0.104938 1
gene 1 6 21 2.33874 0 41 2.33874 1
gene 1 6 22 2.50003 0 42 2.50003 1
gene 1 6 23 -0.953203 0 43 -0.953203 1
gene 1 6 24 1.06235 0 44 1.06235 1
gene 1 6 25 -2.93786 0 45 -2.93786 1
gene 1 6 27 0.894911 0 47 0.894911 1
gene 1 6 28 -1.50035 0 48 -1.50035 1
gene 1 7 21 -0.630174 0 49 -0.630174 1
gene 1 7 22 -1.93509 0 50 -1.93509 1
gene 1 7 23 -2.24925 0 51 -2.24925 1
gene 1 7 24 0.659375 0 52 0.659375 1
gene 1 7 25 -2.86115 0 53 -2.86115 1
gene 1 7 28 0.119225 0 56 0.119225 1
gene 1 8 21 -2.35618 0 57 -2.35618 1
gene 1 8 23 -0.795405 0 59 -0.795405 1
gene 1 8 24 -2.38873 0 60 -2.38873 1
gene 1 8 25 1.19902 0 61 1.19902 1
gene 1 8 27 0.832355 0 63 0.832355 1
gene 1 8 28 1.53464 0 64 1.53464 1
gene 1 9 21 0.579367 0 65 0.579367 1
gene 1 9 22 -4.19079 0 66 -4.19079 1
gene 1 9 23 -3.61373 0 67 -3.61373 1
gene 1 9 24 0.0704414 0 68 0.0704414 1
gene 1 9 25 6.80721 0 69 6.80721 1
gene 1 9 27 0.49456 0 71 0.49456 1
gene 1 9 28 -3.15424 0 72 -3.15424 1
gene 1 21 10 1.01231 0 73 1.01231 1
gene 1 21 11 0.832746 0 74 0.832746 1
gene 1 21 12 1.20719 0 75 1.20719 1
gene 1 21 13 3.7186 0 76 3.7186 1
gene 1 21 14 -0.759475 0 77 -0.759475 1
gene 1 21 15 -0.485689 0 78 -0.485689 1
gene 1 21 16 -3.98131 0 79 -3.98131 1
gene 1 21 17 -0.103493 0 80 -0.103493 1
gene 1 21 18 -1.88343 0 81 -1.88343 1
gene 1 21 19 1.93462 0 82 1.93462 1
gene 1 21 20 -1.239 0 83 -1.239 1
gene 1 22 10 -1.4828 0 84 -1.4828 1
gene 1 22 11 -0.603314 0 85 -0.603314 1
gene 1 22 12 -0.452508 0 86 -0.452508 1
gene 1 22 13 2.19355 0 87 2.19355 1
gene 1 22 14 0.696321 0 88 0.696321 1
gene 1 22 15 0.226726 0 89 0.226726 1
gene 1 22 16 0.781738 0 90 0.781738 1
gene 1 22 17 -2.46126 0 91 -2.46126 1
gene 1 22 18 1.69466 0 92 1.69466 1
gene 1 22 19 -2.97738 0 93 -2.97738 1
gene 1 22 20 -1.3779 0 94 -1.3779 1
gene 1 23 10 3.13028 0 95 3.13028 1
gene 1 23 11 1.7937 0 96 1.7937 1
gene 1 23 12 -1.68825 0 97 -1.68825 1
gene 1 23 13 -1.04655 0 98 -1.04655 1
gene 1 23 14 -4.00395 0 99 -4.00395 1
gene 1 23 15 -3.47354 0 100 -3.47354 1
gene 1 23 16 0.952822 0 101 0.952822 1
gene 1 23 17 -3.21679 0 102 -3.21679 1
gene 1 23 18 -6.0567 0 103 -6.0567 1
gene 1 23 19 1.16162 0 104 1.16162 1
gene 1 23 20 -5.87311 0 105 -5.87311 1
gene 1 24 10 4.07039 0 106 4.07039 1
gene 1 24 11 1.79785 0 107 1.79785 1
gene 1 24 12 1.71198 0 108 1.71198 1
gene 1 24 14 -2.65319 0 110 -2.65319 1
gene 1 24 15 0.925354 0 111 0.925354 1
gene 1 24 16 0.294516 0 112 0.294516 1
gene 1 24 17 2.56639 0 113 2.56639 1
gene 1 24 18 -1.54427 0 114 -1.54427 1
gene 1 24 19 2.96028 0 115 2.96028 1
gene 1 24 20 1.11369 0 116 1.11369 1
gene 1 25 10 -0.562436 0 117 -0.562436 1
gene 1 25 11 2.33543 0 118 2.33543 1
gene 1 25 12 2.46434 0 119 2.46434 1
gene 1 25 13 0.117972 0 120 0.117972 1
gene 1 25 14 -0.461055 0 121 -0.461055 1
gene 1 25 15 4.81368 0 122 4.81368 1
gene 1 25 16 -2.42393 0 123 -2.42393 1
gene 1 25 17 1.09417 0 124 1.09417 1
gene 1 25 18 -3.06597 0 125 -3.06597 1
gene 1 25 19 0.766049 0 126 0.766049 1
gene 1 25 20 1.30516 0 127 1.30516 1
gene 1 27 10 4.82918 0 139 4.82918 1
gene 1 27 11 0.940254 0 140 0.940254 1
gene 1 27 12 -1.17647 0 141 -1.17647 1
gene 1 27 13 0.707912 0 142 0.707912 1
gene 1 27 14 -1.32908 0 143 -1.32908 1
gene 1 27 15 0.135309 0 144 0.135309 1
gene 1 27 16 -3.41334 0 145 -3.41334 1
gene 1 27 17 2.17962 0 146 2.17962 1
gene 1 27 18 1.94841 0 147 1.94841 1
gene 1 27 19 0.00362802 0 148 0.00362802 1
gene 1 27 20 -1.20346 0 149 -1.20346 1
gene 1 28 10 -0.0916168 0 150 -0.0916168 1
gene 1 28 11 0.794907 0 151 0.794907 1
gene 1 28 12 -0.754038 0 152 -0.754038 1
gene 1 28 13 1.14459 0 153 1.14459 1
gene 1 28 14 0.572967 0 154 0.572967 1
gene 1 28 15 -0.192737 0 155 -0.192737 1
gene 1 28 17 -2.61439 0 157 -2.61439 1
gene 1 28 18 1.3703 0 158 1.3703 1
gene 1 28 19 -4.57172 0 159 -4.57172 1
gene 1 28 20 0.568869 0 160 0.568869 1
gene 1 12 12 1.18219 1 278 1.18219 1
gene 1 17 14 1.41954 0 405 1.41954 1
gene 1 15 15 -1.94618 1 1510 -1.94618 1
gene 1 13 11 -0.536109 0 2233 -0.536109 1
genomeend 255
