/* Organism #1 Fitness: 1.007 Error: 0.993 */
genomestart 1
trait 1 0.662047 0 0.072501 0.101228 0.611274 0.427696 0.787665 0.0418503 
node 1 1 0
node 2 1 1
node 3 1 1
node 4 1 1
node 5 1 1
node 6 1 1
node 7 1 1
node 8 1 1
node 9 1 1
node 10 1 2
node 11 1 2
node 12 1 2
node 13 1 2
node 14 1 2
node 15 1 2
node 16 1 2
node 17 1 2
node 18 1 2
node 19 1 2
node 20 1 2
node 21 1 3
node 22 1 3
node 25 1 3
node 26 1 3
node 27 1 3
node 28 1 3
node 50 1 3
node 123 1 3
node 205 1 3
gene 1 1 21 0.185138 0 1 0.185138 1
gene 1 1 22 0.916329 0 2 0.916329 1
gene 1 1 25 -0.996933 0 5 -0.996933 1
gene 1 1 26 -3.24925 0 6 -3.24925 1
gene 1 1 27 -0.171226 0 7 -0.171226 1
gene 1 1 28 -1.84591 0 8 -1.84591 1
gene 1 2 21 2.1309 0 9 2.1309 1
gene 1 2 22 -1.54459 0 10 -1.54459 1
gene 1 2 25 0.310709 0 13 0.310709 1
gene 1 2 26 -2.02059 0 14 -2.02059 1
gene 1 2 27 2.85394 0 15 2.85394 1
gene 1 2 28 -4.61227 0 16 -4.61227 1
gene 1 3 21 -4.33218 0 17 -4.33218 1
gene 1 3 25 -0.115273 0 21 -0.115273 1
gene 1 3 26 -1.2432 0 22 -1.2432 1
gene 1 3 27 -0.20879 0 23 -0.20879 1
gene 1 3 28 -1.69502 0 24 -1.69502 1
gene 1 4 22 2.88115 0 26 2.88115 1
gene 1 4 25 -3.3042 0 29 -3.3042 1
gene 1 4 26 1.32497 0 30 1.32497 1
gene 1 4 27 -1.29322 0 31 -1.29322 1
gene 1 4 28 1.73159 0 32 1.73159 1
gene 1 5 21 -0.416896 0 33 -0.416896 1
gene 1 5 22 1.76476 0 34 1.76476 1
gene 1 5 26 7.47128 0 38 7.47128 1
gene 1 5 27 -2.28423 0 39 -2.28423 1
gene 1 5 28 -4.34848 0 40 -4.34848 1
gene 1 6 21 1.32959 0 41 1.32959 1
gene 1 6 22 -4.72836 0 42 -4.72836 1
gene 1 6 25 -0.592005 0 45 -0.592005 1
gene 1 6 26 -0.374834 0 46 -0.374834 1
gene 1 6 27 0.878854 0 47 0.878854 1
gene 1 6 28 0.0550529 0 48 0.0550529 1
gene 1 7 21 -0.00737475 0 49 -0.00737475 1
gene 1 7 22 -1.95906 0 50 -1.95906 1
gene 1 7 25 0.346998 0 53 0.346998 1
gene 1 7 26 2.0607 0 54 2.0607 1
gene 1 7 27 3.57812 0 55 3.57812 1
gene 1 8 21 0.0118487 0 57 0.0118487 1
gene 1 8 22 -0.371764 0 58 -0.371764 1
gene 1 8 25 -4.03659 0 61 -4.03659 1
gene 1 8 26 0.296709 0 62 0.296709 1
gene 1 8 27 1.40962 0 63 1.40962 1
gene 1 8 28 0.719042 0 64 0.719042 1
gene 1 9 21 -5.47016 0 65 -5.47016 1
gene 1 9 22 -4.67201 0 66 -4.67201 1
gene 1 9 25 2.92809 0 69 2.92809 1
gene 1 9 26 0.113116 0 70 0.113116 1
gene 1 9 27 4.22957 0 71 4.22957 1
gene 1 9 28 -0.640922 0 72 -0.640922 1
gene 1 21 10 -1.25021 0 73 -1.25021 1
gene 1 21 12 -2.65376 0 75 -2.65376 1
gene 1 21 13 3.67655 0 76 3.67655 1
gene 1 21 14 0.46665 0 77 0.46665 1
gene 1 21 15 4.73101 0 78 4.73101 1
gene 1 21 17 -0.732392 0 80 -0.732392 1
gene 1 21 18 2.94518 0 81 2.94518 1
gene 1 21 19 1.56992 0 82 1.56992 1
gene 1 21 20 -1.14016 0 83 -1.14016 1
gene 1 22 10 -0.708208 0 84 -0.708208 1
gene 1 22 11 5.4561 0 85 5.4561 1
gene 1 22 12 2.56822 0 86 2.56822 1
gene 1 22 13 0.293314 0 87 0.293314 1
gene 1 22 14 -0.671823 0 88 -0.671823 1
gene 1 22 15 0.69436 0 89 0.69436 1
gene 1 22 16 -1.80622 0 90 -1.80622 1
gene 1 22 18 -0.440419 0 92 -0.440419 1
gene 1 22 19 1.15934 0 93 1.15934 1
gene 1 22 20 1.01836 0 94 1.01836 1
gene 1 25 10 1.28416 0 117 1.28416 1
gene 1 25 11 1.58322 0 118 1.58322 1
gene 1 25 12 1.8321 0 119 1.8321 1
gene 1 25 13 -0.778389 0 120 -0.778389 1
gene 1 25 14 2.23507 0 121 2.23507 1
gene 1 25 15 5.70578 0 122 5.70578 1
gene 1 25 16 -5.58442 0 123 -5.58442 1
gene 1 25 17 3.91108 0 124 3.91108 1
gene 1 25 18 0.597877 0 125 0.597877 1
gene 1 25 19 1.37356 0 126 1.37356 1
gene 1 25 20 0.217477 0 127 0.217477 1
gene 1 26 10 5.04876 0 128 5.04876 1
gene 1 26 11 1.99786 0 129 1.99786 1
gene 1 26 12 0.43478 0 130 0.43478 1
gene 1 26 13 0.868268 0 131 0.868268 1
gene 1 26 14 3.42473 0 132 3.42473 1
gene 1 26 15 0.425808 0 133 0.425808 1
gene 1 26 16 0.634917 0 134 0.634917 1
gene 1 26 17 -1.58499 0 135 -1.58499 1
gene 1 26 18 -0.0578306 0 136 -0.0578306 1
gene 1 26 20 -4.45788 0 138 -4.45788 1
gene 1 27 10 1.25552 0 139 1.25552 1
gene 1 27 11 -0.19933 0 140 -0.19933 1
gene 1 27 12 1.32939 0 141 1.32939 1
gene 1 27 13 0.0848915 0 142 0.0848915 1
gene 1 27 14 0.381124 0 143 0.381124 1
gene 1 27 15 0.206554 0 144 0.206554 1
gene 1 27 16 4.81591 0 145 4.81591 1
gene 1 27 17 -0.849767 0 146 -0.849767 1
gene 1 27 18 0.681499 0 147 0.681499 1
gene 1 27 19 0.117042 0 148 0.117042 1
gene 1 27 20 2.58788 0 149 2.58788 1
gene 1 28 10 2.63815 0 150 2.63815 1
gene 1 28 11 6.95624 0 151 6.95624 1
gene 1 28 12 -1.73911 0 152 -1.73911 1
gene 1 28 13 1.39996 0 153 1.39996 1
gene 1 28 14 -0.333102 0 154 -0.333102 1
gene 1 28 15 0.866528 0 155 0.866528 1
gene 1 28 16 0.487766 0 156 0.487766 1
gene 1 28 18 -1.25228 0 158 -1.25228 1
gene 1 28 19 1.20298 0 159 1.20298 1
gene 1 28 20 1.98739 0 160 1.98739 1
gene 1 16 15 -1.20294 0 775 -1.20294 1
gene 1 26 50 -1.70383 0 968 -1.70383 1
gene 1 50 19 0.0317006 0 969 0.0317006 1
gene 1 3 50 1.67919 0 1260 1.67919 1
gene 1 7 19 -2.37056 0 1370 -2.37056 1
gene 1 27 26 -0.564309 0 1486 -0.564309 1
gene 1 8 50 -1.86099 0 1609 -1.86099 1
gene 1 21 25 -2.7674 0 1680 -2.7674 1
gene 1 50 16 -0.0542463 0 2212 -0.0542463 1
gene 1 4 123 3.42513 0 2767 3.42513 1
gene 1 123 21 -1.60582 0 2768 -1.60582 1
gene 1 8 13 3.17394 0 3091 3.17394 1
gene 1 22 22 0.661112 1 3193 0.661112 1
gene 1 20 19 1.80909 0 3292 1.80909 1
gene 1 123 12 0.0894892 0 4307 0.0894892 1
gene 1 123 22 0.981899 0 4406 0.981899 1
gene 1 50 12 0.96637 0 4714 0.96637 1
gene 1 9 14 0.327577 0 4819 0.327577 1
gene 1 2 16 -0.36371 0 4876 -0.36371 1
gene 1 8 123 -0.687742 0 4999 -0.687742 1
gene 1 5 205 1 0 5047 0 1
gene 1 205 25 4.48155 0 5048 0 1
genomeend 1
