/* Organism #165 Fitness: 1.003 Error: 0.997 */
genomestart 165
trait 1 0.149081 0.0920427 0.128545 0.107977 0.15809 0.227115 0.795648 0 
node 1 1 0
node 2 1 1
node 3 1 1
node 4 1 1
node 5 1 1
node 6 1 1
node 7 1 1
node 8 1 1
node 9 1 1
node 10 1 2
node 11 1 2
node 12 1 2
node 13 1 2
node 14 1 2
node 15 1 2
node 16 1 2
node 17 1 2
node 18 1 2
node 19 1 2
node 20 1 2
node 21 1 3
node 22 1 3
node 23 1 3
node 24 1 3
node 25 1 3
node 27 1 3
node 28 1 3
gene 1 1 21 -3.29252 0 1 -3.29252 1
gene 1 1 22 0.934118 0 2 0.934118 1
gene 1 1 23 -0.471888 0 3 -0.471888 1
gene 1 1 24 -0.0319049 0 4 -0.0319049 1
gene 1 1 25 3.28452 0 5 3.28452 1
gene 1 1 27 1.39672 0 7 1.39672 1
gene 1 1 28 0.549096 0 8 0.549096 1
gene 1 2 21 3.70228 0 9 3.70228 1
gene 1 2 22 -2.16585 0 10 -2.16585 1
gene 1 2 23 -0.205417 0 11 -0.205417 1
gene 1 2 24 1.177 0 12 1.177 1
gene 1 2 25 -2.61044 0 13 -2.61044 1
gene 1 2 27 1.78358 0 15 1.78358 1
gene 1 2 28 0.843008 0 16 0.843008 1
gene 1 3 21 0.330165 0 17 0.330165 1
gene 1 3 22 -1.88663 0 18 -1.88663 1
gene 1 3 23 0.774453 0 19 0.774453 1
gene 1 3 24 1.98012 0 20 1.98012 1
gene 1 3 25 1.27475 0 21 1.27475 1
gene 1 3 27 0.902809 0 23 0.902809 1
gene 1 3 28 -0.322959 0 24 -0.322959 1
gene 1 4 21 -1.75945 0 25 -1.75945 1
gene 1 4 22 1.17808 0 26 1.17808 1
gene 1 4 23 -1.89231 0 27 -1.89231 1
gene 1 4 24 -0.249709 0 28 -0.249709 1
gene 1 4 25 -0.24811 0 29 -0.24811 1
gene 1 4 27 -2.81332 0 31 -2.81332 1
gene 1 4 28 1.80256 0 32 1.80256 1
gene 1 5 21 0.836972 0 33 0.836972 1
gene 1 5 22 3.47517 0 34 3.47517 1
gene 1 5 23 -1.78224 0 35 -1.78224 1
gene 1 5 24 -0.150807 0 36 -0.150807 1
gene 1 5 25 -0.61877 0 37 -0.61877 1
gene 1 5 27 0.04026 0 39 0.04026 1
gene 1 5 28 3.71308 0 40 3.71308 1
gene 1 6 21 -0.0338721 0 41 -0.0338721 1
gene 1 6 22 3.01184 0 42 3.01184 1
gene 1 6 23 0.81946 0 43 0.81946 1
gene 1 6 24 2.39341 0 44 2.39341 1
gene 1 6 25 -0.038561 0 45 -0.038561 1
gene 1 6 27 1.18005 0 47 1.18005 1
gene 1 6 28 -0.581443 0 48 -0.581443 1
gene 1 7 21 1.22478 0 49 1.22478 1
gene 1 7 22 0.518293 0 50 0.518293 1
gene 1 7 23 0.144665 0 51 0.144665 1
gene 1 7 24 0.389174 0 52 0.389174 1
gene 1 7 25 3.07196 0 53 3.07196 1
gene 1 7 27 -1.47421 0 55 -1.47421 1
gene 1 7 28 0.187236 0 56 0.187236 1
gene 1 8 21 1.77496 0 57 1.77496 1
gene 1 8 22 0.539925 0 58 0.539925 1
gene 1 8 23 2.47262 0 59 2.47262 1
gene 1 8 24 -0.284386 0 60 -0.284386 1
gene 1 8 25 0.559277 0 61 0.559277 1
gene 1 8 27 0.443323 0 63 0.443323 1
gene 1 8 28 -0.847386 0 64 -0.847386 1
gene 1 9 21 -2.07169 0 65 -2.07169 1
gene 1 9 22 1.62314 0 66 1.62314 1
gene 1 9 23 -0.0416273 0 67 -0.0416273 1
gene 1 9 24 1.02921 0 68 1.02921 1
gene 1 9 25 0.543103 0 69 0.543103 1
gene 1 9 27 1.75649 0 71 1.75649 1
gene 1 9 28 -0.656205 0 72 -0.656205 1
gene 1 21 10 0.739718 0 73 0.739718 1
gene 1 21 11 0.915957 0 74 0.915957 1
gene 1 21 12 -1.68736 0 75 -1.68736 1
gene 1 21 13 -1.70511 0 76 -1.70511 1
gene 1 21 14 -1.02072 0 77 -1.02072 1
gene 1 21 15 1.87831 0 78 1.87831 1
gene 1 21 16 -1.532 0 79 -1.532 1
gene 1 21 17 3.43064 0 80 3.43064 1
gene 1 21 18 -3.92103 0 81 -3.92103 1
gene 1 21 19 0.105688 0 82 0.105688 1
gene 1 21 20 0.26623 0 83 0.26623 1
gene 1 22 10 0.0349005 0 84 0.0349005 1
gene 1 22 11 2.13587 0 85 2.13587 1
gene 1 22 12 1.36696 0 86 1.36696 1
gene 1 22 13 2.14416 0 87 2.14416 1
gene 1 22 14 2.04527 0 88 2.04527 1
gene 1 22 15 0.765692 0 89 0.765692 1
gene 1 22 16 -2.44783 0 90 -2.44783 1
gene 1 22 17 3.50115 0 91 3.50115 1
gene 1 22 18 -3.305 0 92 -3.305 1
gene 1 22 19 -1.53357 0 93 -1.53357 1
gene 1 22 20 2.1598 0 94 2.1598 1
gene 1 23 10 1.23695 0 95 1.23695 1
gene 1 23 11 1.45657 0 96 1.45657 1
gene 1 23 12 -0.748403 0 97 -0.748403 1
gene 1 23 13 -2.04248 0 98 -2.04248 1
gene 1 23 14 0.598241 0 99 0.598241 1
gene 1 23 15 -1.35116 0 100 -1.35116 1
gene 1 23 16 -1.54654 0 101 -1.54654 1
gene 1 23 17 0.69837 0 102 0.69837 1
gene 1 23 18 -1.396 0 103 -1.396 1
gene 1 23 19 1.04876 0 104 1.04876 1
gene 1 23 20 2.46613 0 105 2.46613 1
gene 1 24 10 -1.87348 0 106 -1.87348 1
gene 1 24 11 0.812968 0 107 0.812968 1
gene 1 24 12 1.09838 0 108 1.09838 1
gene 1 24 13 -1.96737 0 109 -1.96737 1
gene 1 24 14 0.133661 0 110 0.133661 1
gene 1 24 15 -0.864958 0 111 -0.864958 1
gene 1 24 16 5.24073 0 112 5.24073 1
gene 1 24 17 0.104175 0 113 0.104175 1
gene 1 24 18 -0.998092 0 114 -0.998092 1
gene 1 24 19 -1.96432 0 115 -1.96432 1
gene 1 24 20 0.903088 0 116 0.903088 1
gene 1 25 10 -0.418696 0 117 -0.418696 1
gene 1 25 11 -0.957192 0 118 -0.957192 1
gene 1 25 12 2.00086 0 119 2.00086 1
gene 1 25 13 -1.54973 0 120 -1.54973 1
gene 1 25 14 -0.879036 0 121 -0.879036 1
gene 1 25 15 1.38933 0 122 1.38933 1
gene 1 25 16 1.47728 0 123 1.47728 1
gene 1 25 17 1.59655 0 124 1.59655 1
gene 1 25 18 -1.64251 0 125 -1.64251 1
gene 1 25 19 -1.00272 0 126 -1.00272 1
gene 1 25 20 -0.242402 0 127 -0.242402 1
gene 1 27 10 2.3489 0 139 2.3489 1
gene 1 27 11 -2.68563 0 140 -2.68563 1
gene 1 27 12 1.75973 0 141 1.75973 1
gene 1 27 13 -0.662445 0 142 -0.662445 1
gene 1 27 14 0.423109 0 143 0.423109 1
gene 1 27 15 -3.50492 0 144 -3.50492 1
gene 1 27 16 0.475885 0 145 0.475885 1
gene 1 27 17 3.33514 0 146 3.33514 1
gene 1 27 18 0.020947 0 147 0.020947 1
gene 1 27 19 0.54002 0 148 0.54002 1
gene 1 27 20 -1.6044 0 149 -1.6044 1
gene 1 28 10 4.53725 0 150 4.53725 1
gene 1 28 11 0.0772567 0 151 0.0772567 1
gene 1 28 12 -1.62001 0 152 -1.62001 1
gene 1 28 13 1.47194 0 153 1.47194 1
gene 1 28 14 -1.27462 0 154 -1.27462 1
gene 1 28 15 -0.809361 0 155 -0.809361 1
gene 1 28 16 1.53156 0 156 1.53156 1
gene 1 28 17 1.43242 0 157 1.43242 1
gene 1 28 18 0.511962 0 158 0.511962 1
gene 1 28 19 0.234911 0 159 0.234911 1
gene 1 28 20 3.84307 0 160 3.84307 1
gene 1 11 17 0.832098 0 163 0.832098 1
gene 1 27 24 -1.60725 0 339 -1.60725 1
gene 1 27 28 1.43724 0 577 1.43724 1
gene 1 5 20 0.220493 0 678 0.220493 1
gene 1 21 23 2.66169 0 810 2.66169 1
gene 1 6 17 1.77952 0 1225 1.77952 1
genomeend 165
