/* Organism #2 Fitness: 1.01 Error: 0.99 */
genomestart 2
trait 1 0.210903 0.96846 0.0755599 0.758559 0.358786 0.37264 0.593222 0.659007 
node 1 1 0
node 2 1 1
node 3 1 1
node 4 1 1
node 5 1 1
node 6 1 1
node 7 1 1
node 8 1 1
node 9 1 1
node 10 1 2
node 11 1 2
node 12 1 2
node 13 1 2
node 14 1 2
node 15 1 2
node 16 1 2
node 17 1 2
node 18 1 2
node 19 1 2
node 20 1 2
node 21 1 3
node 23 1 3
node 25 1 3
node 26 1 3
node 27 1 3
node 229 1 3
gene 1 1 23 0.529507 0 3 0.529507 1
gene 1 1 25 1.17212 0 5 1.17212 1
gene 1 1 26 -2.00355 0 6 -2.00355 1
gene 1 1 27 -0.534267 0 7 -0.534267 1
gene 1 2 21 1.19361 0 9 1.19361 1
gene 1 2 23 1.26487 0 11 1.26487 1
gene 1 2 25 -2.58887 0 13 -2.58887 1
gene 1 2 26 0.194377 0 14 0.194377 1
gene 1 2 27 0.522396 0 15 0.522396 1
gene 1 3 21 -4.19732 0 17 -4.19732 1
gene 1 3 25 -2.31453 0 21 -2.31453 1
gene 1 3 26 -1.59882 0 22 -1.59882 1
gene 1 3 27 -0.335141 0 23 -0.335141 1
gene 1 4 21 0.405248 0 25 0.405248 1
gene 1 4 23 -1.65144 0 27 -1.65144 1
gene 1 4 25 0.836677 0 29 0.836677 1
gene 1 4 27 -2.30954 0 31 -2.30954 1
gene 1 5 21 -3.05542 0 33 -3.05542 1
gene 1 5 23 0.483405 0 35 0.483405 1
gene 1 5 26 0.0155393 0 38 0.0155393 1
gene 1 5 27 5.35971 0 39 5.35971 1
gene 1 6 21 0.748311 0 41 0.748311 1
gene 1 6 25 3.28937 0 45 3.28937 1
gene 1 6 26 0.720923 0 46 0.720923 1
gene 1 7 21 -1.79348 0 49 -1.79348 1
gene 1 7 23 1.05436 0 51 1.05436 1
gene 1 7 25 0.701952 0 53 0.701952 1
gene 1 7 26 1.22807 0 54 1.22807 1
gene 1 7 27 -0.151812 0 55 -0.151812 1
gene 1 8 21 2.52164 0 57 2.52164 1
gene 1 8 23 5.51686 0 59 5.51686 1
gene 1 8 25 1.22677 0 61 1.22677 1
gene 1 8 26 -1.65104 0 62 -1.65104 1
gene 1 8 27 -0.741589 0 63 -0.741589 1
gene 1 9 21 -0.580152 0 65 -0.580152 1
gene 1 9 23 3.26257 0 67 3.26257 1
gene 1 9 25 -0.54581 0 69 -0.54581 1
gene 1 9 26 -1.08452 0 70 -1.08452 1
gene 1 9 27 0.0398306 0 71 0.0398306 1
gene 1 21 10 0.0834148 0 73 0.0834148 1
gene 1 21 11 -3.60568 0 74 -3.60568 1
gene 1 21 12 2.18604 0 75 2.18604 1
gene 1 21 13 1.92624 0 76 1.92624 1
gene 1 21 14 -1.68511 0 77 -1.68511 1
gene 1 21 15 -1.27286 0 78 -1.27286 1
gene 1 21 16 -1.51367 0 79 -1.51367 1
gene 1 21 17 -0.380264 0 80 -0.380264 1
gene 1 21 18 -0.28223 0 81 -0.28223 1
gene 1 21 19 1.47002 0 82 1.47002 1
gene 1 21 20 1.75871 0 83 1.75871 1
gene 1 23 12 4.55094 0 97 4.55094 1
gene 1 23 14 -0.735551 0 99 -0.735551 1
gene 1 23 15 -1.97489 0 100 -1.97489 1
gene 1 23 16 0.0853035 0 101 0.0853035 1
gene 1 23 17 1.48651 0 102 1.48651 1
gene 1 23 18 1.27708 0 103 1.27708 1
gene 1 23 19 0.427679 0 104 0.427679 1
gene 1 23 20 -2.75959 0 105 -2.75959 1
gene 1 25 10 -0.318344 0 117 -0.318344 1
gene 1 25 11 -1.09218 0 118 -1.09218 1
gene 1 25 12 4.71053 0 119 4.71053 1
gene 1 25 13 0.0897633 0 120 0.0897633 1
gene 1 25 14 1.40733 0 121 1.40733 1
gene 1 25 15 -0.541588 0 122 -0.541588 1
gene 1 25 16 -4.92182 0 123 -4.92182 1
gene 1 25 17 0.421654 0 124 0.421654 1
gene 1 25 18 -0.51645 0 125 -0.51645 1
gene 1 25 19 0.537536 0 126 0.537536 1
gene 1 26 11 -2.10133 0 129 -2.10133 1
gene 1 26 12 0.00645889 0 130 0.00645889 1
gene 1 26 13 2.33459 0 131 2.33459 1
gene 1 26 14 -3.52379 0 132 -3.52379 1
gene 1 26 15 -0.0958197 0 133 -0.0958197 1
gene 1 26 16 -2.76834 0 134 -2.76834 1
gene 1 26 18 3.21121 0 136 3.21121 1
gene 1 26 20 0.910953 0 138 0.910953 1
gene 1 27 10 4.32578 0 139 4.32578 1
gene 1 27 11 -0.406318 0 140 -0.406318 1
gene 1 27 12 0.169882 0 141 0.169882 1
gene 1 27 13 -0.77562 0 142 -0.77562 1
gene 1 27 14 -0.4257 0 143 -0.4257 1
gene 1 27 15 -2.99496 0 144 -2.99496 1
gene 1 27 16 4.03768 0 145 4.03768 1
gene 1 27 17 -3.30183 0 146 -3.30183 1
gene 1 27 18 1.8552 0 147 1.8552 1
gene 1 27 19 1.45738 0 148 1.45738 1
gene 1 27 20 0.429915 0 149 0.429915 1
gene 1 13 20 2.76043 0 987 2.76043 1
gene 1 4 12 -1.11801 0 1181 -1.11801 1
gene 1 14 14 -0.650544 1 1303 -0.650544 1
gene 1 6 14 -0.744887 0 1670 -0.744887 1
gene 1 13 17 -0.213976 0 2075 -0.213976 1
gene 1 8 10 -1.04089 0 2296 -1.04089 1
gene 1 8 17 -1.31406 0 2463 -1.31406 1
gene 1 14 18 0.87661 0 2717 0.87661 1
gene 1 7 10 -0.20783 0 2891 -0.20783 1
gene 1 4 16 0.630796 0 3195 0.630796 1
gene 1 18 19 0.0161176 0 3765 0.0161176 1
gene 1 12 12 1.42798 1 4919 1.42798 1
gene 1 17 13 -1.83776 1 5040 -1.83776 1
gene 1 11 19 1.10622 0 5110 1.10622 1
gene 1 4 14 1.78432 0 5266 1.78432 1
gene 1 26 229 1 0 5586 0 1
gene 1 229 17 -0.913628 0 5587 0 1
gene 1 2 14 -0.774131 0 6015 -0.774131 1
gene 1 20 229 0.671866 0 6119 0.671866 1
genomeend 2
