/* Organism #343 Fitness: 1.004 Error: 0.996 */
genomestart 343
trait 1 0.202263 0.104011 0.128545 0.383171 0.909218 0 0.689098 0 
node 1 1 0
node 2 1 1
node 3 1 1
node 4 1 1
node 5 1 1
node 6 1 1
node 7 1 1
node 8 1 1
node 9 1 1
node 10 1 2
node 11 1 2
node 12 1 2
node 13 1 2
node 14 1 2
node 15 1 2
node 16 1 2
node 17 1 2
node 18 1 2
node 19 1 2
node 20 1 2
node 22 1 3
node 23 1 3
node 24 1 3
node 25 1 3
node 27 1 3
node 28 1 3
gene 1 1 22 -3.22174 0 2 -3.22174 1
gene 1 1 23 2.38565 0 3 2.38565 1
gene 1 1 24 2.01267 0 4 2.01267 1
gene 1 1 25 0.048045 0 5 0.048045 1
gene 1 1 27 2.72184 0 7 2.72184 1
gene 1 1 28 2.89105 0 8 2.89105 1
gene 1 2 22 0.700768 0 10 0.700768 1
gene 1 2 23 -0.82504 0 11 -0.82504 1
gene 1 2 24 2.65026 0 12 2.65026 1
gene 1 2 25 -4.74875 0 13 -4.74875 1
gene 1 2 27 -2.19624 0 15 -2.19624 1
gene 1 2 28 1.89056 0 16 1.89056 1
gene 1 3 22 3.53912 0 18 3.53912 1
gene 1 3 23 0.913107 0 19 0.913107 1
gene 1 3 24 -1.29193 0 20 -1.29193 1
gene 1 3 25 -2.84087 0 21 -2.84087 1
gene 1 3 27 0.280412 0 23 0.280412 1
gene 1 3 28 -2.3332 0 24 -2.3332 1
gene 1 4 22 -1.10954 0 26 -1.10954 1
gene 1 4 23 -0.644998 0 27 -0.644998 1
gene 1 4 24 0.684031 0 28 0.684031 1
gene 1 4 25 2.03521 0 29 2.03521 1
gene 1 4 27 1.47432 0 31 1.47432 1
gene 1 4 28 2.82921 0 32 2.82921 1
gene 1 5 22 -2.20475 0 34 -2.20475 1
gene 1 5 23 1.57829 0 35 1.57829 1
gene 1 5 25 -3.59992 0 37 -3.59992 1
gene 1 5 27 6.93002 0 39 6.93002 1
gene 1 5 28 1.02481 0 40 1.02481 1
gene 1 6 22 2.66657 0 42 2.66657 1
gene 1 6 23 1.72533 0 43 1.72533 1
gene 1 6 24 0.785381 0 44 0.785381 1
gene 1 6 25 0.928904 0 45 0.928904 1
gene 1 6 27 2.33008 0 47 2.33008 1
gene 1 6 28 -1.66484 0 48 -1.66484 1
gene 1 7 22 -1.11679 0 50 -1.11679 1
gene 1 7 23 7.11308 0 51 7.11308 1
gene 1 7 24 -0.924106 0 52 -0.924106 1
gene 1 7 25 0.981313 0 53 0.981313 1
gene 1 7 27 4.43857 0 55 4.43857 1
gene 1 7 28 2.36103 0 56 2.36103 1
gene 1 8 22 -0.376803 0 58 -0.376803 1
gene 1 8 23 1.02557 0 59 1.02557 1
gene 1 8 24 2.33911 0 60 2.33911 1
gene 1 8 25 -1.28704 0 61 -1.28704 1
gene 1 8 27 0.390619 0 63 0.390619 1
gene 1 8 28 -1.37374 0 64 -1.37374 1
gene 1 9 22 -1.45016 0 66 -1.45016 1
gene 1 9 23 2.969 0 67 2.969 1
gene 1 9 24 -3.02834 0 68 -3.02834 1
gene 1 9 25 0.990438 0 69 0.990438 1
gene 1 9 27 0.832174 0 71 0.832174 1
gene 1 9 28 0.910276 0 72 0.910276 1
gene 1 22 10 5.40929 0 84 5.40929 1
gene 1 22 11 2.91862 0 85 2.91862 1
gene 1 22 12 -1.08322 0 86 -1.08322 1
gene 1 22 13 5.156 0 87 5.156 1
gene 1 22 14 -1.30286 0 88 -1.30286 1
gene 1 22 15 -2.13186 0 89 -2.13186 1
gene 1 22 16 -4.42256 0 90 -4.42256 1
gene 1 22 17 -0.730106 0 91 -0.730106 1
gene 1 22 18 -0.544509 0 92 -0.544509 1
gene 1 22 19 1.85858 0 93 1.85858 1
gene 1 22 20 -0.634366 0 94 -0.634366 1
gene 1 23 10 2.39783 0 95 2.39783 1
gene 1 23 11 -2.9879 0 96 -2.9879 1
gene 1 23 12 0.255518 0 97 0.255518 1
gene 1 23 13 -4.12351 0 98 -4.12351 1
gene 1 23 14 2.07966 0 99 2.07966 1
gene 1 23 15 0.255429 0 100 0.255429 1
gene 1 23 16 0.130075 0 101 0.130075 1
gene 1 23 17 3.89829 0 102 3.89829 1
gene 1 23 18 -3.82979 0 103 -3.82979 1
gene 1 23 19 -1.32149 0 104 -1.32149 1
gene 1 23 20 3.49805 0 105 3.49805 1
gene 1 24 10 -2.09937 0 106 -2.09937 1
gene 1 24 11 0.566563 0 107 0.566563 1
gene 1 24 12 3.6689 0 108 3.6689 1
gene 1 24 14 3.84809 0 110 3.84809 1
gene 1 24 15 0.0221004 0 111 0.0221004 1
gene 1 24 16 -1.10017 0 112 -1.10017 1
gene 1 24 17 0.535746 0 113 0.535746 1
gene 1 24 18 -1.47085 0 114 -1.47085 1
gene 1 24 19 0.211539 0 115 0.211539 1
gene 1 24 20 1.13521 0 116 1.13521 1
gene 1 25 10 -3.79445 0 117 -3.79445 1
gene 1 25 11 -0.281536 0 118 -0.281536 1
gene 1 25 12 -3.02838 0 119 -3.02838 1
gene 1 25 13 2.86688 0 120 2.86688 1
gene 1 25 14 -5.333 0 121 -5.333 1
gene 1 25 15 -3.01398 0 122 -3.01398 1
gene 1 25 16 -3.09315 0 123 -3.09315 1
gene 1 25 17 2.83392 0 124 2.83392 1
gene 1 25 18 -1.13531 0 125 -1.13531 1
gene 1 25 19 0.0890147 0 126 0.0890147 1
gene 1 25 20 -1.74731 0 127 -1.74731 1
gene 1 27 10 2.4156 0 139 2.4156 1
gene 1 27 11 -0.0657059 0 140 -0.0657059 1
gene 1 27 12 0.917306 0 141 0.917306 1
gene 1 27 13 4.02968 0 142 4.02968 1
gene 1 27 14 1.76112 0 143 1.76112 1
gene 1 27 15 2.52663 0 144 2.52663 1
gene 1 27 16 -1.75222 0 145 -1.75222 1
gene 1 27 17 -1.836 0 146 -1.836 1
gene 1 27 18 -0.297833 0 147 -0.297833 1
gene 1 27 19 0.489332 0 148 0.489332 1
gene 1 27 20 1.19289 0 149 1.19289 1
gene 1 28 10 -0.154186 0 150 -0.154186 1
gene 1 28 11 0.466907 0 151 0.466907 1
gene 1 28 12 1.00701 0 152 1.00701 1
gene 1 28 13 0.167437 0 153 0.167437 1
gene 1 28 14 -0.452255 0 154 -0.452255 1
gene 1 28 15 -0.954685 0 155 -0.954685 1
gene 1 28 16 1.27965 0 156 1.27965 1
gene 1 28 17 -0.413301 0 157 -0.413301 1
gene 1 28 18 0.155953 0 158 0.155953 1
gene 1 28 19 3.46114 0 159 3.46114 1
gene 1 28 20 0.0132294 0 160 0.0132294 1
gene 1 3 11 -1.6938 0 504 -1.6938 1
gene 1 5 19 1.36587 0 606 1.36587 1
gene 1 20 15 -0.125096 0 722 -0.125096 1
gene 1 24 22 2.76154 0 1236 2.76154 1
gene 1 15 12 0.994417 0 1844 0.994417 1
gene 1 11 14 0.738382 0 2000 0.738382 1
gene 1 15 15 0.222932 1 2125 0.222932 1
genomeend 343
