/* Organism #369 Fitness: 1.006 Error: 0.994 */
genomestart 369
trait 1 0.149081 0.0747968 0.128545 0.107977 0.908219 0.227115 0.795648 0 
node 1 1 0
node 2 1 1
node 3 1 1
node 4 1 1
node 5 1 1
node 6 1 1
node 7 1 1
node 8 1 1
node 9 1 1
node 10 1 2
node 11 1 2
node 12 1 2
node 13 1 2
node 14 1 2
node 15 1 2
node 16 1 2
node 17 1 2
node 18 1 2
node 19 1 2
node 20 1 2
node 21 1 3
node 23 1 3
node 25 1 3
node 27 1 3
node 28 1 3
node 89 1 3
gene 1 1 21 -3.44682 0 1 -3.44682 1
gene 1 1 23 -0.485951 0 3 -0.485951 1
gene 1 1 25 3.14441 0 5 3.14441 1
gene 1 1 27 1.483 0 7 1.483 1
gene 1 1 28 0.2 0 8 0.2 1
gene 1 2 21 1.73802 0 9 1.73802 1
gene 1 2 23 -0.0885666 0 11 -0.0885666 1
gene 1 2 25 -1.83577 0 13 -1.83577 1
gene 1 2 27 2.07243 0 15 2.07243 1
gene 1 2 28 0.663797 0 16 0.663797 1
gene 1 3 21 0.694231 0 17 0.694231 1
gene 1 3 23 -0.0225621 0 19 -0.0225621 1
gene 1 3 25 1.30581 0 21 1.30581 1
gene 1 3 27 0.277702 0 23 0.277702 1
gene 1 3 28 -0.581165 0 24 -0.581165 1
gene 1 4 21 -1.84268 0 25 -1.84268 1
gene 1 4 23 -2.0387 0 27 -2.0387 1
gene 1 4 25 -0.224426 0 29 -0.224426 1
gene 1 4 27 -2.85765 0 31 -2.85765 1
gene 1 4 28 1.12089 0 32 1.12089 1
gene 1 5 21 0.177702 0 33 0.177702 1
gene 1 5 25 -1.00546 0 37 -1.00546 1
gene 1 5 27 0.416059 0 39 0.416059 1
gene 1 5 28 3.71308 0 40 3.71308 1
gene 1 6 21 -0.169243 0 41 -0.169243 1
gene 1 6 25 0.341886 0 45 0.341886 1
gene 1 6 27 1.34181 0 47 1.34181 1
gene 1 6 28 -1.30345 0 48 -1.30345 1
gene 1 7 21 1.01491 0 49 1.01491 1
gene 1 7 23 0.168828 0 51 0.168828 1
gene 1 7 25 1.89025 0 53 1.89025 1
gene 1 7 27 -1.12586 0 55 -1.12586 1
gene 1 7 28 -0.306051 0 56 -0.306051 1
gene 1 8 21 1.53331 0 57 1.53331 1
gene 1 8 23 1.83723 0 59 1.83723 1
gene 1 8 25 1.01167 0 61 1.01167 1
gene 1 8 27 0.0329128 0 63 0.0329128 1
gene 1 8 28 -0.232504 0 64 -0.232504 1
gene 1 9 21 -1.77123 0 65 -1.77123 1
gene 1 9 23 -0.306049 0 67 -0.306049 1
gene 1 9 25 0.123202 0 69 0.123202 1
gene 1 9 27 0.99371 0 71 0.99371 1
gene 1 9 28 -1.09892 0 72 -1.09892 1
gene 1 21 10 0.412414 0 73 0.412414 1
gene 1 21 11 1.03492 0 74 1.03492 1
gene 1 21 12 -0.433492 0 75 -0.433492 1
gene 1 21 13 -0.794648 0 76 -0.794648 1
gene 1 21 14 -1.02879 0 77 -1.02879 1
gene 1 21 15 1.77143 0 78 1.77143 1
gene 1 21 16 -1.7786 0 79 -1.7786 1
gene 1 21 17 3.76753 0 80 3.76753 1
gene 1 21 18 -3.92037 0 81 -3.92037 1
gene 1 21 19 1.03493 0 82 1.03493 1
gene 1 21 20 0.303767 0 83 0.303767 1
gene 1 23 10 1.51136 0 95 1.51136 1
gene 1 23 11 1.95722 0 96 1.95722 1
gene 1 23 12 -1.36661 0 97 -1.36661 1
gene 1 23 13 -0.750606 0 98 -0.750606 1
gene 1 23 14 0.178569 0 99 0.178569 1
gene 1 23 15 -2.00136 0 100 -2.00136 1
gene 1 23 16 -0.237061 0 101 -0.237061 1
gene 1 23 17 -0.00216427 0 102 -0.00216427 1
gene 1 23 18 -1.2975 0 103 -1.2975 1
gene 1 23 19 0.94917 0 104 0.94917 1
gene 1 23 20 2.59086 0 105 2.59086 1
gene 1 25 10 -1.0347 0 117 -1.0347 1
gene 1 25 11 -1.01652 0 118 -1.01652 1
gene 1 25 12 2.49143 0 119 2.49143 1
gene 1 25 13 -1.3158 0 120 -1.3158 1
gene 1 25 14 -0.612039 0 121 -0.612039 1
gene 1 25 15 1.14556 0 122 1.14556 1
gene 1 25 16 1.17031 0 123 1.17031 1
gene 1 25 18 -2.75158 0 125 -2.75158 1
gene 1 25 19 -0.867858 0 126 -0.867858 1
gene 1 27 10 1.67137 0 139 1.67137 1
gene 1 27 11 -3.11133 0 140 -3.11133 1
gene 1 27 12 1.9175 0 141 1.9175 1
gene 1 27 13 -0.72035 0 142 -0.72035 1
gene 1 27 14 0.297123 0 143 0.297123 1
gene 1 27 15 -3.97491 0 144 -3.97491 1
gene 1 27 16 0.344276 0 145 0.344276 1
gene 1 27 17 3.78487 0 146 3.78487 1
gene 1 27 18 -0.457699 0 147 -0.457699 1
gene 1 27 19 0.529887 0 148 0.529887 1
gene 1 28 10 3.08303 0 150 3.08303 1
gene 1 28 11 0.0387301 0 151 0.0387301 1
gene 1 28 12 -0.562653 0 152 -0.562653 1
gene 1 28 13 1.46493 0 153 1.46493 1
gene 1 28 14 -0.802783 0 154 -0.802783 1
gene 1 28 15 -0.929564 0 155 -0.929564 1
gene 1 28 16 0.914816 0 156 0.914816 1
gene 1 28 17 0.861424 0 157 0.861424 1
gene 1 28 18 1.01957 0 158 1.01957 1
gene 1 28 19 -0.0856063 0 159 -0.0856063 1
gene 1 28 20 2.98262 0 160 2.98262 1
gene 1 11 17 1.28104 0 163 1.28104 1
gene 1 27 28 1.07066 0 577 1.07066 1
gene 1 5 20 0.512964 0 678 0.512964 1
gene 1 21 23 2.40327 0 810 2.40327 1
gene 1 6 17 1.01396 0 1225 1.01396 1
gene 1 89 14 0.133661 0 1988 0 1
gene 1 11 12 0.302415 0 2194 0.302415 1
gene 1 6 10 -0.964804 0 2430 -0.964804 1
genomeend 369
